x	y	error	kd_x_mean	kd_y_mean	organism
-0.219	5.668	416.532700634151	-3.71484152549086	6.64998713558853	anopheles
-0.261	6.094	462.006127606363	-3.95709970099811	7.79757541351487	anopheles
-1.17	12.06	692.840219161031	-2.58949281610207	9.45658126060415	anopheles
-1.549	5.609	222.840988033166	-3.55656270369596	5.52561222575	anopheles
-1.774	4.912	189.46344194252	-3.38693555107671	5.47055400024473	anopheles
-10.03	9.28	290.919334447286	-7.62574980225713	10.3014526246551	anopheles
-14.222	12.272	753.583508498797	-7.54896038562046	10.5548790166842	anopheles
-14.917	13.567	83.166252907933	-14.8636497625421	12.9569973587244	anopheles
-15.582	11.891	126.338597394797	-16.2928944435366	12.7725090163616	anopheles
-15.617	13.55	84.1486676146329	-15.0218139272463	13.0613691494791	anopheles
-15.649	11.957	112.655187249872	-16.2819639285595	12.7391659049565	anopheles
-15.9	13.55	72.2847322425338	-16.3498385734278	13.4264456966841	anopheles
-15.9	13.583	75.1420767499393	-16.0319236994649	13.2819124079898	anopheles
-16.033	13.417	116.815609250971	-15.0361947471485	13.0260097099124	anopheles
-4.235	11.15	265.651001205102	-6.62438007881004	10.9108440946539	anopheles
-4.472	11.233	209.064650023807	-6.31216844479769	11.3722298802214	anopheles
-4.535	11.235	216.941945275024	-6.45491278301342	11.0907684293759	anopheles
-4.823	5.898	66.8951960590763	-4.24202122884282	5.76218133897388	anopheles
-5.9	13.21	155.796935147558	-6.2009743079097	11.8985651822288	anopheles
-6.13	13.2	171.438760165453	-6.10846092481214	11.6900413741433	anopheles
-7.81	10.83	88.4247302115013	-7.29892036375252	11.0336487513394	anopheles
-7.84	12.68	186.55770303329	-6.37215344057748	11.8218631972965	anopheles
-7.87	12.69	233.459235905901	-5.96786272656925	11.7219183698271	anopheles
-8.08	12.81	253.32483277702	-6.14199485840712	11.5843502205865	anopheles
-8.15	12.89	261.505246131556	-6.52748430973572	11.2003914841738	anopheles
-8.16	12.9	258.365907494701	-6.37827149219609	11.4521904946531	anopheles
-8.2	12.2	54.0063982224065	-7.98555625544528	11.7999185659316	anopheles
-8.33	11.47	171.391190117772	-6.84359107474933	11.605457347385	anopheles
-8.45	11.88	66.8980926443668	-7.85365255937427	11.7636188343613	anopheles
-9.53	8.48	252.517655441268	-7.83979595817803	9.78869769981275	anopheles
10.056	2.855	257.048482982568	12.3078632544934	3.38393321227892	anopheles
10.457	5.479	1774.99047955497	-5.00352579550436	9.93085265962859	anopheles
10.593	5.484	273.566065653187	12.6509294797601	4.12073599141204	anopheles
10.868	5.726	528.320100263807	9.93850836910597	5.68635937170673	anopheles
10.934	2.817	218.613379429685	12.5128356242077	3.99653587250665	anopheles
11.11	5.88	999.439405263245	3.22853700089416	7.6524134669454	anopheles
11.141	6.097	228.511781271978	12.8002030761309	4.86987857151188	anopheles
11.5	3.516	2033.75168477643	-5.5264076382369	10.5324153410367	anopheles
11.506	3.88	59.9722078853678	11.2393399292191	3.43938133758189	anopheles
11.507	3.805	1587.20888951983	-1.05254033515159	9.32395921193817	anopheles
11.516	3.972	84.4294830844738	11.7012280975519	3.94094608371475	anopheles
11.519	3.369	181.843564857419	12.6901156897263	4.51832778017099	anopheles
11.535	4.166	243.797895869172	10.0860657707466	5.82411705515681	anopheles
11.539	3.87	1966.88018016807	-5.20716365196985	9.91462005903692	anopheles
11.632	4.332	1506.26380665986	-0.520705911375873	8.89805265344423	anopheles
12.629	6.469	2112.04097587536	-5.95171534723949	11.281112537913	anopheles
13.111	6.751	2149.96728825987	-6.07098385011296	10.4406240025306	anopheles
13.132	6.915	1971.2857871205	-4.53060994425189	9.81447597048917	anopheles
13.133	6.997	2063.40682433669	-5.40365586813352	9.71922142423787	anopheles
13.174	6.806	2082.16243223882	-5.42374917759741	10.2501409862999	anopheles
13.209	7.107	186.192400568129	13.4539904857551	5.44125895520747	anopheles
13.302	-8.884	127.939433776172	12.8873688228316	-7.8389300404681	anopheles
13.4	7.323	1991.2550129769	-4.5524098580048	9.4860770026218	anopheles
13.462	7.335	1170.31140745449	3.97223863244682	7.74580589766246	anopheles
13.503	8.888	2206.97810608638	-6.47208453637689	11.4818629034952	anopheles
13.506	9.119	1296.73478797301	3.2769162188691	7.35366103577909	anopheles
13.516	8.579	2091.85313932631	-5.45556458196539	10.3031903791531	anopheles
13.52	8.801	2129.49206975353	-5.82585792409814	10.1940512912898	anopheles
13.529	8.66	2153.58799309712	-5.88720536491035	11.7123549115211	anopheles
13.53	8.534	2263.77186281626	-6.85692607075727	11.8975244634924	anopheles
13.533	8.981	2064.96705197082	-5.2343220725806	10.3533206134319	anopheles
13.54	8.722	2084.74932346794	-5.37660033484981	10.395480296067	anopheles
13.547	7.783	2015.22320261201	-4.65990547582837	9.80211909897948	anopheles
13.551	7.399	275.638738705418	13.2446883795105	4.92539562375168	anopheles
13.554	7.3	1217.29408539479	3.80462309402214	7.59748828715297	anopheles
13.558	4.341	165.285060959683	12.315923159243	4.81348368415154	anopheles
13.56	9.424	2138.44741755704	-5.91317516158803	10.5387660427722	anopheles
13.564	8.525	2227.66176063916	-6.53913104693124	11.4868956175158	anopheles
13.578	7.354	2012.27814878711	-4.50506600231379	10.0841663215328	anopheles
13.581	7.82	1285.27516857457	3.02200889330305	7.45371952290717	anopheles
13.594	9.438	2101.45656713727	-5.54549213316349	10.4488703291727	anopheles
13.599	8.098	2148.19769338597	-5.68693129581244	11.4897560393778	anopheles
13.603	8.513	2113.92142517168	-5.55112292777233	10.4445725129888	anopheles
13.607	7.902	2062.93669644346	-4.97966830953705	10.5501522092828	anopheles
13.641	8.199	2092.98504283931	-5.25724645328213	10.6717818226589	anopheles
13.644	8.476	2022.2076821608	-4.71694181556533	9.57732331849513	anopheles
13.656	9.049	2260.5198758568	-6.80665583534595	11.8034124448472	anopheles
13.714	8.394	2205.34404016301	-6.23139132468274	10.8269848426235	anopheles
13.823	9.513	2206.37848629875	-6.27297158774903	10.7662799414498	anopheles
13.844	4.777	693.56165380251	7.82720422067008	6.12698296053543	anopheles
13.859	9.703	2075.4476104397	-5.06310517604604	10.4403371606999	anopheles
13.864	9.784	2180.63607225877	-6.02253383533506	10.6621894597145	anopheles
13.893	9.774	557.096553184157	13.0198244904427	4.81255413580655	anopheles
13.905	9.764	2210.51224978385	-6.25263102991797	10.6955495328333	anopheles
13.95	9.765	881.455732029041	6.95549794571574	5.90585192587656	anopheles
14.143	10.188	2182.6356073496	-5.78638975184163	10.5080625178241	anopheles
14.149	10.05	2189.03756641186	-5.83249279064578	10.588907689909	anopheles
14.188	10.211	1458.98916998522	0.939443908082643	10.4221310833504	anopheles
14.193	10.102	2206.73030306347	-5.94848520053262	10.2908532849127	anopheles
14.212	10.708	2165.33721931194	-5.59109191013477	10.912652934829	anopheles
14.217	10.256	1512.08733560673	0.500244247340907	10.4199403317645	anopheles
14.228	10.368	2144.01742108744	-5.35443464085349	10.4250347375923	anopheles
14.228	10.462	1412.53724502239	3.35139409834792	8.39671963565842	anopheles
14.236	10.342	2183.92948277005	-5.69922469294727	10.1156761383481	anopheles
14.242	10.425	2165.59964084496	-5.53977957841073	10.4709962271935	anopheles
14.254	10.3	1438.15224502594	3.576650276967	7.54282309193542	anopheles
14.255	10.495	2137.83746432899	-5.26683615138255	10.2362010016308	anopheles
14.265	10.522	2241.72118593617	-6.22680846374448	11.595335575606	anopheles
14.29	10.658	2206.23386104185	-5.86896130030135	10.4225685289495	anopheles
14.442	5.747	1066.53564823876	5.09446607003624	6.93167795711547	anopheles
18.583	4.367	1249.53367973414	7.48667221596007	6.21725793250712	anopheles
21.017	4.283	503.047257003624	16.5108899542276	4.68672367113652	anopheles
29.701	-0.751	449.981466961614	33.7228972824901	-0.604758828145969	anopheles
31.651	-1.962	379.246583322344	34.8314222406932	-1.17969552055889	anopheles
34.026	0.77	84.0037030457607	33.6075285302221	0.304051928342779	anopheles
35.299	-23.716	238.645981891278	37.2140909943421	-23.9441724030016	anopheles
38.948	-4.94	164.370978467412	40.2674525208309	-5.3249668330659	anopheles
39.909	-3.511	255.651772239425	41.2944007998954	-5.30486703051979	anopheles
45.081	-12.703	47.8667803672797	45.3941986202417	-13.0075935869635	anopheles
45.104	-12.852	20.542779079071	45.2705922468729	-12.8555523867979	anopheles
45.122	-12.797	25.6053028526388	45.2355631505327	-12.9133462321184	anopheles
45.142	-12.738	34.8946009428359	45.3420273515124	-12.9849289641226	anopheles
45.143	-12.779	13.4782251208299	45.2266805437717	-12.8292379691337	anopheles
45.155	-12.857	29.3025193872679	45.4163606365634	-12.9210471646756	anopheles
45.156	-12.991	27.5804959584402	45.371789784419	-12.9547827002365	anopheles
8.7	3.7	57.1898512088416	9.16450154651702	3.65294043357829	anopheles
9.455	0.384	29.9547365224082	9.60825565536391	0.488439438735841	anopheles
9.721	4.055	160.069604687836	10.9497955923651	3.30028619118242	anopheles
9.817	2.367	126.557524142616	10.8994540569344	2.63518391169366	anopheles
9.927	2.949	443.397530528028	13.6605198911748	4.36668909354175	anopheles
9.983	2.367	179.392803109438	10.2534167817382	0.767605968755796	anopheles
-0.450589257393999	6.4127567873196	400.890019763815	-0.669768859059787	9.78859130601795	plasmodium
-0.820530824908428	10.7776518794834	6.96105878004684	-0.828991300902008	10.7535652627545	plasmodium
-1.19722578657396	5.56096425690114	463.609368262619	-0.969651610431322	9.69897419775984	plasmodium
-1.44857251067032	6.80361567081216	363.720019767122	-0.964569721215763	10.0260213744703	plasmodium
-1.65797819105272	7.70608839886317	343.941204662719	-0.859569116294754	10.6528544597815	plasmodium
-10.2304157759393	13.8729130930277	617.775892382277	-4.91217555705776	12.0474956838297	plasmodium
-10.6581516685923	10.4900274063871	696.470632816078	-4.72292779200607	11.4081408518775	plasmodium
-12.1255836774436	15.3769998379733	559.780190300805	-7.57174465479599	13.0681497335481	plasmodium
-14.1602743268945	13.3937787643649	161.168111841023	-13.3780064981628	13.2555971298824	plasmodium
-15.5869117251822	12.8932391227058	376.60345238942	-12.7258936534534	12.899890698907	plasmodium
-16.0085469425709	13.5074405235941	378.762783336371	-12.6036824369179	12.9604436747845	plasmodium
-16.4015587974171	13.2453956506771	172.858460323441	-14.8376096366599	13.1903450100146	plasmodium
-17.2654175478361	14.754650571506	483.36367771804	-13.3455103880475	13.1974811188828	plasmodium
-3.51140945433094	14.7051525084303	520.390368373219	-0.868938718266078	10.780872468483	plasmodium
-4.06497606998656	5.42029539675511	608.272937355795	-1.26322480788933	10.0182863290384	plasmodium
-4.33212116013286	11.3678241953156	376.403523467663	-0.939546817509768	10.7768017746052	plasmodium
-5.69784924579184	13.8114346849378	621.657416602921	-0.892207914024514	10.7697113242383	plasmodium
-6.55896423061274	11.4325074896702	615.035290287604	-1.1482523250149	10.7920672444332	plasmodium
-7.09017921834709	18.1937014223261	738.371908074554	-5.73245389462983	12.4710738708349	plasmodium
-7.645231383147	13.6253391950819	499.416987226985	-3.76655653975334	11.8218974682754	plasmodium
-7.97913454916132	12.6110174188952	528.306028035847	-3.54436375348292	11.5678705972046	plasmodium
-8.89905996049923	8.43731555009309	806.595590554067	-1.85887427269064	10.3925746680771	plasmodium
-9.83234529216278	16.5654259090742	609.746337876924	-6.3846538545261	12.7166205930763	plasmodium
0.0658734217876137	5.82174804930117	490.542085425383	-0.747577394641401	10.172654304208	plasmodium
0.392035023600393	7.26900173621754	391.488939470649	-0.875146575925693	10.4535864888194	plasmodium
11.9525367419304	1.40159143191829	491.983038101137	9.28307622851362	4.94563311045318	plasmodium
15.9042405034987	-4.43671015741757	8.83330375638217	15.876422273162	-4.4069377602352	plasmodium
2.22164272154415	6.61191556046479	60.3072981161667	2.18909165689142	6.54855630800787	plasmodium
2.41178984100103	6.36469471347767	227.717668894895	1.12960553026519	7.63539685627706	plasmodium
3.56494717621637	6.52705822200217	646.167573444094	-1.17103384683524	9.7628477381383	plasmodium
30.4028272881467	-4.76434034703418	46.9811421021569	30.3082183781607	-4.61976360620952	plasmodium
31.453920192687	-1.88038614575828	181.257513965782	31.7437264553691	-2.74036155183832	plasmodium
32.5718422248767	2.11937445464846	1308.75516877198	25.3605302287477	1.24912807083819	plasmodium
32.8017965486535	15.8436791599915	137.092509019255	31.9374576330478	15.6442203473018	plasmodium
32.8040834968137	-23.3204720636176	852.456810765478	35.0368934282192	-15.9819943757367	plasmodium
34.7089457551876	-16.1643739589344	33.9781136597445	34.6158390903442	-15.9770857319519	plasmodium
34.8344002008458	-0.163032851639986	96.233728871727	34.6870468890532	-0.797793305825401	plasmodium
35.4269531544933	-15.3987938001198	103.642496732415	34.7617663593502	-16.0704722684887	plasmodium
35.7507751540327	15.9886906936577	286.18306477563	33.097713384402	15.7116281253168	plasmodium
36.9891468169358	-7.92283003354922	323.421587343727	37.8857773599263	-5.34848337472361	plasmodium
38.0473116933426	11.5624639132834	330.243094031192	36.3886694665418	12.7373645829759	plasmodium
38.2818781220775	-5.21799598658367	22.4422991486746	38.2566726039677	-5.18685440328644	plasmodium
38.4069461756218	-9.48065848365116	303.551764997841	37.7491906780501	-7.63966001939924	plasmodium
38.765441584725	7.50723661125819	112.870063316748	38.7179595318606	8.4249010167144	plasmodium
39.6868881751874	-3.17440401978248	8.91882323884598	39.6403868652135	-3.17387154877645	plasmodium
4.37256482536008	8.98254625067003	594.224927814827	-0.725226074214117	9.87581949093209	plasmodium
46.6846703947569	-16.5369911196133	1486.084195514	33.1527371048478	-14.9255550132751	plasmodium
46.862307875923	-21.8562364485673	1411.79494074208	34.8802548582818	-16.1164979715853	plasmodium
9.29018208761911	5.19815000469969	24.1647791908295	9.10675379413102	5.2557866071882	plasmodium
