	sampleID	sample_weight	x	y
0	tsk_3201	0.0029879074952581016	37.1095495543173	8.475178278879106
1	tsk_818	0.0034598637682914176	48.35173204322674	43.45275135674894
2	tsk_6279	0.008455917420483666	16.55387891436771	24.72527475399052
3	tsk_5307	0.0012125607379669585	29.911025338303286	41.81357999462968
4	tsk_2633	0.001822238236238298	37.824714579274485	44.561047525050974
5	tsk_3060	0.0020290614793798756	41.05693007468425	41.655483033795385
6	tsk_9200	0.0026344525510392093	25.94327699156614	19.70812267341277
7	tsk_7960	0.0017586508201075705	46.78456032660842	24.901893264836115
8	tsk_2228	0.006689660905945165	18.225449419558515	7.723215720361405
9	tsk_5919	0.002082162379598633	28.72990847834976	19.398955895796195
10	tsk_10464	0.0014422977099102035	47.90552224170644	12.031839016457107
11	tsk_9040	0.0017192287731185108	45.26548156037029	17.32261841743697
12	tsk_8637	0.0011223733174027663	27.76287184585584	9.300785017041786
13	tsk_8294	0.001327640590066991	43.99273665099778	35.575322434235666
14	tsk_11151	0.0023399984918438827	44.95476255714746	49.04696993784961
15	tsk_1795	0.0015577146913381373	25.3699865313457	28.940766615022195
16	tsk_11663	0.002842720810568717	42.16346017480873	46.3171204987794
17	tsk_7816	0.00148613076446696	44.4200401417852	37.25441619573131
18	tsk_2791	0.002553506334756471	33.00662923310772	23.30542372662687
19	tsk_9624	0.00140487188946362	29.95053664571744	8.362819780294176
20	tsk_922	0.0015257184933065153	34.16162734996489	46.19590610333365
21	tsk_4108	0.0019202420519019074	41.34942203954101	7.777238978274378
22	tsk_8266	0.0015848251900339838	48.08255123573142	12.52237826171674
23	tsk_1213	0.001892026371739037	44.056750538054	47.766027757385565
24	tsk_10568	0.002046622844849722	29.697445244729003	34.4922531065051
25	tsk_9794	0.002928119021925434	30.839318046648817	25.51741609372634
26	tsk_10814	0.0018268827841757098	44.41213844053179	21.26467174611814
27	tsk_3338	0.001271494740958859	34.73560182473811	20.368930580152004
28	tsk_2958	0.0014035290227744457	48.46594831026619	9.56102731474798
29	tsk_4586	0.0015312630545254446	43.20842225017888	22.48091751992577
30	tsk_2122	0.0018988638660273822	42.41430657701773	23.621713400742504
31	tsk_5450	0.0013066554674832523	26.31888991460012	28.84687123589816
32	tsk_10833	0.0014488599679729514	43.81328688668936	33.7197100093463
33	tsk_5581	0.0025567831609098453	36.54230474818759	38.447988780860896
34	tsk_8128	0.0020244513065363033	29.94619848991541	33.984874506588206
35	tsk_5829	0.0014038042956762177	26.54141719821707	7.024888019633586
36	tsk_11121	0.007581437526583071	13.32732783146696	12.08019029192801
37	tsk_4894	0.0014580264679529588	29.98656918178144	7.142864361015876
38	tsk_11032	0.0024549948193424652	47.44683967285791	41.25684665710497
39	tsk_1722	0.002877123542774696	30.41579009150465	25.889982834316207
40	tsk_10590	0.005409422419307973	17.31450012730684	9.682428796275271
41	tsk_407	0.0036396349764792045	48.85224053737982	34.571614026478926
42	tsk_10615	0.005858727337185088	23.451130914832977	21.969047429674827
43	tsk_11063	0.0014268345108449506	44.3932199712304	38.90759813825576
44	tsk_8888	0.0016835244563536333	32.02147851198494	48.15550360948383
45	tsk_7170	0.002091717324597956	44.43544186829577	46.85202326035234
46	tsk_2366	0.001308238085231014	31.713374138733883	30.26167459571702
47	tsk_1022	0.002058731440140495	46.47049280257537	30.649848830186656
48	tsk_3642	0.0012429265435898998	27.74245366987568	10.038828143999323
49	tsk_9207	0.00149823025145429	32.62975779590108	19.69627714303641
50	tsk_9253	0.0031794030307426887	33.55587684656997	37.1200319632494
51	tsk_8336	0.001573112443231939	47.57389920652139	12.484810708691851
52	tsk_687	0.002411099389933968	48.74108824667524	21.573300944392543
53	tsk_1100	0.0018689239006916252	45.04563499770493	23.50502740142407
54	tsk_9167	0.0022864522500003013	36.06242575802075	4.91911681366839
55	tsk_11027	0.0031154099567187866	35.84518934626723	3.1066754937258603
56	tsk_2419	0.003120291955849569	45.49658393815109	5.231526253324676
57	tsk_7716	0.0016868550760698764	43.6982295419832	32.55571166571051
58	tsk_2728	0.0012705347046543063	37.09749786129428	28.446108312644085
59	tsk_1973	0.0017434331697124806	42.110051937979314	32.151364863695946
60	tsk_7684	0.001429506050507088	38.69899590818878	43.91733440260973
61	tsk_11092	0.002548206521735103	42.92010490549541	13.736864607885902
62	tsk_5049	0.002409695141337185	39.77340755834654	29.85090490957019
63	tsk_156	0.001565712065527245	37.916119625028784	27.340126083854525
64	tsk_7348	0.0019513612258994224	44.08422571821583	29.19344225407432
65	tsk_2481	0.008784022684378114	4.95522968804304	6.767890831928903
66	tsk_2587	0.0016492778607899814	40.26738445297236	42.83231469435574
67	tsk_8672	0.0020170366552532694	43.72126511244841	43.741908165248624
68	tsk_3193	0.009099464886215602	7.219975647410015	12.853261683977957
69	tsk_6924	0.0013438917636754127	46.59434628056418	28.83883227458421
70	tsk_571	0.0051348636377180675	48.74358706986242	18.26425881804892
71	tsk_3046	0.006613701974330257	17.254740936680214	13.644424011580476
72	tsk_6998	0.0023834921845621	26.65062387620821	34.25027989030959
73	tsk_11325	0.002417537001689467	31.72190605456804	10.648276740292618
74	tsk_5488	0.0019321227157518685	25.889509925426392	15.99664914722304
75	tsk_2022	0.003052559731052249	35.55370053091798	35.23273019738335
76	tsk_9127	0.003997872349341056	25.55604126630296	1.934907529801838
77	tsk_8644	0.008629015774773856	2.9415850474921985	28.38053139598041
78	tsk_8433	0.0019893625701723123	28.237117567601768	44.85010324964887
79	tsk_4118	0.0014646784246012043	36.50999528366433	27.76540997204868
80	tsk_6984	0.0014746462499196122	27.06040628443176	14.849363549880906
81	tsk_4476	0.002099286258348084	25.96031275409757	17.49343457225773
82	tsk_9881	0.0017974967672826749	46.59267327115085	11.787752973126228
83	tsk_10122	0.0017572032240244138	39.17761859422498	16.531102876038215
84	tsk_3541	0.0012716946197373485	36.686581105356254	18.20650599716833
85	tsk_5521	0.009124432782155937	3.192196941133803	1.6837056834293536
86	tsk_4276	0.002150188089701279	38.08985140872507	6.136627723391316
87	tsk_2214	0.0030054054793245536	38.51328222531942	1.930764680798162
88	tsk_835	0.0026100567129864363	37.55067682228747	38.5602918037283
89	tsk_3433	0.007814949376799975	13.428490809880255	23.204215179962787
90	tsk_10298	0.0025673863441601596	27.255273224290463	46.30295624962038
91	tsk_4329	0.0011868472690840085	33.79543001815755	19.41155457887007
92	tsk_4796	0.001025015393631194	36.204669220739554	29.689321239996968
93	tsk_1699	0.0016714283383885416	32.67622855558018	43.10159607228869
94	tsk_2517	0.0011109014714424177	34.98748504234482	19.57319868077472
95	tsk_8899	0.0020685555195698916	25.2272871971335	9.406481346832695
96	tsk_6743	0.003025116900812426	48.76906225132126	47.5031613085542
97	tsk_9798	0.0032946240136145907	44.64798802816883	5.860382108391389
98	tsk_2446	0.002265833108126236	25.32126795056502	12.680548913861344
99	tsk_1851	0.0011502179182245323	42.76855120903651	34.99297629703137
100	tsk_5795	0.001135728036895435	27.598268170148664	8.024513640027491
101	tsk_8951	0.0011750648690061602	34.248127782818514	18.75178722464452
102	tsk_4607	0.002286405887218965	45.16930800989324	32.697700969337355
103	tsk_4661	0.0014507015265665295	38.28830850785344	43.18170246238195
104	tsk_4011	0.002031433573980588	30.70266873470121	17.749193689161704
105	tsk_1393	0.002027658446136909	30.29638261251157	22.31983111769712
106	tsk_11062	0.002337540148545683	40.60931510967305	24.64095545945412
107	tsk_6308	0.0012814489120488888	36.06065871909354	14.62410119920948
108	tsk_7522	0.0055938943757436865	11.813899256062168	18.40321207964353
109	tsk_5104	0.002972903727189562	36.51684126570388	25.195105121358093
110	tsk_1784	0.0014975650325868913	47.63793869325869	29.04515587514695
111	tsk_11107	0.009124395012477048	8.676099948855045	34.64886243168407
112	tsk_971	0.0030423709420572442	33.970929412408985	36.868612055790805
113	tsk_2057	0.0012957529010190448	31.79202154543734	30.142497488519663
114	tsk_324	0.0010636943163077328	35.765492736468886	29.1233618825485
115	tsk_5417	0.009029823411918162	12.71486558689544	4.675392071971469
116	tsk_5195	0.003404450614494636	42.519688312188016	49.1538607580687
117	tsk_10781	0.0020639249993070203	41.98208749961214	18.98138926926977
118	tsk_11834	0.0012644397949993888	26.48413128057792	8.214648618338542
119	tsk_5226	0.007005037592817913	22.975456194434223	35.443443484319126
120	tsk_6003	0.0015789543775055024	28.29524401784237	13.714327113424906
121	tsk_4998	0.0017893882149706331	25.563170651950475	9.404407585300945
122	tsk_8208	0.0014464137216819632	39.45172049066813	43.79338734907447
123	tsk_11118	0.0038309831220376856	27.443375545940665	36.987453656975774
124	tsk_8088	0.0026347795951271206	25.666047528209663	42.42491594857872
125	tsk_3138	0.0029567607483108136	27.633562349083466	47.502114625467165
126	tsk_10287	0.0019441323959928656	40.5825578020712	9.721558823245992
127	tsk_3039	0.0016830401337583852	39.559894283156346	18.85071735156172
128	tsk_10543	0.0013421661782793118	31.651169086446767	29.87401671373341
129	tsk_7327	0.001848506936770568	30.63393023325889	29.23610711155364
130	tsk_6992	0.0017400664081130288	45.08837540533945	16.27705158546397
131	tsk_10838	0.0021056218787924783	28.72113120363905	17.61837597077336
132	tsk_10577	0.0024795513131570038	29.470446167895467	35.570798318745155
133	tsk_7669	0.002257686206994919	31.908027266335992	7.03183521961427
134	tsk_2853	0.0026538905379571358	47.62583775103785	1.733144269914871
135	tsk_5267	0.0027115020407768795	46.22330907864417	34.24096279210921
136	tsk_11232	0.002842899181886229	40.555543217273886	5.58310249740906
137	tsk_9903	0.0020683433761908916	27.358374422271304	33.15751420784412
138	tsk_11005	0.0019638823612081295	37.83903228207856	25.689326486548875
139	tsk_10989	0.0013115915277649751	42.21528601601918	37.1993909036968
140	tsk_628	0.0015043367802656433	48.76547211779892	9.517547927949074
141	tsk_7238	0.0014836825492867958	33.172609598241415	46.37598399145621
142	tsk_3389	0.0013566980612050418	26.57753710407065	28.05412692392733
143	tsk_967	0.004202746205022035	48.97947665731434	32.47116306261126
144	tsk_1101	0.0010941358588852671	35.382738328159284	30.89986790872382
145	tsk_4172	0.0010483823097358163	34.61031521900665	30.14714744244684
146	tsk_2947	0.002430737776452105	35.180420731344405	8.772760444355487
147	tsk_8311	0.001997258064834186	26.668455488025185	42.25598114771842
148	tsk_4949	0.0017263489089549807	47.50652620948964	24.27935580487048
149	tsk_6657	0.003411568638482526	46.81084003995629	44.76173707611956
150	tsk_787	0.0020031908595587486	36.3658138719797	42.65605099870815
151	tsk_6460	0.0017832974065758126	42.52237952113587	29.66446228754733
152	tsk_7846	0.0016173630865844717	27.524228849360146	43.65872272818124
153	tsk_1098	0.008897786775531701	19.92691968549577	19.65800441055136
154	tsk_9265	0.0019272934703918835	48.66244279804594	23.120962557919107
155	tsk_4594	0.0015161202659466247	33.988853972621705	47.53383714818506
156	tsk_7211	0.0015999113813996348	26.585015209996275	13.75381920728299
157	tsk_8360	0.0011752325313636135	35.85432317012567	15.302445733227614
158	tsk_11824	0.0016074169825309973	30.13582100430853	6.452508486912866
159	tsk_1037	0.0024146535916406125	34.705289698856674	8.514381554096255
160	tsk_9103	0.0014805559755853178	38.160127814137525	20.035628803299307
161	tsk_1171	0.001753761419677435	41.39563321615655	1.3972469797993778
162	tsk_549	0.003092268409928188	36.90183408362055	48.80546474399891
163	tsk_8536	0.0011498709638436536	42.82164617964701	35.01948059578208
164	tsk_9657	0.0032947776530821466	31.9390834897234	34.47729365898641
165	tsk_3591	0.0013951520804471517	33.72760741220211	15.407529213571252
166	tsk_10910	0.002082352675724679	45.04349988845116	18.93201787326068
167	tsk_7850	0.0022095352816853225	42.55594350101193	44.62836831890248
168	tsk_4544	0.0017649825881588877	29.41677696908232	14.652696065829154
169	tsk_4025	0.009124753173953474	13.683122462954938	36.64573067942093
170	tsk_6529	0.0018928234254325506	31.02187498007665	11.854840256515384
171	tsk_1986	0.0015209045227716352	43.334473831058965	22.211331105178992
172	tsk_6806	0.0016992039347576758	27.60013376195977	16.25431584525173
173	tsk_2043	0.002055092172346091	39.69965385882907	15.909670961105638
174	tsk_9639	0.002325471171117008	25.58227858780949	17.763551073583734
175	tsk_5807	0.0017094367287394038	38.485426210559446	20.571806872127105
176	tsk_631	0.00185595777466379	38.6327358652359	25.876299664599607
177	tsk_7982	0.0045095304421379	14.814479754800065	45.57943016372128
178	tsk_4749	0.0012305797534156572	42.94362429324322	39.95176021654679
179	tsk_2287	0.002330591405199174	32.974653847156794	48.9902558626906
180	tsk_8209	0.001966823325911701	28.587025768958988	24.326162121887943
181	tsk_3781	0.0033657239740798287	47.43804400147233	16.50223473763734
182	tsk_11594	0.006744322058679792	18.81255985669785	43.54082825036862
183	tsk_2807	0.002473025385209461	34.79052510052687	8.912412504285589
184	tsk_4731	0.0019560362596220725	49.07806691603962	8.116186701533454
185	tsk_6595	0.004422735618910262	19.470088530090525	46.38115913299495
186	tsk_10462	0.0020750038483493857	29.613922261473025	32.57628654006661
187	tsk_1566	0.0026582384848482317	47.054923397197925	47.61833432165195
188	tsk_3625	0.0021691737352475733	45.26858381594629	9.711602660532815
189	tsk_10936	0.0011727607370540245	42.99593820725144	36.36708961663892
190	tsk_1819	0.0013245752003409731	32.540860984141766	31.053555345530533
191	tsk_7119	0.0011558086725103394	30.677754155136064	41.29882699622575
192	tsk_3972	0.0021762864050566422	31.25635474383639	14.81034976318904
193	tsk_4285	0.00236151117094595	38.44817379095225	4.107953193452241
194	tsk_2257	0.001921035971148413	44.050141118373126	48.178922277861126
195	tsk_2049	0.0028033379145237305	30.97269777320418	38.1298269157969
196	tsk_6585	0.0019588834544311596	35.06028456142573	42.54324429860844
197	tsk_4714	0.002381809482238068	26.138555664192182	31.73379502760792
198	tsk_961	0.0018181335620802272	42.98577606104827	29.432031291959795
199	tsk_3095	0.002050126192773338	46.60365043759744	41.193505359744506
200	tsk_7435	0.003012700682612427	38.96235369908122	48.1909178976204
201	tsk_3539	0.0035093392321453383	28.53166985001154	2.453515294679661
202	tsk_2453	0.005949083635065272	8.705654543813054	7.600792598678199
203	tsk_8593	0.0032764713814206715	33.783383615594715	24.13752681619613
204	tsk_11523	0.0011648695081809828	36.71782885319511	30.415064609848123
205	tsk_2213	0.0022705550929636156	36.09039347899252	4.900451751387166
206	tsk_6152	0.0013550943526632418	29.76371039503352	9.181596000580376
207	tsk_2564	0.0012994941052317144	33.61020986307765	31.14684071240618
208	tsk_8196	0.0015198672117443745	35.395824490844525	31.96710706916949
209	tsk_128	0.0019813192907818127	38.6317995224502	41.58010470582524
210	tsk_6771	0.0017852572306510934	41.43743019767483	2.8331898701889564
211	tsk_8985	0.001995352139787237	29.94369364600984	39.02160498093165
212	tsk_11487	0.0016539718505731316	41.55887111070517	2.4267935005251235
213	tsk_6383	0.0028495707000514956	39.34052527625469	38.91629879206147
214	tsk_1033	0.001873913822609391	32.69194913979884	43.675104337286726
215	tsk_10381	0.0019067476267171858	26.050902699332653	24.75004777012285
216	tsk_9233	0.0013144305868032634	36.94189552653922	15.53828897505696
217	tsk_1630	0.009101846760152237	17.582727453284	29.629700141172105
218	tsk_4926	0.0016749441058788042	38.68589308804141	28.6021055447814
219	tsk_11094	0.0013482306561327722	34.06700973444821	28.89428603931616
220	tsk_5968	0.0026973288174526665	36.02211701413142	39.36414298589389
221	tsk_11275	0.00417730352757413	18.10170341381648	46.447244646592566
222	tsk_1334	0.0013329609654151742	26.20253974051714	29.046305255033964
223	tsk_7310	0.0013880295908902797	41.42951466400144	35.00770977936954
224	tsk_354	0.0035288831006472284	49.0135815357959	37.03700508502106
225	tsk_4538	0.0015200156647459907	33.57985855185745	14.654531045798269
226	tsk_10596	0.002049998630483842	44.599575632273286	19.26904251776651
227	tsk_3232	0.002538158965386499	26.013445306309627	22.793301080953256
228	tsk_3314	0.001765218181135086	26.69549707526528	43.82344432486215
229	tsk_2980	0.0015856984858353905	44.220317657914016	42.21834569425866
230	tsk_9974	0.001441304500855843	31.70308849433578	40.50456630428126
231	tsk_9156	0.006044397546855005	10.17876241880575	8.607260257440633
232	tsk_3265	0.0017914781644661091	32.40141837142327	21.176940003196968
233	tsk_10962	0.0013159277798148062	26.395622614566715	28.337856213509724
234	tsk_998	0.0017081379935615652	46.35146805678243	8.256248150647265
235	tsk_8230	0.002181658132820706	28.16075036239365	40.020193218817255
236	tsk_9133	0.0021527865092932294	33.6228817289689	22.30707611856295
237	tsk_4917	0.002398416038756348	48.074005284408464	6.572201191783205
238	tsk_8167	0.0014332250730012517	34.06353070294442	46.716852897270094
239	tsk_4388	0.0018960413479869422	38.62110861998834	15.229710519013052
240	tsk_7171	0.0033640738419786114	49.01405426018511	36.75836493455633
241	tsk_9373	0.002124275391059955	41.80207478887091	7.580963016825449
242	tsk_4818	0.008624789074368908	6.506969173985118	28.255479705850043
243	tsk_2182	0.0026072459366101555	28.272555817722004	3.852508893386041
244	tsk_8005	0.00552232488752647	24.17946450379528	0.9296647824591237
245	tsk_3395	0.0015551401161094094	28.12800696780907	42.87152677067608
246	tsk_6536	0.002107190662696092	43.06668471207228	1.4505960367418125
247	tsk_7220	0.0019871276535560656	37.39911505003455	5.111671175484193
248	tsk_10025	0.002613844734531841	26.163223731855165	19.844148036839307
249	tsk_6655	0.001545315280054178	29.103667332536563	11.843039554982225
250	tsk_6041	0.0015176632745596535	29.333849580971386	40.18177006547249
251	tsk_5516	0.0013305937532864154	47.8368091958344	10.312134527682684
252	tsk_8654	0.0021529961045598386	45.74800633053699	48.10867122059061
253	tsk_6547	0.0015331582379725043	37.75057847263298	20.241211852224456
254	tsk_1495	0.0027830079267060323	36.520597109674384	35.786502507478765
255	tsk_3890	0.0009902565961394454	35.5312418844065	29.986678848211785
256	tsk_10400	0.0011070083484418423	27.47411011887572	8.662776471295558
257	tsk_11697	0.0016529752830709518	44.89736462189356	17.086529740441456
258	tsk_8862	0.0016730120994359024	42.7854764965835	30.517506076985413
259	tsk_8569	0.0017694159151072921	26.42280463772658	5.917011350483239
260	tsk_2903	0.008212877519415983	22.012753075927463	41.69059558457513
261	tsk_4852	0.0013343292711535887	37.7471800626974	19.24187909019573
262	tsk_3459	0.0018566627916561061	43.68730442389949	16.54140082701625
263	tsk_9054	0.0011497991710380188	35.098888951167915	19.80375018271846
264	tsk_2141	0.002173263531657896	49.0088302581551	24.47938306955695
265	tsk_5537	0.0017523440459253276	44.646956223206494	23.375673954695102
266	tsk_3959	0.0029885624332086046	47.43729202921818	5.150889429966922
267	tsk_238	0.0021190097079735707	30.63442626286865	48.82101201184763
268	tsk_2672	0.002032104660652212	29.133071598993297	23.935254545668904
269	tsk_9901	0.0013601628085405206	29.14963287220633	41.18422575497144
270	tsk_2773	0.0013968905688830262	37.48361136820802	16.223327637863573
271	tsk_179	0.0016928181949697105	40.81642134424539	34.14512162314896
272	tsk_8755	0.0011771447712779195	35.40383088185106	15.690918927458965
273	tsk_5657	0.00847393271692421	12.0580609678791	26.36311180363401
274	tsk_550	0.003017823923259672	46.2601377907338	1.9682147059351904
275	tsk_101	0.00737188000166978	22.208609450060013	25.530977786634683
276	tsk_375	0.0016336659018764137	27.77583331725222	28.363413286596234
277	tsk_11465	0.0015129433421735559	44.1879808056363	41.92157735890942
278	tsk_10739	0.002098851755419515	48.42959340338267	13.274044760008048
279	tsk_9985	0.0014395337696305546	47.56777085404391	27.58630894690374
280	tsk_9034	0.0014939893520057596	27.328208302332865	15.23770501111418
281	tsk_4279	0.0015413667323185044	44.96894909447491	41.32293209676893
282	tsk_8291	0.0013084785374104682	34.09599122833346	15.548068322219027
283	tsk_5025	0.0013275456482979902	29.350079252712128	10.468079724873787
284	tsk_712	0.002563216848472192	37.44249992595128	47.22991579980269
285	tsk_8074	0.0023294225324399253	29.183932215768525	31.53792003371236
286	tsk_6702	0.0019281427932229909	41.72857920441684	19.51040761339632
287	tsk_10768	0.0017609816854530405	38.83864786072836	28.917594664682376
288	tsk_7061	0.0011720687143082155	33.91998448058979	19.70572067139821
289	tsk_625	0.0018451006744856922	26.29402513039266	25.60520782451338
290	tsk_2845	0.001664106238514879	41.89579807944173	2.384466885012665
291	tsk_713	0.001296254565980775	43.63231136415612	40.64897063319783
292	tsk_6587	0.0031012464868208954	25.171529502112868	32.430638307349845
293	tsk_2723	0.002357109797453339	30.39248965650468	5.139029045005335
294	tsk_11309	0.002117430949467248	27.42287315858636	34.281352507098426
295	tsk_4903	0.00192993763023335	45.03247645270991	15.689921945103684
296	tsk_406	0.0013895572491059076	29.44091598399598	10.90489751689139
297	tsk_2789	0.0025225114978202814	39.232676961687865	35.4315018248591
298	tsk_11817	0.0025823678571208672	25.865570071540592	44.8240797298137
299	tsk_3914	0.0018924398847546726	41.53766037716374	20.710189602352035
300	tsk_2518	0.0019104512651559043	36.32215629530216	32.44413612030821
301	tsk_10032	0.004603143925624693	14.262288644198955	45.24279565890883
302	tsk_10106	0.0014102004075337944	48.28081461370064	11.332650385750483
303	tsk_8028	0.0017774615624430508	29.6895635221816	14.211238639966874
304	tsk_9505	0.0018729253824592374	29.750300282584018	21.493308810520247
305	tsk_11279	0.001529090664626391	34.497017524763486	46.47250848897987
306	tsk_2445	0.002929413604858082	24.57705141085666	12.652073788141452
307	tsk_1387	0.0011439402362768663	35.2376210224999	18.554842026316003
308	tsk_8879	0.0018979770433721888	25.68488478190056	6.535043729792773
309	tsk_66	0.0028166335949987294	49.23047766823712	46.26758287116541
310	tsk_525	0.001733395894882752	25.232765943255863	29.509728867014573
311	tsk_8560	0.002652000268196085	48.10137620489473	21.165265797258048
312	tsk_10508	0.001868967717752874	34.370669564291376	42.23327491264598
313	tsk_1750	0.0014418452533124884	38.11040698748921	17.96337685515624
314	tsk_10846	0.00167846547048465	47.24645387849961	25.34498357096049
315	tsk_1956	0.0017013948505351288	26.32401270409581	13.471822488931473
316	tsk_10665	0.0020939948470274877	35.40911764743486	41.58061396542049
317	tsk_2654	0.0015047682880870062	41.60975047523685	33.49078528987934
318	tsk_7920	0.0023910085573991455	48.01287580415656	30.67212419706887
319	tsk_8084	0.0015498401234792258	35.17014150267339	13.859973292046362
320	tsk_10894	0.001219188531546393	27.552908267269235	9.841366296383343
321	tsk_9289	0.0023837969284904066	43.23781690325321	1.1001684241491712
322	tsk_733	0.0014508553804224796	36.26417003418986	14.237289021993895
323	tsk_3626	0.002655333479193694	43.75827279410485	9.257801246920597
324	tsk_5706	0.001534665270042027	32.31225307988669	31.570727794154013
325	tsk_11030	0.002929417326693064	38.0983839132983	32.56674586194051
326	tsk_7147	0.0010623788538591838	36.32967730782136	30.252189745636475
327	tsk_11266	0.0019505949885422215	40.03243076785519	20.643177742749344
328	tsk_2936	0.0012656469121117824	31.23621610127121	42.35600747037186
329	tsk_9299	0.00300386973083031	46.80742231630367	36.00192814664836
330	tsk_9269	0.002138735261567062	43.40390407721755	24.457611353305545
331	tsk_1271	0.005063524712606512	16.147503480913976	11.709884758432135
332	tsk_4230	0.001716134407989957	39.26011410690747	44.69234458650121
333	tsk_7260	0.001489336471915643	32.500951808839304	41.29234720844913
334	tsk_8092	0.0018364406941186345	27.359716654717563	25.09065806265607
335	tsk_10351	0.0020487674823366636	48.7919681151847	22.557043012316765
336	tsk_9701	0.0011887985655747778	42.516448815343175	34.4053919983734
337	tsk_5382	0.0020055456663423833	40.461266610379	1.5393530558581432
338	tsk_4403	0.0017500454247869595	42.26428384174435	30.126367008144165
339	tsk_536	0.004181622096968365	27.32377110552293	1.0634212700082772
340	tsk_18	0.002752395075402509	28.863476318778226	48.61918954812026
341	tsk_10602	0.0012735680766526843	28.77414090749369	7.348957587585079
342	tsk_5069	0.001379606064812145	46.21137582877442	28.494951814873623
343	tsk_7213	0.0011906235982314176	42.61355016839678	39.02251067644048
344	tsk_8296	0.0013444764177005498	46.622945877049965	27.791304756674403
345	tsk_3581	0.008102253097855321	15.15270233810162	19.537319397918264
346	tsk_8707	0.0026230619645165078	47.694269613615866	1.8382017712905625
347	tsk_6566	0.0013646456176414775	47.29959908560481	28.776771434278963
348	tsk_10448	0.0011775868159807506	35.69253709198393	18.41025387940669
349	tsk_9629	0.0018608208051306694	30.304310957913305	47.651371487614654
350	tsk_3173	0.0025525326435616082	42.523083552065806	13.83730003253884
351	tsk_4158	0.001999026004650596	42.8136077674167	43.83031857700151
352	tsk_5734	0.0017617980232346243	30.73470368725552	47.57327648032745
353	tsk_3401	0.0022194111623421164	27.20305365518601	22.74031765947489
354	tsk_7102	0.002216468721435695	25.378472660659018	25.20423978294869
355	tsk_5434	0.002716783767541848	38.46700064708433	35.71452065668158
356	tsk_5650	0.0020541890496849546	39.37380675836644	25.2823134207906
357	tsk_5917	0.004871441902469922	37.683130689410696	11.30907716502448
358	tsk_3667	0.0011509249283865252	42.98969474830584	38.33133329164214
359	tsk_1780	0.00865404485076037	10.541663864388916	46.127001968017055
360	tsk_9292	0.0021332661935318234	26.563399494616508	5.14621865900853
361	tsk_9131	0.001630067510277491	27.780410206379003	28.730650050726503
362	tsk_11881	0.0018452114539904447	41.0637266045737	39.21975614224891
363	tsk_1832	0.002223742118224755	47.15075012419227	41.63441124675408
364	tsk_2710	0.0012410919164511113	43.70978950278888	36.92657513540862
365	tsk_3682	0.002167460949710758	48.65411049599759	26.585625772162004
366	tsk_5287	0.0029615647564606934	48.32111869222198	2.8982695155098925
367	tsk_7860	0.0055830171449192285	25.017124330723863	37.217367967040026
368	tsk_7486	0.0018960790070084214	29.45530547104265	21.32590342550981
369	tsk_8570	0.0012238804807237268	43.52795472148357	40.02858008604811
370	tsk_2252	0.005931638963233394	18.637215231014505	48.75324408564133
371	tsk_8675	0.001872677888476759	29.85564108168935	43.80213388872156
372	tsk_8037	0.0017746074896167763	31.79549594254477	46.43262739203275
373	tsk_1143	0.0013338652844951556	33.97471833847279	15.061541648550802
374	tsk_9135	0.0014666359869111188	47.302343048915695	8.472130140768872
375	tsk_1530	0.0017779399664742048	28.97554205916029	5.538199027982291
376	tsk_10644	0.0017738311529118692	30.40294059370884	19.79560751048703
377	tsk_7231	0.0019229426307480653	35.62147744303487	47.28224179863871
378	tsk_9336	0.0030034457350758895	49.44385263041264	45.99313912863597
379	tsk_8690	0.0026174113350756587	32.61764178511555	7.278647988150989
380	tsk_7632	0.003548234559524029	39.319073783587896	48.955449676462166
381	tsk_5183	0.0021657772969660757	40.41000419046036	10.087720938714751
382	tsk_7316	0.0011710751404863608	42.701827023517154	38.6932816903425
383	tsk_3012	0.0023844350896874084	40.75585033402386	25.27931415972972
384	tsk_6705	0.001837517974797658	30.336017605454145	18.79643596548508
385	tsk_8989	0.0017121222140845723	45.951349555884384	26.967167594024403
386	tsk_3035	0.002314710792078451	42.84129668252714	14.287119329419616
387	tsk_5060	0.00129022919273197	31.629376076138804	40.996210374712696
388	tsk_281	0.0016136549934527278	32.00600699163642	28.87569060685184
389	tsk_11156	0.004507031022508185	36.78007574804065	1.1166244815251465
390	tsk_6506	0.0014231988583620183	39.09100236497467	42.88941535658965
391	tsk_11149	0.0023150527451689176	38.93931952665357	6.843863508978563
392	tsk_19	0.0017432439005648523	40.82158866273184	8.547522094296836
393	tsk_6840	0.0014377687229656095	48.14332078328991	8.61978479739852
394	tsk_8271	0.005699864929303383	12.234898247557007	16.862325482604625
395	tsk_6692	0.001596592654985702	43.31289482742173	21.40186136606278
396	tsk_8728	0.009127643457346093	6.008007567246013	42.92905537122336
397	tsk_8289	0.001247601929028582	34.4908210006773	28.945141034095684
398	tsk_7789	0.002513783245630474	41.36139893089194	16.561473878823318
399	tsk_10191	0.0018705834374508315	40.936949065475766	9.573617614425306
400	tsk_618	0.0021981742949379163	31.657370652228856	16.90119908807257
401	tsk_9554	0.0011772102418212028	30.557063038680365	41.92728605690765
402	tsk_10986	0.001841154171479131	30.7861250207565	12.271562931510696
403	tsk_11800	0.002094726676461194	45.1600148472894	8.43861355924442
404	tsk_7827	0.009137275757511821	3.992791087741221	48.81757051200179
