	sampleID	sample_weight	x	y
0	tsk_3201	5.3862306670776735e-06	37.1095495543173	8.475178278879106
1	tsk_818	2.0861085585276068e-05	48.35173204322674	43.45275135674894
2	tsk_5307	2.50116466117294e-06	29.911025338303286	41.81357999462968
3	tsk_2633	3.122387795732929e-06	37.824714579274485	44.561047525050974
4	tsk_3060	1.7377949925247762e-06	41.05693007468425	41.655483033795385
5	tsk_2228	0.0009719713603023992	18.225449419558515	7.723215720361405
6	tsk_5919	3.90465511287174e-06	28.72990847834976	19.398955895796195
7	tsk_4964	1.83557857808023e-05	25.00435927007738	43.221088856019385
8	tsk_10464	6.2771745359570586e-06	47.90552224170644	12.031839016457107
9	tsk_9040	2.6897433391058427e-06	45.26548156037029	17.32261841743697
10	tsk_8637	4.111944848318138e-06	27.76287184585584	9.300785017041786
11	tsk_8294	1.6877694605029382e-06	43.99273665099778	35.575322434235666
12	tsk_11151	3.4568209234113534e-05	44.95476255714746	49.04696993784961
13	tsk_1795	1.9767543517256672e-05	25.3699865313457	28.940766615022195
14	tsk_11663	5.685806219188925e-06	42.16346017480873	46.3171204987794
15	tsk_7816	1.84898562895908e-06	44.4200401417852	37.25441619573131
16	tsk_2791	2.641947983075481e-06	33.00662923310772	23.30542372662687
17	tsk_9624	4.202651727302704e-06	29.95053664571744	8.362819780294176
18	tsk_235	0.0018032426171488796	15.777324002866756	42.761384951228166
19	tsk_4108	4.038226302704837e-06	41.34942203954101	7.777238978274378
20	tsk_8266	6.832884797173875e-06	48.08255123573142	12.52237826171674
21	tsk_1213	1.3497242672649123e-05	44.056750538054	47.766027757385565
22	tsk_10568	6.220904524424759e-06	29.697445244729003	34.4922531065051
23	tsk_9794	3.5501866225147337e-06	30.839318046648817	25.51741609372634
24	tsk_10814	2.3449336834335382e-06	44.41213844053179	21.26467174611814
25	tsk_3338	1.7551447559474722e-06	34.73560182473811	20.368930580152004
26	tsk_4586	2.2343262811158376e-06	43.20842225017888	22.48091751992577
27	tsk_5439	3.001428752070869e-06	45.55547968557414	22.072708694145607
28	tsk_2122	2.3696816308922836e-06	42.41430657701773	23.621713400742504
29	tsk_5450	1.2177688203524501e-05	26.31888991460012	28.84687123589816
30	tsk_10332	2.316584249520762e-06	43.85371592755515	14.310983857805
31	tsk_10833	1.781302808701959e-06	43.81328688668936	33.7197100093463
32	tsk_5581	2.4816120352875455e-06	36.54230474818759	38.447988780860896
33	tsk_7706	1.3607664999388436e-06	41.39928150971711	37.184446892414925
34	tsk_8128	5.784473754688108e-06	29.94619848991541	33.984874506588206
35	tsk_5829	8.53608483568458e-06	26.54141719821707	7.024888019633586
36	tsk_11121	0.0020782554593498774	13.32732783146696	12.08019029192801
37	tsk_4894	5.665114231653254e-06	29.98656918178144	7.142864361015876
38	tsk_11032	9.108269115522444e-06	47.44683967285791	41.25684665710497
39	tsk_1722	3.765232252124938e-06	30.41579009150465	25.889982834316207
40	tsk_10590	0.0010147781882674472	17.31450012730684	9.682428796275271
41	tsk_407	1.7127333032463285e-05	48.85224053737982	34.571614026478926
42	tsk_10615	7.422394117283529e-05	23.451130914832977	21.969047429674827
43	tsk_11063	1.9539770443327688e-06	44.3932199712304	38.90759813825576
44	tsk_8888	1.2283568704018313e-05	32.02147851198494	48.15550360948383
45	tsk_7170	9.330159863567973e-06	44.43544186829577	46.85202326035234
46	tsk_2366	3.1347619527778605e-06	31.713374138733883	30.26167459571702
47	tsk_387	5.0918309926369034e-06	42.75924638929462	45.93202351114648
48	tsk_1022	4.282366460523672e-06	46.47049280257537	30.649848830186656
49	tsk_3642	3.842323872849673e-06	27.74245366987568	10.038828143999323
50	tsk_9207	1.8851117179257335e-06	32.62975779590108	19.69627714303641
51	tsk_9253	3.537293797390075e-06	33.55587684656997	37.1200319632494
52	tsk_4393	3.683619366268731e-06	46.27264352915876	10.911522671391692
53	tsk_8336	5.424414786251735e-06	47.57389920652139	12.484810708691851
54	tsk_687	1.1377511314523228e-05	48.74108824667524	21.573300944392543
55	tsk_1100	2.9016429656843554e-06	45.04563499770493	23.50502740142407
56	tsk_9167	1.2563780572385836e-05	36.06242575802075	4.91911681366839
57	tsk_11027	2.7802692239769432e-05	35.84518934626723	3.1066754937258603
58	tsk_2419	9.39335410010416e-06	45.49658393815109	5.231526253324676
59	tsk_7716	1.908876384837229e-06	43.6982295419832	32.55571166571051
60	tsk_2728	2.362324402188768e-06	37.09749786129428	28.446108312644085
61	tsk_1973	1.7480450277549096e-06	42.110051937979314	32.151364863695946
62	tsk_7684	2.659747837859509e-06	38.69899590818878	43.91733440260973
63	tsk_4910	1.4857026515266654e-05	49.23224488564362	15.166501577880322
64	tsk_11092	2.2717189664543355e-06	42.92010490549541	13.736864607885902
65	tsk_2367	3.976352096525982e-06	37.42771082139278	10.752475891424726
66	tsk_5049	2.1611760420305756e-06	39.77340755834654	29.85090490957019
67	tsk_156	2.5442611569813784e-06	37.916119625028784	27.340126083854525
68	tsk_2481	0.029285987062033902	4.95522968804304	6.767890831928903
69	tsk_2587	2.0783868340827947e-06	40.26738445297236	42.83231469435574
70	tsk_8672	3.0870982702123773e-06	43.72126511244841	43.741908165248624
71	tsk_3193	0.019118525617897727	7.219975647410015	12.853261683977957
72	tsk_6924	4.667751331570152e-06	46.59434628056418	28.83883227458421
73	tsk_571	1.1553428813449575e-05	48.74358706986242	18.26425881804892
74	tsk_3046	0.0011953309783519065	17.254740936680214	13.644424011580476
75	tsk_6998	1.689067383812977e-05	26.65062387620821	34.25027989030959
76	tsk_5488	8.737309376247929e-06	25.889509925426392	15.99664914722304
77	tsk_9127	0.00018059816167273233	25.55604126630296	1.934907529801838
78	tsk_8433	5.417672120047987e-06	28.237117567601768	44.85010324964887
79	tsk_4118	2.4519408518908104e-06	36.50999528366433	27.76540997204868
80	tsk_6984	4.809437227581846e-06	27.06040628443176	14.849363549880906
81	tsk_4476	9.972855728819092e-06	25.96031275409757	17.49343457225773
82	tsk_9881	3.8665219691612206e-06	46.59267327115085	11.787752973126228
83	tsk_10122	1.7714564574871661e-06	39.17761859422498	16.531102876038215
84	tsk_3541	1.5453618217842593e-06	36.686581105356254	18.20650599716833
85	tsk_5521	0.2882908001645877	3.192196941133803	1.6837056834293536
86	tsk_4276	7.158975003593126e-06	38.08985140872507	6.136627723391316
87	tsk_2214	3.239584387175472e-05	38.51328222531942	1.930764680798162
88	tsk_5355	2.0782106048661333e-06	43.84123989927142	18.23841447080881
89	tsk_835	2.1657546146597514e-06	37.55067682228747	38.5602918037283
90	tsk_3433	0.026499488397569826	13.428490809880255	23.204215179962787
91	tsk_10298	1.3813696525743656e-05	27.255273224290463	46.30295624962038
92	tsk_4329	1.6872480928541354e-06	33.79543001815755	19.41155457887007
93	tsk_4796	2.255155571478838e-06	36.204669220739554	29.689321239996968
94	tsk_1699	2.1298009110755574e-06	32.67622855558018	43.10159607228869
95	tsk_2517	1.627116208092391e-06	34.98748504234482	19.57319868077472
96	tsk_8899	9.085154964372113e-06	25.2272871971335	9.406481346832695
97	tsk_6743	8.052773281833009e-05	48.76906225132126	47.5031613085542
98	tsk_2623	1.5027210354370116e-05	44.88068676245456	47.662647451737
99	tsk_1089	3.583085694303588e-06	46.33970859404192	19.78790264065953
100	tsk_9798	6.577329564100352e-06	44.64798802816883	5.860382108391389
101	tsk_2446	8.604185985118456e-06	25.32126795056502	12.680548913861344
102	tsk_1851	1.4626801712767402e-06	42.76855120903651	34.99297629703137
103	tsk_5795	5.2018497231869605e-06	27.598268170148664	8.024513640027491
104	tsk_8951	1.5977823556872339e-06	34.248127782818514	18.75178722464452
105	tsk_4607	2.5630568283112704e-06	45.16930800989324	32.697700969337355
106	tsk_4661	2.3538831347909696e-06	38.28830850785344	43.18170246238195
107	tsk_4011	2.227698702540782e-06	30.70266873470121	17.749193689161704
108	tsk_1393	3.3851112461199186e-06	30.29638261251157	22.31983111769712
109	tsk_11062	2.5703599176416763e-06	40.60931510967305	24.64095545945412
110	tsk_7522	0.006995248433956368	11.813899256062168	18.40321207964353
111	tsk_5104	2.6751188665259834e-06	36.51684126570388	25.195105121358093
112	tsk_1784	7.1539285657258306e-06	47.63793869325869	29.04515587514695
113	tsk_11107	0.03863505504539176	8.676099948855045	34.64886243168407
114	tsk_971	3.50677255701e-06	33.970929412408985	36.868612055790805
115	tsk_2057	3.084368157738702e-06	31.79202154543734	30.142497488519663
116	tsk_324	2.308346623760259e-06	35.765492736468886	29.1233618825485
117	tsk_3210	3.1739073213205893e-06	44.7813183016021	9.67916105262804
118	tsk_5417	0.012740965421790155	12.71486558689544	4.675392071971469
119	tsk_5195	2.7893910541381757e-05	42.519688312188016	49.1538607580687
120	tsk_11834	6.554996935329508e-06	26.48413128057792	8.214648618338542
121	tsk_5226	0.00018788461659516935	22.975456194434223	35.443443484319126
122	tsk_6003	3.2602485188769435e-06	28.29524401784237	13.714327113424906
123	tsk_4998	7.816257482324002e-06	25.563170651950475	9.404407585300945
124	tsk_8208	2.5413809983655144e-06	39.45172049066813	43.79338734907447
125	tsk_11118	1.0296393599405826e-05	27.443375545940665	36.987453656975774
126	tsk_8088	1.1797798514215583e-05	25.666047528209663	42.42491594857872
127	tsk_3138	2.2549768774185818e-05	27.633562349083466	47.502114625467165
128	tsk_10287	3.4336570589716824e-06	40.5825578020712	9.721558823245992
129	tsk_3039	1.6629945363168154e-06	39.559894283156346	18.85071735156172
130	tsk_10543	3.1070219005343273e-06	31.651169086446767	29.87401671373341
131	tsk_7327	3.5447142092313945e-06	30.63393023325889	29.23610711155364
132	tsk_6992	2.6282899605553172e-06	45.08837540533945	16.27705158546397
133	tsk_10838	3.420388083304736e-06	28.72113120363905	17.61837597077336
134	tsk_10577	6.449933260672097e-06	29.470446167895467	35.570798318745155
135	tsk_7669	6.717773393212089e-06	31.908027266335992	7.03183521961427
136	tsk_2853	0.00011053619119885898	47.62583775103785	1.733144269914871
137	tsk_5267	3.524667199752327e-06	46.22330907864417	34.24096279210921
138	tsk_11232	6.407251809488482e-06	40.555543217273886	5.58310249740906
139	tsk_11005	2.689955258083511e-06	37.83903228207856	25.689326486548875
140	tsk_10989	1.3544084112620386e-06	42.21528601601918	37.1993909036968
141	tsk_628	1.145744472269754e-05	48.76547211779892	9.517547927949074
142	tsk_7238	4.714453021672584e-06	33.172609598241415	46.37598399145621
143	tsk_11303	3.265400395559643e-06	28.671492112238862	42.067928106669605
144	tsk_3389	1.0628233518383318e-05	26.57753710407065	28.05412692392733
145	tsk_967	1.7254644050917467e-05	48.97947665731434	32.47116306261126
146	tsk_1101	2.344289815731474e-06	35.382738328159284	30.89986790872382
147	tsk_4172	2.3916799557706074e-06	34.61031521900665	30.14714744244684
148	tsk_2947	5.554173244147395e-06	35.180420731344405	8.772760444355487
149	tsk_8311	6.965399988791595e-06	26.668455488025185	42.25598114771842
150	tsk_199	4.437688367623735e-06	46.41349763097278	28.18320906906665
151	tsk_4949	6.21567929275265e-06	47.50652620948964	24.27935580487048
152	tsk_10976	2.5111253872014184e-06	44.56669001501188	13.88938041241918
153	tsk_6657	1.0609355087346804e-05	46.81084003995629	44.76173707611956
154	tsk_787	2.2894067285464797e-06	36.3658138719797	42.65605099870815
155	tsk_6460	2.2592472563075524e-06	42.52237952113587	29.66446228754733
156	tsk_1098	0.0009316527390351749	19.92691968549577	19.65800441055136
157	tsk_9265	1.1033870960278156e-05	48.66244279804594	23.120962557919107
158	tsk_4594	8.523249590863129e-06	33.988853972621705	47.53383714818506
159	tsk_7211	5.320064723705178e-06	26.585015209996275	13.75381920728299
160	tsk_6573	1.8539343646639591e-06	39.99295567299392	31.85514176512524
161	tsk_8360	1.944440938397657e-06	35.85432317012567	15.302445733227614
162	tsk_11824	7.125921999357115e-06	30.13582100430853	6.452508486912866
163	tsk_1037	5.757662040224e-06	34.705289698856674	8.514381554096255
164	tsk_9103	1.7070207138100394e-06	38.160127814137525	20.035628803299307
165	tsk_1171	3.4490601735502094e-05	41.39563321615655	1.3972469797993778
166	tsk_8536	1.4667874409542703e-06	42.82164617964701	35.01948059578208
167	tsk_9657	4.322610219955093e-06	31.9390834897234	34.47729365898641
168	tsk_3591	1.938498783342971e-06	33.72760741220211	15.407529213571252
169	tsk_10910	2.5210005629362334e-06	45.04349988845116	18.93201787326068
170	tsk_7850	3.289943741185332e-06	42.55594350101193	44.62836831890248
171	tsk_4544	2.705740561361555e-06	29.41677696908232	14.652696065829154
172	tsk_4025	0.02321627955439924	13.683122462954938	36.64573067942093
173	tsk_3464	2.037414817200227e-06	42.9417709080517	21.27651680971256
174	tsk_3615	1.5405232233083718e-05	45.54765189794593	3.9616773932514233
175	tsk_6529	2.8611467154302785e-06	31.02187498007665	11.854840256515384
176	tsk_1986	2.2103643997819158e-06	43.334473831058965	22.211331105178992
177	tsk_6806	4.407264674977575e-06	27.60013376195977	16.25431584525173
178	tsk_2043	1.887578295143659e-06	39.69965385882907	15.909670961105638
179	tsk_9639	1.2597534197560859e-05	25.58227858780949	17.763551073583734
180	tsk_5807	1.794921013321636e-06	38.485426210559446	20.571806872127105
181	tsk_631	2.6940589280868538e-06	38.6327358652359	25.876299664599607
182	tsk_7982	0.001898225850652088	14.814479754800065	45.57943016372128
183	tsk_4749	1.598483672686406e-06	42.94362429324322	39.95176021654679
184	tsk_2287	2.148171138126447e-05	32.974653847156794	48.9902558626906
185	tsk_8209	5.529856016156152e-06	28.587025768958988	24.326162121887943
186	tsk_3781	5.57695629570748e-06	47.43804400147233	16.50223473763734
187	tsk_11594	0.0006147168806852192	18.81255985669785	43.54082825036862
188	tsk_2807	5.409205113264827e-06	34.79052510052687	8.912412504285589
189	tsk_4731	1.778029829073604e-05	49.07806691603962	8.116186701533454
190	tsk_6595	0.0006833872664477432	19.470088530090525	46.38115913299495
191	tsk_10462	5.557759424967893e-06	29.613922261473025	32.57628654006661
192	tsk_6099	3.3077951936754903e-06	45.83570484609749	31.65689928256567
193	tsk_1566	3.1423058321381335e-05	47.054923397197925	47.61833432165195
194	tsk_3625	3.3580431466239608e-06	45.26858381594629	9.711602660532815
195	tsk_10936	1.4304063594754425e-06	42.99593820725144	36.36708961663892
196	tsk_1819	2.9738301593540365e-06	32.540860984141766	31.053555345530533
197	tsk_7119	2.3298734926064713e-06	30.677754155136064	41.29882699622575
198	tsk_3972	2.24897383377488e-06	31.25635474383639	14.81034976318904
199	tsk_4285	1.2005323020431837e-05	38.44817379095225	4.107953193452241
200	tsk_2257	1.694745129001414e-05	44.050141118373126	48.178922277861126
201	tsk_2049	3.667997098221108e-06	30.97269777320418	38.1298269157969
202	tsk_6585	2.2243107954798703e-06	35.06028456142573	42.54324429860844
203	tsk_4714	1.7069419835664815e-05	26.138555664192182	31.73379502760792
204	tsk_11404	5.820823685181916e-06	47.53622570174907	20.359951952482465
205	tsk_961	2.359849895913589e-06	42.98577606104827	29.432031291959795
206	tsk_3095	5.6051931332007575e-06	46.60365043759744	41.193505359744506
207	tsk_7435	1.5253085330353504e-05	38.96235369908122	48.1909178976204
208	tsk_4281	6.119558522647397e-06	28.26856732134987	7.024979685985198
209	tsk_2453	0.00690991161653804	8.705654543813054	7.600792598678199
210	tsk_8593	2.693831347286566e-06	33.783383615594715	24.13752681619613
211	tsk_11523	2.20593776086074e-06	36.71782885319511	30.415064609848123
212	tsk_2213	1.2599729982342324e-05	36.09039347899252	4.900451751387166
213	tsk_6152	3.6355033853277446e-06	29.76371039503352	9.181596000580376
214	tsk_2564	2.6886493787193933e-06	33.61020986307765	31.14684071240618
215	tsk_8196	2.4785642850071212e-06	35.395824490844525	31.96710706916949
216	tsk_128	1.9536218552780436e-06	38.6317995224502	41.58010470582524
217	tsk_6771	1.5914793901047296e-05	41.43743019767483	2.8331898701889564
218	tsk_8985	3.561495749735942e-06	29.94369364600984	39.02160498093165
219	tsk_11487	1.9349914036557418e-05	41.55887111070517	2.4267935005251235
220	tsk_6383	1.6752152693792513e-06	39.34052527625469	38.91629879206147
221	tsk_1033	2.2569755609682663e-06	32.69194913979884	43.675104337286726
222	tsk_9233	1.8975531923217625e-06	36.94189552653922	15.53828897505696
223	tsk_11094	2.4663423754733886e-06	34.06700973444821	28.89428603931616
224	tsk_11275	0.0009504891000194868	18.10170341381648	46.447244646592566
225	tsk_1334	1.2968942611646442e-05	26.20253974051714	29.046305255033964
226	tsk_7310	1.4287469062778284e-06	41.42951466400144	35.00770977936954
227	tsk_354	2.2098805154723266e-05	49.0135815357959	37.03700508502106
228	tsk_4538	2.145671998008701e-06	33.57985855185745	14.654531045798269
229	tsk_10596	2.3146581575004493e-06	44.599575632273286	19.26904251776651
230	tsk_3232	1.4912094964637983e-05	26.013445306309627	22.793301080953256
231	tsk_3314	7.96934033565486e-06	26.69549707526528	43.82344432486215
232	tsk_2980	2.6068793683299745e-06	44.220317657914016	42.21834569425866
233	tsk_9974	2.3591504422133615e-06	31.70308849433578	40.50456630428126
234	tsk_9156	0.004373530000789462	10.17876241880575	8.607260257440633
235	tsk_3265	2.224200735543479e-06	32.40141837142327	21.176940003196968
236	tsk_10962	1.1569306958343769e-05	26.395622614566715	28.337856213509724
237	tsk_998	5.1955839222460425e-06	46.35146805678243	8.256248150647265
238	tsk_8230	4.593335194987438e-06	28.16075036239365	40.020193218817255
239	tsk_9133	2.302293527351769e-06	33.6228817289689	22.30707611856295
240	tsk_4917	1.5254911219729198e-05	48.074005284408464	6.572201191783205
241	tsk_8167	5.6520085718496e-06	34.06353070294442	46.716852897270094
242	tsk_4388	2.012299435166334e-06	38.62110861998834	15.229710519013052
243	tsk_4637	1.494662688536641e-06	43.38137578017708	36.90378853794184
244	tsk_7171	2.1771467487595332e-05	49.01405426018511	36.75836493455633
245	tsk_9373	4.055117033472171e-06	41.80207478887091	7.580963016825449
246	tsk_4818	0.16746885254485797	6.506969173985118	28.255479705850043
247	tsk_2182	2.633126893544462e-05	28.272555817722004	3.852508893386041
248	tsk_8005	0.0007107733461339187	24.17946450379528	0.9296647824591237
249	tsk_3395	3.951942181573872e-06	28.12800696780907	42.87152677067608
250	tsk_6536	3.5694127996392735e-05	43.06668471207228	1.4505960367418125
251	tsk_4670	1.9083433367665933e-06	38.54833129805999	37.29827073987785
252	tsk_7220	9.995465275875602e-06	37.39911505003455	5.111671175484193
253	tsk_10025	1.1599471821144548e-05	26.163223731855165	19.844148036839307
254	tsk_6655	2.959312822621021e-06	29.103667332536563	11.843039554982225
255	tsk_6041	3.269342369930496e-06	29.333849580971386	40.18177006547249
256	tsk_5516	6.559346297490719e-06	47.8368091958344	10.312134527682684
257	tsk_8654	2.4146058945315712e-05	45.74800633053699	48.10867122059061
258	tsk_6027	2.37857029497235e-06	42.84629540746124	12.855385247285591
259	tsk_6547	1.7248214218605928e-06	37.75057847263298	20.241211852224456
260	tsk_1495	2.697974991495898e-06	36.520597109674384	35.786502507478765
261	tsk_3890	2.290675790144387e-06	35.5312418844065	29.986678848211785
262	tsk_3587	6.924442230937667e-05	22.223506691520203	7.923474897684881
263	tsk_8862	2.112497175329892e-06	42.7854764965835	30.517506076985413
264	tsk_8569	1.2907818084563514e-05	26.42280463772658	5.917011350483239
265	tsk_2903	0.0001383514649388194	22.012753075927463	41.69059558457513
266	tsk_4852	1.611876016744507e-06	37.7471800626974	19.24187909019573
267	tsk_3459	2.1211441729214105e-06	43.68730442389949	16.54140082701625
268	tsk_3572	8.324371368171338e-05	35.158811321487875	1.5452607887608911
269	tsk_9054	1.6516846097924156e-06	35.098888951167915	19.80375018271846
270	tsk_5537	2.7075394366669197e-06	44.646956223206494	23.375673954695102
271	tsk_238	2.267080133004002e-05	30.63442626286865	48.82101201184763
272	tsk_2672	4.765936146150366e-06	29.133071598993297	23.935254545668904
273	tsk_9901	3.0193910704613478e-06	29.14963287220633	41.18422575497144
274	tsk_2773	1.7600061825220792e-06	37.48361136820802	16.223327637863573
275	tsk_179	1.5378857239388879e-06	40.81642134424539	34.14512162314896
276	tsk_8755	1.8391691560369923e-06	35.40383088185106	15.690918927458965
277	tsk_550	5.250581236571705e-05	46.2601377907338	1.9682147059351904
278	tsk_101	0.00019631137683587868	22.208609450060013	25.530977786634683
279	tsk_375	6.8204108090542996e-06	27.77583331725222	28.363413286596234
280	tsk_11465	2.478866693025161e-06	44.1879808056363	41.92157735890942
281	tsk_10739	8.31092167627619e-06	48.42959340338267	13.274044760008048
282	tsk_9985	6.872462739778839e-06	47.56777085404391	27.58630894690374
283	tsk_9034	4.5026834758466005e-06	27.328208302332865	15.23770501111418
284	tsk_4279	2.8615119810234143e-06	44.96894909447491	41.32293209676893
285	tsk_8291	1.8926850577026206e-06	34.09599122833346	15.548068322219027
286	tsk_5025	3.1574857132578284e-06	29.350079252712128	10.468079724873787
287	tsk_563	2.305425854820941e-06	35.51131757888593	42.9186429047917
288	tsk_712	8.63572736041166e-06	37.44249992595128	47.22991579980269
289	tsk_8074	5.560655934204992e-06	29.183932215768525	31.53792003371236
290	tsk_6702	1.7897829885716497e-06	41.72857920441684	19.51040761339632
291	tsk_7061	1.7107237049322282e-06	33.91998448058979	19.70572067139821
292	tsk_625	1.2475649211089447e-05	26.29402513039266	25.60520782451338
293	tsk_2845	1.9812427036428923e-05	41.89579807944173	2.384466885012665
294	tsk_713	1.8898689360620757e-06	43.63231136415612	40.64897063319783
295	tsk_6587	3.148703262742759e-05	25.171529502112868	32.430638307349845
296	tsk_4903	2.6213647548087943e-06	45.03247645270991	15.689921945103684
297	tsk_2789	1.7517908304944712e-06	39.232676961687865	35.4315018248591
298	tsk_11817	1.547445233201871e-05	25.865570071540592	44.8240797298137
299	tsk_3914	1.877106933884545e-06	41.53766037716374	20.710189602352035
300	tsk_2518	2.3771784100710217e-06	36.32215629530216	32.44413612030821
301	tsk_10032	0.002286502735701389	14.262288644198955	45.24279565890883
302	tsk_10106	7.624953632336817e-06	48.28081461370064	11.332650385750483
303	tsk_8028	2.6286701126997148e-06	29.6895635221816	14.211238639966874
304	tsk_9505	3.5477775516283546e-06	29.750300282584018	21.493308810520247
305	tsk_2445	1.2794178583656064e-05	24.57705141085666	12.652073788141452
306	tsk_1387	1.5467332870014733e-06	35.2376210224999	18.554842026316003
307	tsk_8872	0.2743486314233454	2.56203767208442	33.06317993261332
308	tsk_8879	1.3310305324159482e-05	25.68488478190056	6.535043729792773
309	tsk_66	7.067375029036894e-05	49.23047766823712	46.26758287116541
310	tsk_525	2.2119196811374997e-05	25.232765943255863	29.509728867014573
311	tsk_8560	7.790276879289866e-06	48.10137620489473	21.165265797258048
312	tsk_10508	2.1587725043894816e-06	34.370669564291376	42.23327491264598
313	tsk_10162	2.9950286302937332e-06	29.460995295609777	40.62620247629447
314	tsk_1750	1.5986633890829602e-06	38.11040698748921	17.96337685515624
315	tsk_10846	5.759088421620259e-06	47.24645387849961	25.34498357096049
316	tsk_1956	5.781641608176106e-06	26.32401270409581	13.471822488931473
317	tsk_10665	2.2125215663393588e-06	35.40911764743486	41.58061396542049
318	tsk_2654	1.5555531809364944e-06	41.60975047523685	33.49078528987934
319	tsk_7920	8.773321776549466e-06	48.01287580415656	30.67212419706887
320	tsk_8084	2.455643146653515e-06	35.17014150267339	13.859973292046362
321	tsk_10894	4.045583875403751e-06	27.552908267269235	9.841366296383343
322	tsk_9289	4.54323889276456e-05	43.23781690325321	1.1001684241491712
323	tsk_733	2.3150745340589427e-06	36.26417003418986	14.237289021993895
324	tsk_3626	3.121257379090489e-06	43.75827279410485	9.257801246920597
325	tsk_11030	2.054441037514046e-06	38.0983839132983	32.56674586194051
326	tsk_7147	2.232464963893829e-06	36.32967730782136	30.252189745636475
327	tsk_11266	1.8349885259102305e-06	40.03243076785519	20.643177742749344
328	tsk_2936	2.140141846761281e-06	31.23621610127121	42.35600747037186
329	tsk_9299	4.6904137591764e-06	46.80742231630367	36.00192814664836
330	tsk_9269	2.578576458411511e-06	43.40390407721755	24.457611353305545
331	tsk_1271	0.0012908268512331995	16.147503480913976	11.709884758432135
332	tsk_4230	3.179819465996343e-06	39.26011410690747	44.69234458650121
333	tsk_7260	2.1436760599798346e-06	32.500951808839304	41.29234720844913
334	tsk_8092	8.15018716879778e-06	27.359716654717563	25.09065806265607
335	tsk_10351	1.1850645025792498e-05	48.7919681151847	22.557043012316765
336	tsk_9701	1.4860282581361615e-06	42.516448815343175	34.4053919983734
337	tsk_7985	0.0331022485946129	11.87256570214765	33.92063014797805
338	tsk_4756	2.9850330950857478e-06	32.183183024927224	45.06015872380852
339	tsk_4403	2.1422144911647773e-06	42.26428384174435	30.126367008144165
340	tsk_536	0.000255240867897632	27.32377110552293	1.0634212700082772
341	tsk_18	3.0301231468013132e-05	28.863476318778226	48.61918954812026
342	tsk_10602	5.368374544651371e-06	28.77414090749369	7.348957587585079
343	tsk_5069	4.154259607797577e-06	46.21137582877442	28.494951814873623
344	tsk_7213	1.4553866782055474e-06	42.61355016839678	39.02251067644048
345	tsk_4258	5.41535820549228e-06	27.235796942406942	41.844534548462846
346	tsk_8296	4.760807253314308e-06	46.622945877049965	27.791304756674403
347	tsk_3581	0.004783343828183221	15.15270233810162	19.537319397918264
348	tsk_8707	0.00010721376542978834	47.694269613615866	1.8382017712905625
349	tsk_6566	6.134447212820612e-06	47.29959908560481	28.776771434278963
350	tsk_10448	1.537284964353963e-06	35.69253709198393	18.41025387940669
351	tsk_3173	2.248890783857784e-06	42.523083552065806	13.83730003253884
352	tsk_4158	2.7618956868979824e-06	42.8136077674167	43.83031857700151
353	tsk_5734	9.73971351200201e-06	30.73470368725552	47.57327648032745
354	tsk_5434	1.9693727692857046e-06	38.46700064708433	35.71452065668158
355	tsk_5650	2.6770423262472603e-06	39.37380675836644	25.2823134207906
356	tsk_5917	3.643876029087765e-06	37.683130689410696	11.30907716502448
357	tsk_3667	1.4621223379303126e-06	42.98969474830584	38.33133329164214
358	tsk_1780	0.024184779355057376	10.541663864388916	46.127001968017055
359	tsk_9292	1.733849479372986e-05	26.563399494616508	5.14621865900853
360	tsk_11881	1.4396764688374345e-06	41.0637266045737	39.21975614224891
361	tsk_1832	7.89983037502157e-06	47.15075012419227	41.63441124675408
362	tsk_2710	1.576061732265437e-06	43.70978950278888	36.92657513540862
363	tsk_3682	1.1902570459898785e-05	48.65411049599759	26.585625772162004
364	tsk_5287	8.205297985286728e-05	48.32111869222198	2.8982695155098925
365	tsk_5342	0.01237296166387417	18.47203397187592	1.818893730692628
366	tsk_7860	3.502205893676278e-05	25.017124330723863	37.217367967040026
367	tsk_7486	3.7592457560977378e-06	29.45530547104265	21.32590342550981
368	tsk_8570	1.750555631101861e-06	43.52795472148357	40.02858008604811
369	tsk_2252	0.002643360582831278	18.637215231014505	48.75324408564133
370	tsk_8675	2.8284229697838783e-06	29.85564108168935	43.80213388872156
371	tsk_8037	4.918713697467499e-06	31.79549594254477	46.43262739203275
372	tsk_3165	3.963813208160213e-06	46.60448022759671	17.966241874889818
373	tsk_9135	6.776498792006674e-06	47.302343048915695	8.472130140768872
374	tsk_1530	1.0194291426583086e-05	28.97554205916029	5.538199027982291
375	tsk_10644	2.6432117334260695e-06	30.40294059370884	19.79560751048703
376	tsk_7231	8.173715533816313e-06	35.62147744303487	47.28224179863871
377	tsk_9336	7.701289143340897e-05	49.44385263041264	45.99313912863597
378	tsk_6931	2.2331328867004767e-06	40.69642147880818	14.200170431486034
379	tsk_4679	5.619964908883291e-06	28.51191728129953	25.536942987386485
380	tsk_8690	6.6614805658342624e-06	32.61764178511555	7.278647988150989
381	tsk_7632	2.5597869869234524e-05	39.319073783587896	48.955449676462166
382	tsk_5183	3.3689810023782796e-06	40.41000419046036	10.087720938714751
383	tsk_11276	4.04364646469185e-06	31.435205791687714	45.891429957154905
384	tsk_7316	1.4426479098657716e-06	42.701827023517154	38.6932816903425
385	tsk_3012	2.63596036560323e-06	40.75585033402386	25.27931415972972
386	tsk_6705	2.49381054501367e-06	30.336017605454145	18.79643596548508
387	tsk_8989	3.919189522064335e-06	45.951349555884384	26.967167594024403
388	tsk_3035	2.2042348532868288e-06	42.84129668252714	14.287119329419616
389	tsk_5060	2.2390848812523726e-06	31.629376076138804	40.996210374712696
390	tsk_281	2.921192706619293e-06	32.00600699163642	28.87569060685184
391	tsk_11156	7.707589556014529e-05	36.78007574804065	1.1166244815251465
392	tsk_6506	2.1873539627976684e-06	39.09100236497467	42.88941535658965
393	tsk_11149	5.731273558806667e-06	38.93931952665357	6.843863508978563
394	tsk_19	3.801452846830105e-06	40.82158866273184	8.547522094296836
395	tsk_6840	9.49692533924212e-06	48.14332078328991	8.61978479739852
396	tsk_8271	0.004471754448837895	12.234898247557007	16.862325482604625
397	tsk_3699	3.861521422604241e-06	44.87080251687341	8.33075097704435
398	tsk_6692	2.100850844374537e-06	43.31289482742173	21.40186136606278
399	tsk_8289	2.4131000962246176e-06	34.4908210006773	28.945141034095684
400	tsk_10191	3.3766085337640435e-06	40.936949065475766	9.573617614425306
401	tsk_618	1.956324292059968e-06	31.657370652228856	16.90119908807257
402	tsk_9554	2.2809672272940205e-06	30.557063038680365	41.92728605690765
403	tsk_10986	2.7498805438713555e-06	30.7861250207565	12.271562931510696
404	tsk_11800	3.941127969279049e-06	45.1600148472894	8.43861355924442
