	sampleID	sample_weight	x	y
0	tsk_3201	0.002500129994703876	37.1095495543173	8.475178278879106
1	tsk_818	0.002571232482542238	48.35173204322674	43.45275135674894
2	tsk_6279	0.0029066593731356632	16.55387891436771	24.72527475399052
3	tsk_3060	0.00239593228451487	41.05693007468425	41.655483033795385
4	tsk_9200	0.002528773820731141	25.94327699156614	19.70812267341277
5	tsk_7960	0.0024403758848584715	46.78456032660842	24.901893264836115
6	tsk_2228	0.002816391093777953	18.225449419558515	7.723215720361405
7	tsk_4964	0.0024975811712457273	25.00435927007738	43.221088856019385
8	tsk_10464	0.002364262117128691	47.90552224170644	12.031839016457107
9	tsk_9040	0.0023804280551621673	45.26548156037029	17.32261841743697
10	tsk_8637	0.002361179822245249	27.76287184585584	9.300785017041786
11	tsk_8294	0.0023561471711190363	43.99273665099778	35.575322434235666
12	tsk_11151	0.0025293390843686807	44.95476255714746	49.04696993784961
13	tsk_1795	0.0024359087272431577	25.3699865313457	28.940766615022195
14	tsk_11663	0.0024939382086862343	42.16346017480873	46.3171204987794
15	tsk_2791	0.0024772959749249568	33.00662923310772	23.30542372662687
16	tsk_922	0.0023779567135202954	34.16162734996489	46.19590610333365
17	tsk_235	0.0027682246591147	15.777324002866756	42.761384951228166
18	tsk_7651	0.002651762105252022	49.65374334407856	39.558059043875545
19	tsk_4108	0.0024326801320067506	41.34942203954101	7.777238978274378
20	tsk_8266	0.0023808994327149382	48.08255123573142	12.52237826171674
21	tsk_10568	0.0025269625297975654	29.697445244729003	34.4922531065051
22	tsk_9794	0.0024675520755972446	30.839318046648817	25.51741609372634
23	tsk_10814	0.002375210137052934	44.41213844053179	21.26467174611814
24	tsk_3338	0.0023651424233672586	34.73560182473811	20.368930580152004
25	tsk_2958	0.002373073845717014	48.46594831026619	9.56102731474798
26	tsk_4586	0.0023941230254855067	43.20842225017888	22.48091751992577
27	tsk_5439	0.002391734471877466	45.55547968557414	22.072708694145607
28	tsk_2122	0.002432765746287797	42.41430657701773	23.621713400742504
29	tsk_5450	0.0024013298586459896	26.31888991460012	28.84687123589816
30	tsk_10332	0.0024084829588569986	43.85371592755515	14.310983857805
31	tsk_10833	0.0023531320716027775	43.81328688668936	33.7197100093463
32	tsk_5581	0.0024620395759309154	36.54230474818759	38.447988780860896
33	tsk_7706	0.0023512966949123296	41.39928150971711	37.184446892414925
34	tsk_5829	0.002393551615763983	26.54141719821707	7.024888019633586
35	tsk_11121	0.002828092560206879	13.32732783146696	12.08019029192801
36	tsk_4894	0.002417435495189534	29.98656918178144	7.142864361015876
37	tsk_11032	0.0024977150953634027	47.44683967285791	41.25684665710497
38	tsk_1722	0.0024560188342770146	30.41579009150465	25.889982834316207
39	tsk_10590	0.0027505132126378457	17.31450012730684	9.682428796275271
40	tsk_407	0.0025384746161249898	48.85224053737982	34.571614026478926
41	tsk_11063	0.002383861723952261	44.3932199712304	38.90759813825576
42	tsk_8888	0.0023855501403481296	32.02147851198494	48.15550360948383
43	tsk_7170	0.0024747053316215104	44.43544186829577	46.85202326035234
44	tsk_2366	0.0024032512596184603	31.713374138733883	30.26167459571702
45	tsk_1022	0.002405699354870781	46.47049280257537	30.649848830186656
46	tsk_3642	0.002369116400240599	27.74245366987568	10.038828143999323
47	tsk_9207	0.0023637167644477513	32.62975779590108	19.69627714303641
48	tsk_9253	0.0025279897868828527	33.55587684656997	37.1200319632494
49	tsk_4393	0.0023420228847636287	46.27264352915876	10.911522671391692
50	tsk_8336	0.0023668689059930716	47.57389920652139	12.484810708691851
51	tsk_687	0.0024705665468026466	48.74108824667524	21.573300944392543
52	tsk_11027	0.0025793173882300317	35.84518934626723	3.1066754937258603
53	tsk_2419	0.0024586932279507374	45.49658393815109	5.231526253324676
54	tsk_7716	0.0023648465890471148	43.6982295419832	32.55571166571051
55	tsk_2728	0.0023699733327617167	37.09749786129428	28.446108312644085
56	tsk_1973	0.0023718443225544984	42.110051937979314	32.151364863695946
57	tsk_7684	0.0024168680477539783	38.69899590818878	43.91733440260973
58	tsk_4910	0.0025435991301464146	49.23224488564362	15.166501577880322
59	tsk_11092	0.002436946622900193	42.92010490549541	13.736864607885902
60	tsk_2367	0.002511512600735799	37.42771082139278	10.752475891424726
61	tsk_5049	0.0024115314468763646	39.77340755834654	29.85090490957019
62	tsk_156	0.0024194521777434483	37.916119625028784	27.340126083854525
63	tsk_2481	0.002939186314829689	4.95522968804304	6.767890831928903
64	tsk_2587	0.002404731931146403	40.26738445297236	42.83231469435574
65	tsk_3193	0.002978122379394667	7.219975647410015	12.853261683977957
66	tsk_6924	0.0024109746049897755	46.59434628056418	28.83883227458421
67	tsk_571	0.0025407526660328706	48.74358706986242	18.26425881804892
68	tsk_3046	0.0028164481287342264	17.254740936680214	13.644424011580476
69	tsk_6998	0.0025357338419017736	26.65062387620821	34.25027989030959
70	tsk_11325	0.002500962073798932	31.72190605456804	10.648276740292618
71	tsk_5488	0.0024667318185471777	25.889509925426392	15.99664914722304
72	tsk_2022	0.0024959410093660446	35.55370053091798	35.23273019738335
73	tsk_201	0.0023768085124476097	46.998677548355786	13.165106415955597
74	tsk_9127	0.0026331135735179817	25.55604126630296	1.934907529801838
75	tsk_8644	0.0027998674158877554	2.9415850474921985	28.38053139598041
76	tsk_8433	0.0024004627649098537	28.237117567601768	44.85010324964887
77	tsk_4118	0.002397923589108709	36.50999528366433	27.76540997204868
78	tsk_6984	0.002413948637640961	27.06040628443176	14.849363549880906
79	tsk_4476	0.002492113856589347	25.96031275409757	17.49343457225773
80	tsk_9881	0.0023490347590517835	46.59267327115085	11.787752973126228
81	tsk_2114	0.0024674902460039543	47.66180419951824	33.44829046497325
82	tsk_10122	0.00237896741527507	39.17761859422498	16.531102876038215
83	tsk_3541	0.0023274606874370217	36.686581105356254	18.20650599716833
84	tsk_5521	0.0030077410733385843	3.192196941133803	1.6837056834293536
85	tsk_4276	0.0024759044575856063	38.08985140872507	6.136627723391316
86	tsk_5355	0.0023696358019946184	43.84123989927142	18.23841447080881
87	tsk_835	0.002446256580748375	37.55067682228747	38.5602918037283
88	tsk_3433	0.0028715210623268266	13.428490809880255	23.204215179962787
89	tsk_10298	0.0024765131729899384	27.255273224290463	46.30295624962038
90	tsk_4329	0.0023474083928175073	33.79543001815755	19.41155457887007
91	tsk_4796	0.002337821817338649	36.204669220739554	29.689321239996968
92	tsk_2517	0.0023427194207485996	34.98748504234482	19.57319868077472
93	tsk_8899	0.0024387465627178253	25.2272871971335	9.406481346832695
94	tsk_6743	0.0026215264062343126	48.76906225132126	47.5031613085542
95	tsk_2623	0.0024792350022444405	44.88068676245456	47.662647451737
96	tsk_1089	0.002399667139909308	46.33970859404192	19.78790264065953
97	tsk_9798	0.002452322710341273	44.64798802816883	5.860382108391389
98	tsk_2446	0.002467755781152988	25.32126795056502	12.680548913861344
99	tsk_1851	0.002333172823357797	42.76855120903651	34.99297629703137
100	tsk_5795	0.002361442480404964	27.598268170148664	8.024513640027491
101	tsk_8951	0.0023378205107056436	34.248127782818514	18.75178722464452
102	tsk_4607	0.002387771415216861	45.16930800989324	32.697700969337355
103	tsk_4661	0.0024101545604885252	38.28830850785344	43.18170246238195
104	tsk_4011	0.0024060730469496455	30.70266873470121	17.749193689161704
105	tsk_1393	0.002416830894361275	30.29638261251157	22.31983111769712
106	tsk_11062	0.002482489309056989	40.60931510967305	24.64095545945412
107	tsk_6308	0.002374101539812479	36.06065871909354	14.62410119920948
108	tsk_7522	0.0028400305775251274	11.813899256062168	18.40321207964353
109	tsk_1784	0.0024357476408841928	47.63793869325869	29.04515587514695
110	tsk_11107	0.0029309102131048733	8.676099948855045	34.64886243168407
111	tsk_971	0.0025268486540903513	33.970929412408985	36.868612055790805
112	tsk_324	0.002347430834155299	35.765492736468886	29.1233618825485
113	tsk_3210	0.0023698704812219044	44.7813183016021	9.67916105262804
114	tsk_5417	0.0029613449699502346	12.71486558689544	4.675392071971469
115	tsk_5195	0.0025772256197878324	42.519688312188016	49.1538607580687
116	tsk_10781	0.002381324958128115	41.98208749961214	18.98138926926977
117	tsk_11834	0.0023771758323113228	26.48413128057792	8.214648618338542
118	tsk_5226	0.0027783952278666803	22.975456194434223	35.443443484319126
119	tsk_6003	0.0024004138271451906	28.29524401784237	13.714327113424906
120	tsk_4998	0.0024188304091364837	25.563170651950475	9.404407585300945
121	tsk_8208	0.0024141922779274696	39.45172049066813	43.79338734907447
122	tsk_11118	0.002544574928261642	27.443375545940665	36.987453656975774
123	tsk_8088	0.0024567913244868916	25.666047528209663	42.42491594857872
124	tsk_3138	0.002509341778127365	27.633562349083466	47.502114625467165
125	tsk_10287	0.00244580203190098	40.5825578020712	9.721558823245992
126	tsk_3039	0.002372015363377544	39.559894283156346	18.85071735156172
127	tsk_10543	0.00240568003067742	31.651169086446767	29.87401671373341
128	tsk_7327	0.0024278077246339858	30.63393023325889	29.23610711155364
129	tsk_6992	0.002383610489873282	45.08837540533945	16.27705158546397
130	tsk_10838	0.0024377068760081002	28.72113120363905	17.61837597077336
131	tsk_10577	0.002532320084013836	29.470446167895467	35.570798318745155
132	tsk_7669	0.0024989125079352683	31.908027266335992	7.03183521961427
133	tsk_2853	0.002570551744954247	47.62583775103785	1.733144269914871
134	tsk_5267	0.0024249268859088432	46.22330907864417	34.24096279210921
135	tsk_11232	0.0024689933869151753	40.555543217273886	5.58310249740906
136	tsk_10989	0.002341164958966125	42.21528601601918	37.1993909036968
137	tsk_628	0.0023890155578397765	48.76547211779892	9.517547927949074
138	tsk_7238	0.002359184559196607	33.172609598241415	46.37598399145621
139	tsk_11303	0.002348999793358708	28.671492112238862	42.067928106669605
140	tsk_3389	0.0023920350005202304	26.57753710407065	28.05412692392733
141	tsk_967	0.002536859438441484	48.97947665731434	32.47116306261126
142	tsk_1101	0.002344528829827637	35.382738328159284	30.89986790872382
143	tsk_4172	0.002343829131985155	34.61031521900665	30.14714744244684
144	tsk_2947	0.0025431919148201187	35.180420731344405	8.772760444355487
145	tsk_8311	0.002405986954466747	26.668455488025185	42.25598114771842
146	tsk_199	0.0024192970391597136	46.41349763097278	28.18320906906665
147	tsk_4949	0.0024390673026416514	47.50652620948964	24.27935580487048
148	tsk_10976	0.002401129571545026	44.56669001501188	13.88938041241918
149	tsk_6657	0.0025189297556909023	46.81084003995629	44.76173707611956
150	tsk_787	0.002426934962269487	36.3658138719797	42.65605099870815
151	tsk_6460	0.0024305852725940527	42.52237952113587	29.66446228754733
152	tsk_7846	0.002385139664454736	27.524228849360146	43.65872272818124
153	tsk_1098	0.002982707989121973	19.92691968549577	19.65800441055136
154	tsk_9265	0.002462060323542642	48.66244279804594	23.120962557919107
155	tsk_4594	0.0023892488012034435	33.988853972621705	47.53383714818506
156	tsk_7211	0.0024163776765208336	26.585015209996275	13.75381920728299
157	tsk_6573	0.0024065018378900157	39.99295567299392	31.85514176512524
158	tsk_8360	0.0023532488875388172	35.85432317012567	15.302445733227614
159	tsk_11824	0.0024367699019231283	30.13582100430853	6.452508486912866
160	tsk_9103	0.0023767659871391724	38.160127814137525	20.035628803299307
161	tsk_1171	0.0024917256576825575	41.39563321615655	1.3972469797993778
162	tsk_549	0.0025389454988863245	36.90183408362055	48.80546474399891
163	tsk_8536	0.002333404842207306	42.82164617964701	35.01948059578208
164	tsk_3591	0.0023826755299092357	33.72760741220211	15.407529213571252
165	tsk_10910	0.0023737025184669817	45.04349988845116	18.93201787326068
166	tsk_7850	0.0024595749355059834	42.55594350101193	44.62836831890248
167	tsk_4544	0.002415116855795223	29.41677696908232	14.652696065829154
168	tsk_3464	0.0023785827094259847	42.9417709080517	21.27651680971256
169	tsk_3615	0.0024809545953821547	45.54765189794593	3.9616773932514233
170	tsk_1986	0.002388066747732708	43.334473831058965	22.211331105178992
171	tsk_2043	0.002403145377112322	39.69965385882907	15.909670961105638
172	tsk_9639	0.002515063598186795	25.58227858780949	17.763551073583734
173	tsk_5807	0.0023997509733039955	38.485426210559446	20.571806872127105
174	tsk_631	0.002482741634712876	38.6327358652359	25.876299664599607
175	tsk_7982	0.0027115896325385653	14.814479754800065	45.57943016372128
176	tsk_4749	0.0023607087352754312	42.94362429324322	39.95176021654679
177	tsk_2287	0.0024414768404501983	32.974653847156794	48.9902558626906
178	tsk_8209	0.002406599930807258	28.587025768958988	24.326162121887943
179	tsk_3781	0.0024571371692393455	47.43804400147233	16.50223473763734
180	tsk_11594	0.0027343800544020877	18.81255985669785	43.54082825036862
181	tsk_2807	0.0025491792700388935	34.79052510052687	8.912412504285589
182	tsk_4731	0.002443557428792961	49.07806691603962	8.116186701533454
183	tsk_6595	0.002702482303024629	19.470088530090525	46.38115913299495
184	tsk_10462	0.002483650374875356	29.613922261473025	32.57628654006661
185	tsk_6099	0.002400163591718568	45.83570484609749	31.65689928256567
186	tsk_1566	0.0025286279069397215	47.054923397197925	47.61833432165195
187	tsk_3625	0.002357242896548235	45.26858381594629	9.711602660532815
188	tsk_10936	0.002338584062301827	42.99593820725144	36.36708961663892
189	tsk_1819	0.0023941531995505384	32.540860984141766	31.053555345530533
190	tsk_7119	0.0023451589652722592	30.677754155136064	41.29882699622575
191	tsk_3972	0.0024319733440637797	31.25635474383639	14.81034976318904
192	tsk_4285	0.0024935453628776175	38.44817379095225	4.107953193452241
193	tsk_2257	0.002494139843790292	44.050141118373126	48.178922277861126
194	tsk_2049	0.0024650913314851392	30.97269777320418	38.1298269157969
195	tsk_4714	0.0024880494814960527	26.138555664192182	31.73379502760792
196	tsk_11404	0.0024335696963845494	47.53622570174907	20.359951952482465
197	tsk_961	0.0024360599866377064	42.98577606104827	29.432031291959795
198	tsk_3095	0.0024582760517984016	46.60365043759744	41.193505359744506
199	tsk_7435	0.0025504685277328155	38.96235369908122	48.1909178976204
200	tsk_3539	0.002585643503656893	28.53166985001154	2.453515294679661
201	tsk_2453	0.002809664257191696	8.705654543813054	7.600792598678199
202	tsk_8593	0.002534963334102966	33.783383615594715	24.13752681619613
203	tsk_11523	0.0023441752089371744	36.71782885319511	30.415064609848123
204	tsk_2213	0.0025370893413412966	36.09039347899252	4.900451751387166
205	tsk_6152	0.0024015610503495383	29.76371039503352	9.181596000580376
206	tsk_2564	0.002373475100139543	33.61020986307765	31.14684071240618
207	tsk_8196	0.002379729137229788	35.395824490844525	31.96710706916949
208	tsk_128	0.002413893664500462	38.6317995224502	41.58010470582524
209	tsk_6771	0.0024648591821466604	41.43743019767483	2.8331898701889564
210	tsk_8985	0.0024118758303513918	29.94369364600984	39.02160498093165
211	tsk_11487	0.002465695073096543	41.55887111070517	2.4267935005251235
212	tsk_6383	0.0024162742315829108	39.34052527625469	38.91629879206147
213	tsk_1033	0.00237862418048365	32.69194913979884	43.675104337286726
214	tsk_10381	0.0024413509155142695	26.050902699332653	24.75004777012285
215	tsk_9233	0.002353341971119741	36.94189552653922	15.53828897505696
216	tsk_1630	0.002992748896675849	17.582727453284	29.629700141172105
217	tsk_4926	0.0023963650684886246	38.68589308804141	28.6021055447814
218	tsk_11094	0.0023790753504614234	34.06700973444821	28.89428603931616
219	tsk_5968	0.0024651341112425246	36.02211701413142	39.36414298589389
220	tsk_11275	0.00267176918337393	18.10170341381648	46.447244646592566
221	tsk_1334	0.002406426816224932	26.20253974051714	29.046305255033964
222	tsk_7310	0.0023444299900024505	41.42951466400144	35.00770977936954
223	tsk_354	0.0025812369374608895	49.0135815357959	37.03700508502106
224	tsk_4538	0.0024073290255879013	33.57985855185745	14.654531045798269
225	tsk_10596	0.002369292102413967	44.599575632273286	19.26904251776651
226	tsk_3232	0.0024914762602495522	26.013445306309627	22.793301080953256
227	tsk_3314	0.002412080598714	26.69549707526528	43.82344432486215
228	tsk_2980	0.00240806542199734	44.220317657914016	42.21834569425866
229	tsk_9974	0.0023780216246542638	31.70308849433578	40.50456630428126
230	tsk_9156	0.0028137083634878646	10.17876241880575	8.607260257440633
231	tsk_3265	0.002392192300589428	32.40141837142327	21.176940003196968
232	tsk_10962	0.0023957769739963125	26.395622614566715	28.337856213509724
233	tsk_998	0.0023597737453590994	46.35146805678243	8.256248150647265
234	tsk_8230	0.0024039038799376403	28.16075036239365	40.020193218817255
235	tsk_9133	0.0024429194075437136	33.6228817289689	22.30707611856295
236	tsk_4917	0.0024517476093983775	48.074005284408464	6.572201191783205
237	tsk_8167	0.0023767261032860013	34.06353070294442	46.716852897270094
238	tsk_4388	0.0023960013542153563	38.62110861998834	15.229710519013052
239	tsk_4637	0.0023485550195045677	43.38137578017708	36.90378853794184
240	tsk_7171	0.0025764391298809903	49.01405426018511	36.75836493455633
241	tsk_9373	0.0024346029467538625	41.80207478887091	7.580963016825449
242	tsk_4818	0.0028380583104015344	6.506969173985118	28.255479705850043
243	tsk_2182	0.002499992207360227	28.272555817722004	3.852508893386041
244	tsk_8005	0.0027560920736448536	24.17946450379528	0.9296647824591237
245	tsk_6536	0.002497138260439487	43.06668471207228	1.4505960367418125
246	tsk_4670	0.0024253080304050727	38.54833129805999	37.29827073987785
247	tsk_7220	0.0024961306218948026	37.39911505003455	5.111671175484193
248	tsk_10025	0.0025198137454724295	26.163223731855165	19.844148036839307
249	tsk_6655	0.0024052672202862185	29.103667332536563	11.843039554982225
250	tsk_6041	0.0023684080322603435	29.333849580971386	40.18177006547249
251	tsk_5516	0.0023456379429818612	47.8368091958344	10.312134527682684
252	tsk_8654	0.0024990936333670693	45.74800633053699	48.10867122059061
253	tsk_6027	0.0024501606704242897	42.84629540746124	12.855385247285591
254	tsk_6547	0.0023806989820270522	37.75057847263298	20.241211852224456
255	tsk_1495	0.002472568742588856	36.520597109674384	35.786502507478765
256	tsk_3890	0.002335842464692065	35.5312418844065	29.986678848211785
257	tsk_10400	0.0023591699603109084	27.47411011887572	8.662776471295558
258	tsk_11697	0.0023767879007858808	44.89736462189356	17.086529740441456
259	tsk_3587	0.0027207781432714226	22.223506691520203	7.923474897684881
260	tsk_8862	0.0024041354708057706	42.7854764965835	30.517506076985413
261	tsk_8569	0.0024320298416999043	26.42280463772658	5.917011350483239
262	tsk_2903	0.002775862139330904	22.012753075927463	41.69059558457513
263	tsk_4852	0.0023507075736894307	37.7471800626974	19.24187909019573
264	tsk_3459	0.0023824045393610323	43.68730442389949	16.54140082701625
265	tsk_3572	0.0026762447721238223	35.158811321487875	1.5452607887608911
266	tsk_9054	0.0023481131973053016	35.098888951167915	19.80375018271846
267	tsk_2141	0.0025027752166683383	49.0088302581551	24.47938306955695
268	tsk_5537	0.0024119329276093065	44.646956223206494	23.375673954695102
269	tsk_3959	0.0024796401408351478	47.43729202921818	5.150889429966922
270	tsk_238	0.0024347703385128577	30.63442626286865	48.82101201184763
271	tsk_2672	0.0024131293754812828	29.133071598993297	23.935254545668904
272	tsk_9901	0.0023475827340960266	29.14963287220633	41.18422575497144
273	tsk_2773	0.0023476453825724635	37.48361136820802	16.223327637863573
274	tsk_179	0.0023660863997615085	40.81642134424539	34.14512162314896
275	tsk_8755	0.002347000878388307	35.40383088185106	15.690918927458965
276	tsk_5657	0.0029154286690825596	12.0580609678791	26.36311180363401
277	tsk_550	0.0025297423207555265	46.2601377907338	1.9682147059351904
278	tsk_375	0.0023955641401189635	27.77583331725222	28.363413286596234
279	tsk_11465	0.002400154969111449	44.1879808056363	41.92157735890942
280	tsk_10739	0.0024175129128542433	48.42959340338267	13.274044760008048
281	tsk_9034	0.0024151267432476115	27.328208302332865	15.23770501111418
282	tsk_4279	0.0024036011477998913	44.96894909447491	41.32293209676893
283	tsk_8291	0.0023710591995020976	34.09599122833346	15.548068322219027
284	tsk_5025	0.002398865210934848	29.350079252712128	10.468079724873787
285	tsk_563	0.0024266546214279016	35.51131757888593	42.9186429047917
286	tsk_712	0.0024858433191995563	37.44249992595128	47.22991579980269
287	tsk_8074	0.0024605022101913464	29.183932215768525	31.53792003371236
288	tsk_6702	0.0023819510907851418	41.72857920441684	19.51040761339632
289	tsk_10768	0.0023957348605958984	38.83864786072836	28.917594664682376
290	tsk_625	0.0024176164741451186	26.29402513039266	25.60520782451338
291	tsk_2845	0.002465182058150023	41.89579807944173	2.384466885012665
292	tsk_713	0.002371670168930306	43.63231136415612	40.64897063319783
293	tsk_6587	0.002552561216034869	25.171529502112868	32.430638307349845
294	tsk_2723	0.0024952864408761275	30.39248965650468	5.139029045005335
295	tsk_11309	0.0025203002300261844	27.42287315858636	34.281352507098426
296	tsk_4903	0.0023871161401547115	45.03247645270991	15.689921945103684
297	tsk_2789	0.002408456292953235	39.232676961687865	35.4315018248591
298	tsk_11817	0.0024803439008700833	25.865570071540592	44.8240797298137
299	tsk_3914	0.0023905886286755855	41.53766037716374	20.710189602352035
300	tsk_2518	0.0024007042475555104	36.32215629530216	32.44413612030821
301	tsk_10032	0.002732701971465607	14.262288644198955	45.24279565890883
302	tsk_10106	0.002365251400445023	48.28081461370064	11.332650385750483
303	tsk_8028	0.0024183775197011005	29.6895635221816	14.211238639966874
304	tsk_9505	0.0024156888771811286	29.750300282584018	21.493308810520247
305	tsk_11279	0.002386791976524638	34.497017524763486	46.47250848897987
306	tsk_2445	0.0025210428227202806	24.57705141085666	12.652073788141452
307	tsk_1387	0.002328530997052273	35.2376210224999	18.554842026316003
308	tsk_8872	0.0029471484863035384	2.56203767208442	33.06317993261332
309	tsk_8879	0.0024426074642956218	25.68488478190056	6.535043729792773
310	tsk_66	0.0026360444939888183	49.23047766823712	46.26758287116541
311	tsk_525	0.00245241392357682	25.232765943255863	29.509728867014573
312	tsk_8560	0.0024452302529384294	48.10137620489473	21.165265797258048
313	tsk_10508	0.002420243263341781	34.370669564291376	42.23327491264598
314	tsk_10162	0.0023543219529708857	29.460995295609777	40.62620247629447
315	tsk_1750	0.0023442742655621594	38.11040698748921	17.96337685515624
316	tsk_10846	0.0024493731463968104	47.24645387849961	25.34498357096049
317	tsk_1956	0.00242332435515241	26.32401270409581	13.471822488931473
318	tsk_10665	0.0024377950745364226	35.40911764743486	41.58061396542049
319	tsk_2654	0.0023555809829833465	41.60975047523685	33.49078528987934
320	tsk_7920	0.0024582099811151278	48.01287580415656	30.67212419706887
321	tsk_8084	0.002411209809396346	35.17014150267339	13.859973292046362
322	tsk_10894	0.0023670171818888633	27.552908267269235	9.841366296383343
323	tsk_9289	0.0025164677162275093	43.23781690325321	1.1001684241491712
324	tsk_733	0.002390057421035791	36.26417003418986	14.237289021993895
325	tsk_3626	0.002396066161550901	43.75827279410485	9.257801246920597
326	tsk_5706	0.002414669090427917	32.31225307988669	31.570727794154013
327	tsk_11030	0.0024178212714645883	38.0983839132983	32.56674586194051
328	tsk_7147	0.0023382400526836505	36.32967730782136	30.252189745636475
329	tsk_11266	0.0024035467425441853	40.03243076785519	20.643177742749344
330	tsk_2936	0.0023521338122009547	31.23621610127121	42.35600747037186
331	tsk_9299	0.0024765427228252506	46.80742231630367	36.00192814664836
332	tsk_9269	0.002453107681081079	43.40390407721755	24.457611353305545
333	tsk_1271	0.0027313317734885914	16.147503480913976	11.709884758432135
334	tsk_4230	0.002435876049150816	39.26011410690747	44.69234458650121
335	tsk_7260	0.0023854006733408694	32.500951808839304	41.29234720844913
336	tsk_8092	0.0024009977684044414	27.359716654717563	25.09065806265607
337	tsk_10351	0.002466545043904238	48.7919681151847	22.557043012316765
338	tsk_1338	0.0024207109773044817	30.95718707961262	48.69192889866474
339	tsk_9701	0.00233563740792329	42.516448815343175	34.4053919983734
340	tsk_7985	0.0029357566912606332	11.87256570214765	33.92063014797805
341	tsk_5382	0.002506828944578898	40.461266610379	1.5393530558581432
342	tsk_4756	0.0023636116510439074	32.183183024927224	45.06015872380852
343	tsk_4403	0.0024173185696721227	42.26428384174435	30.126367008144165
344	tsk_536	0.002654426466680282	27.32377110552293	1.0634212700082772
345	tsk_18	0.002493634241709411	28.863476318778226	48.61918954812026
346	tsk_5069	0.002414498824905565	46.21137582877442	28.494951814873623
347	tsk_7213	0.0023533932052213764	42.61355016839678	39.02251067644048
348	tsk_4258	0.0023883630873416297	27.235796942406942	41.844534548462846
349	tsk_8296	0.0024265876371346996	46.622945877049965	27.791304756674403
350	tsk_8707	0.002568101415207091	47.694269613615866	1.8382017712905625
351	tsk_6566	0.002425125123862206	47.29959908560481	28.776771434278963
352	tsk_10448	0.0023261390887418243	35.69253709198393	18.41025387940669
353	tsk_9629	0.002395413003333786	30.304310957913305	47.651371487614654
354	tsk_4158	0.0024417832489548007	42.8136077674167	43.83031857700151
355	tsk_5734	0.002382698673990296	30.73470368725552	47.57327648032745
356	tsk_3401	0.0024439083469992937	27.20305365518601	22.74031765947489
357	tsk_7102	0.002470748800004782	25.378472660659018	25.20423978294869
358	tsk_5434	0.002429180813516607	38.46700064708433	35.71452065668158
359	tsk_5650	0.0024936379844445237	39.37380675836644	25.2823134207906
360	tsk_5917	0.0025081084568363576	37.683130689410696	11.30907716502448
361	tsk_9292	0.0024588160450081747	26.563399494616508	5.14621865900853
362	tsk_9131	0.0023987636125371433	27.780410206379003	28.730650050726503
363	tsk_11881	0.0023769908230551434	41.0637266045737	39.21975614224891
364	tsk_1832	0.002483595533263341	47.15075012419227	41.63441124675408
365	tsk_5287	0.0025646225314686355	48.32111869222198	2.8982695155098925
366	tsk_5342	0.002997860191094122	18.47203397187592	1.818893730692628
367	tsk_8492	0.0023800182195453552	31.52690484284987	19.041187980590315
368	tsk_7860	0.002664486103896161	25.017124330723863	37.217367967040026
369	tsk_7486	0.0024198079420963796	29.45530547104265	21.32590342550981
370	tsk_8570	0.0023649341582156207	43.52795472148357	40.02858008604811
371	tsk_2252	0.0027846268827184176	18.637215231014505	48.75324408564133
372	tsk_8675	0.002363413932164627	29.85564108168935	43.80213388872156
373	tsk_8037	0.002355560721784351	31.79549594254477	46.43262739203275
374	tsk_9135	0.002359582162640424	47.302343048915695	8.472130140768872
375	tsk_1530	0.0024333691885196794	28.97554205916029	5.538199027982291
376	tsk_10644	0.002400707193381966	30.40294059370884	19.79560751048703
377	tsk_7231	0.0024331069726108794	35.62147744303487	47.28224179863871
378	tsk_6931	0.002463031421357704	40.69642147880818	14.200170431486034
379	tsk_4679	0.002403636048596178	28.51191728129953	25.536942987386485
380	tsk_8690	0.0025239775224880044	32.61764178511555	7.278647988150989
381	tsk_7632	0.002596006807304143	39.319073783587896	48.955449676462166
382	tsk_5183	0.0024560882511870294	40.41000419046036	10.087720938714751
383	tsk_11276	0.0023603296222728123	31.435205791687714	45.891429957154905
384	tsk_7316	0.002351150338091901	42.701827023517154	38.6932816903425
385	tsk_3012	0.002486885512625071	40.75585033402386	25.27931415972972
386	tsk_6705	0.0024051384468817784	30.336017605454145	18.79643596548508
387	tsk_5060	0.0023659995105104552	31.629376076138804	40.996210374712696
388	tsk_281	0.002418811095499721	32.00600699163642	28.87569060685184
389	tsk_11156	0.0026462478133943055	36.78007574804065	1.1166244815251465
390	tsk_6506	0.002404329339644106	39.09100236497467	42.88941535658965
391	tsk_8144	0.002759129403372497	4.28429384639183	29.153446256254924
392	tsk_11149	0.002459834630381086	38.93931952665357	6.843863508978563
393	tsk_19	0.0024306238307470656	40.82158866273184	8.547522094296836
394	tsk_6840	0.002377857668955155	48.14332078328991	8.61978479739852
395	tsk_8271	0.0028319528497795436	12.234898247557007	16.862325482604625
396	tsk_3699	0.0023784014047553087	44.87080251687341	8.33075097704435
397	tsk_8728	0.003017060937267807	6.008007567246013	42.92905537122336
398	tsk_7789	0.0024085649617699052	41.36139893089194	16.561473878823318
399	tsk_10191	0.002439002869096264	40.936949065475766	9.573617614425306
400	tsk_618	0.0024003648482670715	31.657370652228856	16.90119908807257
401	tsk_9554	0.0023420653861713405	30.557063038680365	41.92728605690765
402	tsk_10986	0.0024562775062874132	30.7861250207565	12.271562931510696
403	tsk_11800	0.0023706448811460275	45.1600148472894	8.43861355924442
404	tsk_7827	0.00301739616482484	3.992791087741221	48.81757051200179
