	sampleID	sample_weight	x	y
0	tsk_3201	0.002052255516203357	37.1095495543173	8.475178278879106
1	tsk_818	0.0027088855870893063	48.35173204322674	43.45275135674894
2	tsk_5307	0.0018953824756431468	29.911025338303286	41.81357999462968
3	tsk_2633	0.0019181479048455408	37.824714579274485	44.561047525050974
4	tsk_3060	0.0018510683405410786	41.05693007468425	41.655483033795385
5	tsk_9200	0.0022151828326268264	25.94327699156614	19.70812267341277
6	tsk_7960	0.002053089339830093	46.78456032660842	24.901893264836115
7	tsk_2228	0.004654576561379055	18.225449419558515	7.723215720361405
8	tsk_5919	0.0019056229984037527	28.72990847834976	19.398955895796195
9	tsk_4964	0.002527798825894325	25.00435927007738	43.221088856019385
10	tsk_10464	0.0021870562535310956	47.90552224170644	12.031839016457107
11	tsk_9040	0.0018986351204464257	45.26548156037029	17.32261841743697
12	tsk_8637	0.0021721055023824457	27.76287184585584	9.300785017041786
13	tsk_8294	0.0019036170488068891	43.99273665099778	35.575322434235666
14	tsk_1795	0.0023841220624823477	25.3699865313457	28.940766615022195
15	tsk_11663	0.002240309718477604	42.16346017480873	46.3171204987794
16	tsk_7816	0.001935345511352326	44.4200401417852	37.25441619573131
17	tsk_2791	0.0017890940121754115	33.00662923310772	23.30542372662687
18	tsk_9624	0.0021239098311485543	29.95053664571744	8.362819780294176
19	tsk_922	0.0019815769298284717	34.16162734996489	46.19590610333365
20	tsk_235	0.0052009176307278564	15.777324002866756	42.761384951228166
21	tsk_4108	0.0020103587565232484	41.34942203954101	7.777238978274378
22	tsk_8266	0.002210590248748722	48.08255123573142	12.52237826171674
23	tsk_1213	0.0026087454630301862	44.056750538054	47.766027757385565
24	tsk_10568	0.0020337031462914026	29.697445244729003	34.4922531065051
25	tsk_9794	0.001871575890795121	30.839318046648817	25.51741609372634
26	tsk_10814	0.0018377054610152687	44.41213844053179	21.26467174611814
27	tsk_3338	0.0017258006556219992	34.73560182473811	20.368930580152004
28	tsk_2958	0.002319360489414878	48.46594831026619	9.56102731474798
29	tsk_4586	0.0017980694786756239	43.20842225017888	22.48091751992577
30	tsk_5439	0.0019128357256588354	45.55547968557414	22.072708694145607
31	tsk_2122	0.0017908726188311968	42.41430657701773	23.621713400742504
32	tsk_5450	0.0022443246115703987	26.31888991460012	28.84687123589816
33	tsk_10332	0.0018542202291434466	43.85371592755515	14.310983857805
34	tsk_10833	0.0018975016430893626	43.81328688668936	33.7197100093463
35	tsk_5581	0.0017886611992272287	36.54230474818759	38.447988780860896
36	tsk_7706	0.0017989577434010906	41.39928150971711	37.184446892414925
37	tsk_8128	0.002017346155692473	29.94619848991541	33.984874506588206
38	tsk_11121	0.005388367108157668	13.32732783146696	12.08019029192801
39	tsk_4894	0.0022398167101784967	29.98656918178144	7.142864361015876
40	tsk_11032	0.0023955948624348254	47.44683967285791	41.25684665710497
41	tsk_1722	0.001890920661491823	30.41579009150465	25.889982834316207
42	tsk_10590	0.004663645802038943	17.31450012730684	9.682428796275271
43	tsk_10615	0.002704278760987673	23.451130914832977	21.969047429674827
44	tsk_11063	0.0019469701750496945	44.3932199712304	38.90759813825576
45	tsk_8888	0.002259811871873493	32.02147851198494	48.15550360948383
46	tsk_7170	0.0024786041225897493	44.43544186829577	46.85202326035234
47	tsk_387	0.0022236070740669616	42.75924638929462	45.93202351114648
48	tsk_3642	0.0021292384248454547	27.74245366987568	10.038828143999323
49	tsk_9207	0.001741357105784824	32.62975779590108	19.69627714303641
50	tsk_9253	0.001846249861801377	33.55587684656997	37.1200319632494
51	tsk_4393	0.0020252476777823537	46.27264352915876	10.911522671391692
52	tsk_8336	0.002140142183594974	47.57389920652139	12.484810708691851
53	tsk_687	0.0023207247223033475	48.74108824667524	21.573300944392543
54	tsk_1100	0.0018897037424567267	45.04563499770493	23.50502740142407
55	tsk_9167	0.0023757402413466964	36.06242575802075	4.91911681366839
56	tsk_11027	0.0026696158059209794	35.84518934626723	3.1066754937258603
57	tsk_2419	0.00230038600448943	45.49658393815109	5.231526253324676
58	tsk_2728	0.001809182966982663	37.09749786129428	28.446108312644085
59	tsk_1973	0.0018327720453408078	42.110051937979314	32.151364863695946
60	tsk_7684	0.0018976459025848674	38.69899590818878	43.91733440260973
61	tsk_11092	0.0018391883357461677	42.92010490549541	13.736864607885902
62	tsk_2367	0.0019394098157692135	37.42771082139278	10.752475891424726
63	tsk_5049	0.0018054325894819227	39.77340755834654	29.85090490957019
64	tsk_156	0.001802682654393751	37.916119625028784	27.340126083854525
65	tsk_7348	0.0019060051440565424	44.08422571821583	29.19344225407432
66	tsk_2481	0.008484385512174416	4.95522968804304	6.767890831928903
67	tsk_8672	0.0020772697223104225	43.72126511244841	43.741908165248624
68	tsk_3193	0.007515903755297239	7.219975647410015	12.853261683977957
69	tsk_6924	0.002102896730842407	46.59434628056418	28.83883227458421
70	tsk_571	0.002335434499735295	48.74358706986242	18.26425881804892
71	tsk_3046	0.0046034346957948375	17.254740936680214	13.644424011580476
72	tsk_6998	0.002337514080777115	26.65062387620821	34.25027989030959
73	tsk_11325	0.0019445103273269069	31.72190605456804	10.648276740292618
74	tsk_5488	0.0022179915057585235	25.889509925426392	15.99664914722304
75	tsk_2022	0.0018289849305713082	35.55370053091798	35.23273019738335
76	tsk_9127	0.003988240834242487	25.55604126630296	1.934907529801838
77	tsk_8433	0.002122920226727021	28.237117567601768	44.85010324964887
78	tsk_4118	0.0018108762695009945	36.50999528366433	27.76540997204868
79	tsk_6984	0.0020674510778469356	27.06040628443176	14.849363549880906
80	tsk_9881	0.002039211300805124	46.59267327115085	11.787752973126228
81	tsk_2114	0.0023285995505710443	47.66180419951824	33.44829046497325
82	tsk_10122	0.0017526313438673818	39.17761859422498	16.531102876038215
83	tsk_3541	0.001719361315839435	36.686581105356254	18.20650599716833
84	tsk_5521	0.012176829259064334	3.192196941133803	1.6837056834293536
85	tsk_4276	0.002186715610697699	38.08985140872507	6.136627723391316
86	tsk_2214	0.0027637975235068795	38.51328222531942	1.930764680798162
87	tsk_5355	0.0018143782588267252	43.84123989927142	18.23841447080881
88	tsk_835	0.0017823058054409504	37.55067682228747	38.5602918037283
89	tsk_3433	0.006548280728008785	13.428490809880255	23.204215179962787
90	tsk_10298	0.002387377763313398	27.255273224290463	46.30295624962038
91	tsk_4329	0.0017240551722039297	33.79543001815755	19.41155457887007
92	tsk_4796	0.0018178240196881931	36.204669220739554	29.689321239996968
93	tsk_1699	0.0018107762589943132	32.67622855558018	43.10159607228869
94	tsk_2517	0.0017182431234228858	34.98748504234482	19.57319868077472
95	tsk_8899	0.002471224658460425	25.2272871971335	9.406481346832695
96	tsk_6743	0.003394833630307789	48.76906225132126	47.5031613085542
97	tsk_2623	0.0026707082489093466	44.88068676245456	47.662647451737
98	tsk_1089	0.0019784534004648573	46.33970859404192	19.78790264065953
99	tsk_9798	0.0021847123809123534	44.64798802816883	5.860382108391389
100	tsk_1851	0.001842584739376847	42.76855120903651	34.99297629703137
101	tsk_8951	0.001718780778289997	34.248127782818514	18.75178722464452
102	tsk_4661	0.0018524224689678858	38.28830850785344	43.18170246238195
103	tsk_4011	0.0017901144850855095	30.70266873470121	17.749193689161704
104	tsk_1393	0.0018440332160703343	30.29638261251157	22.31983111769712
105	tsk_11062	0.0017822773304654682	40.60931510967305	24.64095545945412
106	tsk_6308	0.001788529156324138	36.06065871909354	14.62410119920948
107	tsk_7522	0.0063581478484810265	11.813899256062168	18.40321207964353
108	tsk_5104	0.0017920798887777337	36.51684126570388	25.195105121358093
109	tsk_1784	0.0022474106665878887	47.63793869325869	29.04515587514695
110	tsk_11107	0.00814023071805149	8.676099948855045	34.64886243168407
111	tsk_971	0.0018416841972737322	33.970929412408985	36.868612055790805
112	tsk_3210	0.001969346550852264	44.7813183016021	9.67916105262804
113	tsk_5417	0.006991543342987404	12.71486558689544	4.675392071971469
114	tsk_5195	0.002815803153716377	42.519688312188016	49.1538607580687
115	tsk_10781	0.001756162738468389	41.98208749961214	18.98138926926977
116	tsk_5226	0.0031713357615677116	22.975456194434223	35.443443484319126
117	tsk_6003	0.0019663036268172465	28.29524401784237	13.714327113424906
118	tsk_4998	0.0024179841933999876	25.563170651950475	9.404407585300945
119	tsk_8208	0.0019076866088202661	39.45172049066813	43.79338734907447
120	tsk_11118	0.0022136738893160784	27.443375545940665	36.987453656975774
121	tsk_8088	0.0023822678804465117	25.666047528209663	42.42491594857872
122	tsk_3138	0.0025149539873023296	27.633562349083466	47.502114625467165
123	tsk_10287	0.0019389968025028408	40.5825578020712	9.721558823245992
124	tsk_3039	0.001729112106678811	39.559894283156346	18.85071735156172
125	tsk_10543	0.001899535334183001	31.651169086446767	29.87401671373341
126	tsk_7327	0.0019264470427733248	30.63393023325889	29.23610711155364
127	tsk_6992	0.001894026007351573	45.08837540533945	16.27705158546397
128	tsk_10838	0.0019017027830536487	28.72113120363905	17.61837597077336
129	tsk_10577	0.0020433168359709976	29.470446167895467	35.570798318745155
130	tsk_2853	0.0032657398534203168	47.62583775103785	1.733144269914871
131	tsk_5267	0.0021122227876287404	46.22330907864417	34.24096279210921
132	tsk_11232	0.002169858687071074	40.555543217273886	5.58310249740906
133	tsk_11005	0.0017923109032152106	37.83903228207856	25.689326486548875
134	tsk_628	0.0023727672745405114	48.76547211779892	9.517547927949074
135	tsk_7238	0.001998036193089973	33.172609598241415	46.37598399145621
136	tsk_3389	0.0021944482855688566	26.57753710407065	28.05412692392733
137	tsk_967	0.002598149825739995	48.97947665731434	32.47116306261126
138	tsk_1101	0.0018302467140586737	35.382738328159284	30.89986790872382
139	tsk_4172	0.0018383296318518253	34.61031521900665	30.14714744244684
140	tsk_8311	0.002218561089433077	26.668455488025185	42.25598114771842
141	tsk_199	0.002071126790792971	46.41349763097278	28.18320906906665
142	tsk_4949	0.002133068620540811	47.50652620948964	24.27935580487048
143	tsk_10976	0.0018866016130751036	44.56669001501188	13.88938041241918
144	tsk_6657	0.002510167875467381	46.81084003995629	44.76173707611956
145	tsk_787	0.0018062576318143026	36.3658138719797	42.65605099870815
146	tsk_6460	0.0018464232909554876	42.52237952113587	29.66446228754733
147	tsk_7846	0.002139296679702405	27.524228849360146	43.65872272818124
148	tsk_1098	0.0038871339768670374	19.92691968549577	19.65800441055136
149	tsk_9265	0.002308940393149521	48.66244279804594	23.120962557919107
150	tsk_4594	0.002143079211462367	33.988853972621705	47.53383714818506
151	tsk_7211	0.002133648732420814	26.585015209996275	13.75381920728299
152	tsk_11824	0.0023171036653789182	30.13582100430853	6.452508486912866
153	tsk_1037	0.0020711556438755777	34.705289698856674	8.514381554096255
154	tsk_9103	0.00172351461920849	38.160127814137525	20.035628803299307
155	tsk_1171	0.002805400194123101	41.39563321615655	1.3972469797993778
156	tsk_549	0.0024488439763317845	36.90183408362055	48.80546474399891
157	tsk_8536	0.0018445838012001083	42.82164617964701	35.01948059578208
158	tsk_9657	0.0019222409585361742	31.9390834897234	34.47729365898641
159	tsk_3591	0.001761841196497645	33.72760741220211	15.407529213571252
160	tsk_10910	0.0018749463362658326	45.04349988845116	18.93201787326068
161	tsk_4544	0.001878963771886381	29.41677696908232	14.652696065829154
162	tsk_4025	0.00692149845738389	13.683122462954938	36.64573067942093
163	tsk_3464	0.0017814178107924035	42.9417709080517	21.27651680971256
164	tsk_3615	0.002474494959069044	45.54765189794593	3.9616773932514233
165	tsk_6529	0.0018988243018622575	31.02187498007665	11.854840256515384
166	tsk_1986	0.0017996003822997335	43.334473831058965	22.211331105178992
167	tsk_6806	0.002002720328873511	27.60013376195977	16.25431584525173
168	tsk_2043	0.0017676224375000474	39.69965385882907	15.909670961105638
169	tsk_9639	0.002269229628652735	25.58227858780949	17.763551073583734
170	tsk_5807	0.0017279613541022157	38.485426210559446	20.571806872127105
171	tsk_631	0.001792152820456577	38.6327358652359	25.876299664599607
172	tsk_7982	0.005510530860220744	14.814479754800065	45.57943016372128
173	tsk_4749	0.0018740820855501182	42.94362429324322	39.95176021654679
174	tsk_2287	0.002406956032508088	32.974653847156794	48.9902558626906
175	tsk_8209	0.001962889339948012	28.587025768958988	24.326162121887943
176	tsk_3781	0.0021202846607635997	47.43804400147233	16.50223473763734
177	tsk_11594	0.004272039438783676	18.81255985669785	43.54082825036862
178	tsk_2807	0.0020450201136867187	34.79052510052687	8.912412504285589
179	tsk_4731	0.0025056158482252688	49.07806691603962	8.116186701533454
180	tsk_6595	0.004363497550441421	19.470088530090525	46.38115913299495
181	tsk_10462	0.0020263930098631433	29.613922261473025	32.57628654006661
182	tsk_6099	0.0020563409998077303	45.83570484609749	31.65689928256567
183	tsk_1566	0.0029911628799063235	47.054923397197925	47.61833432165195
184	tsk_3625	0.001990377182378534	45.26858381594629	9.711602660532815
185	tsk_10936	0.0018487694162690304	42.99593820725144	36.36708961663892
186	tsk_1819	0.0018861118263528373	32.540860984141766	31.053555345530533
187	tsk_7119	0.001857099396257259	30.677754155136064	41.29882699622575
188	tsk_3972	0.0018060158943834057	31.25635474383639	14.81034976318904
189	tsk_4285	0.0023870755124394292	38.44817379095225	4.107953193452241
190	tsk_2257	0.0026956333382968352	44.050141118373126	48.178922277861126
191	tsk_2049	0.0019055849697094962	30.97269777320418	38.1298269157969
192	tsk_6585	0.001792660071459587	35.06028456142573	42.54324429860844
193	tsk_4714	0.0023551579864474932	26.138555664192182	31.73379502760792
194	tsk_961	0.0018603345698808469	42.98577606104827	29.432031291959795
195	tsk_3095	0.0022493028755337058	46.60365043759744	41.193505359744506
196	tsk_7435	0.0024065198417256004	38.96235369908122	48.1909178976204
197	tsk_4281	0.0023417855069187074	28.26856732134987	7.024979685985198
198	tsk_2453	0.006739320707847322	8.705654543813054	7.600792598678199
199	tsk_8593	0.001794397469734277	33.783383615594715	24.13752681619613
200	tsk_11523	0.0018142355879960236	36.71782885319511	30.415064609848123
201	tsk_2213	0.0023770898412748195	36.09039347899252	4.900451751387166
202	tsk_6152	0.002068258556210945	29.76371039503352	9.181596000580376
203	tsk_2564	0.0018616176514051003	33.61020986307765	31.14684071240618
204	tsk_8196	0.001833364511519024	35.395824490844525	31.96710706916949
205	tsk_128	0.0018066199829809412	38.6317995224502	41.58010470582524
206	tsk_6771	0.002505179557104524	41.43743019767483	2.8331898701889564
207	tsk_8985	0.0019371347706012268	29.94369364600984	39.02160498093165
208	tsk_11487	0.0025793609143018397	41.55887111070517	2.4267935005251235
209	tsk_6383	0.0017813014212398886	39.34052527625469	38.91629879206147
210	tsk_1033	0.0018263076089928382	32.69194913979884	43.675104337286726
211	tsk_10381	0.002214719583462375	26.050902699332653	24.75004777012285
212	tsk_9233	0.0017653697223483675	36.94189552653922	15.53828897505696
213	tsk_1630	0.005392446343289726	17.582727453284	29.629700141172105
214	tsk_4926	0.0018039296520985578	38.68589308804141	28.6021055447814
215	tsk_5968	0.00178439551039777	36.02211701413142	39.36414298589389
216	tsk_11275	0.004752992107544233	18.10170341381648	46.447244646592566
217	tsk_1334	0.0022646067427090502	26.20253974051714	29.046305255033964
218	tsk_7310	0.0018046659589694934	41.42951466400144	35.00770977936954
219	tsk_354	0.002676328094897489	49.0135815357959	37.03700508502106
220	tsk_4538	0.0017821997050226218	33.57985855185745	14.654531045798269
221	tsk_10596	0.001846831497312122	44.599575632273286	19.26904251776651
222	tsk_3232	0.0022108766014293916	26.013445306309627	22.793301080953256
223	tsk_3314	0.0022580371063415134	26.69549707526528	43.82344432486215
224	tsk_2980	0.002025709195469741	44.220317657914016	42.21834569425866
225	tsk_9974	0.001827110579889209	31.70308849433578	40.50456630428126
226	tsk_9156	0.006209126055688835	10.17876241880575	8.607260257440633
227	tsk_3265	0.001762931960294537	32.40141837142327	21.176940003196968
228	tsk_10962	0.0022225133122523084	26.395622614566715	28.337856213509724
229	tsk_998	0.002121608479361142	46.35146805678243	8.256248150647265
230	tsk_8230	0.0020554193159242648	28.16075036239365	40.020193218817255
231	tsk_9133	0.0017635034829398739	33.6228817289689	22.30707611856295
232	tsk_4917	0.0024515169115502853	48.074005284408464	6.572201191783205
233	tsk_8167	0.002036574214572156	34.06353070294442	46.716852897270094
234	tsk_4388	0.0017797915554860358	38.62110861998834	15.229710519013052
235	tsk_4637	0.001867603035693493	43.38137578017708	36.90378853794184
236	tsk_7171	0.0026732292609724173	49.01405426018511	36.75836493455633
237	tsk_9373	0.0020165694271477024	41.80207478887091	7.580963016825449
238	tsk_4818	0.009490190141911336	6.506969173985118	28.255479705850043
239	tsk_2182	0.002908728368500489	28.272555817722004	3.852508893386041
240	tsk_4670	0.001782684454958091	38.54833129805999	37.29827073987785
241	tsk_7220	0.00230595074166441	37.39911505003455	5.111671175484193
242	tsk_10025	0.002182871485519324	26.163223731855165	19.844148036839307
243	tsk_6655	0.001963091181438693	29.103667332536563	11.843039554982225
244	tsk_6041	0.0019510005537442352	29.333849580971386	40.18177006547249
245	tsk_5516	0.00220268118173467	47.8368091958344	10.312134527682684
246	tsk_8654	0.0028778761438806953	45.74800633053699	48.10867122059061
247	tsk_6027	0.0018533813257705276	42.84629540746124	12.855385247285591
248	tsk_6547	0.0017236565810862933	37.75057847263298	20.241211852224456
249	tsk_1495	0.001810779638554605	36.520597109674384	35.786502507478765
250	tsk_3890	0.001825567840387679	35.5312418844065	29.986678848211785
251	tsk_10400	0.002243416954424157	27.47411011887572	8.662776471295558
252	tsk_11697	0.0018762257758280856	44.89736462189356	17.086529740441456
253	tsk_3587	0.0032967610798130343	22.223506691520203	7.923474897684881
254	tsk_8862	0.0018559248405475982	42.7854764965835	30.517506076985413
255	tsk_2903	0.0032729432431817702	22.012753075927463	41.69059558457513
256	tsk_4852	0.0017198698638074817	37.7471800626974	19.24187909019573
257	tsk_3459	0.0018224189368476757	43.68730442389949	16.54140082701625
258	tsk_3572	0.0030919543212226067	35.158811321487875	1.5452607887608911
259	tsk_9054	0.001719404538916766	35.098888951167915	19.80375018271846
260	tsk_2141	0.002391500167934719	49.0088302581551	24.47938306955695
261	tsk_5537	0.001865436136609432	44.646956223206494	23.375673954695102
262	tsk_3959	0.0025191216019886642	47.43729202921818	5.150889429966922
263	tsk_238	0.0024551166786595468	30.63442626286865	48.82101201184763
264	tsk_2672	0.0019240483374752477	29.133071598993297	23.935254545668904
265	tsk_9901	0.0019499778347930677	29.14963287220633	41.18422575497144
266	tsk_5657	0.007366813125981918	12.0580609678791	26.36311180363401
267	tsk_550	0.002958755927975258	46.2601377907338	1.9682147059351904
268	tsk_101	0.0030477746510260786	22.208609450060013	25.530977786634683
269	tsk_375	0.0020802278664377423	27.77583331725222	28.363413286596234
270	tsk_11465	0.002010077490415301	44.1879808056363	41.92157735890942
271	tsk_10739	0.0022659956709883866	48.42959340338267	13.274044760008048
272	tsk_9985	0.0022030435578484987	47.56777085404391	27.58630894690374
273	tsk_9034	0.0020356644826561563	27.328208302332865	15.23770501111418
274	tsk_4279	0.0020538519201672057	44.96894909447491	41.32293209676893
275	tsk_8291	0.0017576173944224731	34.09599122833346	15.548068322219027
276	tsk_5025	0.002008715465159032	29.350079252712128	10.468079724873787
277	tsk_563	0.00180438230401985	35.51131757888593	42.9186429047917
278	tsk_8074	0.002038192737832062	29.183932215768525	31.53792003371236
279	tsk_10768	0.0018040438252115013	38.83864786072836	28.917594664682376
280	tsk_7061	0.0017248874110712663	33.91998448058979	19.70572067139821
281	tsk_625	0.0021907042235422775	26.29402513039266	25.60520782451338
282	tsk_2845	0.0025883546227879447	41.89579807944173	2.384466885012665
283	tsk_713	0.001927987991966024	43.63231136415612	40.64897063319783
284	tsk_6587	0.002540853675110832	25.171529502112868	32.430638307349845
285	tsk_2723	0.0025042122378564277	30.39248965650468	5.139029045005335
286	tsk_11309	0.0022375132251223483	27.42287315858636	34.281352507098426
287	tsk_4903	0.0018949839139339331	45.03247645270991	15.689921945103684
288	tsk_406	0.0019842971346268504	29.44091598399598	10.90489751689139
289	tsk_2789	0.0017877280100254073	39.232676961687865	35.4315018248591
290	tsk_11817	0.0024583168075835308	25.865570071540592	44.8240797298137
291	tsk_3914	0.0017499791836949122	41.53766037716374	20.710189602352035
292	tsk_2518	0.0018210407255779741	36.32215629530216	32.44413612030821
293	tsk_10032	0.005646340446371559	14.262288644198955	45.24279565890883
294	tsk_10106	0.0022489290419911833	48.28081461370064	11.332650385750483
295	tsk_8028	0.0018729265498625414	29.6895635221816	14.211238639966874
296	tsk_9505	0.0018589666232019745	29.750300282584018	21.493308810520247
297	tsk_11279	0.0020135112769947457	34.497017524763486	46.47250848897987
298	tsk_2445	0.0024624336705435846	24.57705141085666	12.652073788141452
299	tsk_1387	0.0017159038226500299	35.2376210224999	18.554842026316003
300	tsk_8872	0.011641459321569956	2.56203767208442	33.06317993261332
301	tsk_8879	0.002699558406416584	25.68488478190056	6.535043729792773
302	tsk_66	0.003288559631367037	49.23047766823712	46.26758287116541
303	tsk_525	0.0024246026529395103	25.232765943255863	29.509728867014573
304	tsk_8560	0.0022056118643892725	48.10137620489473	21.165265797258048
305	tsk_10508	0.001785957923051236	34.370669564291376	42.23327491264598
306	tsk_10162	0.0019341878331492735	29.460995295609777	40.62620247629447
307	tsk_1750	0.0017269114972003627	38.11040698748921	17.96337685515624
308	tsk_10846	0.002114590027429687	47.24645387849961	25.34498357096049
309	tsk_1956	0.0021702965065735634	26.32401270409581	13.471822488931473
310	tsk_10665	0.0017817896539815265	35.40911764743486	41.58061396542049
311	tsk_2654	0.0018152527835918586	41.60975047523685	33.49078528987934
312	tsk_7920	0.002348115573775216	48.01287580415656	30.67212419706887
313	tsk_8084	0.0018107858727842473	35.17014150267339	13.859973292046362
314	tsk_10894	0.0021561359044177907	27.552908267269235	9.841366296383343
315	tsk_9289	0.0029199362193574837	43.23781690325321	1.1001684241491712
316	tsk_733	0.0018021988075747144	36.26417003418986	14.237289021993895
317	tsk_3626	0.0019533949511010076	43.75827279410485	9.257801246920597
318	tsk_5706	0.001897066317583224	32.31225307988669	31.570727794154013
319	tsk_11030	0.0018029108820467657	38.0983839132983	32.56674586194051
320	tsk_7147	0.0018176216606637658	36.32967730782136	30.252189745636475
321	tsk_11266	0.001735016528967793	40.03243076785519	20.643177742749344
322	tsk_2936	0.0018348894454964819	31.23621610127121	42.35600747037186
323	tsk_9299	0.002199839682873582	46.80742231630367	36.00192814664836
324	tsk_9269	0.0018259403030708827	43.40390407721755	24.457611353305545
325	tsk_1271	0.0048491308532754894	16.147503480913976	11.709884758432135
326	tsk_4230	0.001963575257793154	39.26011410690747	44.69234458650121
327	tsk_7260	0.0017996668029650923	32.500951808839304	41.29234720844913
328	tsk_8092	0.0020695189692542817	27.359716654717563	25.09065806265607
329	tsk_10351	0.0023314872675474062	48.7919681151847	22.557043012316765
330	tsk_1338	0.0024074938009145098	30.95718707961262	48.69192889866474
331	tsk_9701	0.0018357255601753506	42.516448815343175	34.4053919983734
332	tsk_7985	0.007474354321933752	11.87256570214765	33.92063014797805
333	tsk_5382	0.002781995510514242	40.461266610379	1.5393530558581432
334	tsk_4756	0.0019012700253797869	32.183183024927224	45.06015872380852
335	tsk_4403	0.0018399917418261775	42.26428384174435	30.126367008144165
336	tsk_536	0.004048488689057014	27.32377110552293	1.0634212700082772
337	tsk_18	0.0025750376629337505	28.863476318778226	48.61918954812026
338	tsk_10602	0.002272097500192817	28.77414090749369	7.348957587585079
339	tsk_5069	0.0020556747213451914	46.21137582877442	28.494951814873623
340	tsk_4258	0.00213925577786847	27.235796942406942	41.844534548462846
341	tsk_8296	0.002086584013255713	46.622945877049965	27.791304756674403
342	tsk_3581	0.005577784311382866	15.15270233810162	19.537319397918264
343	tsk_8707	0.0032489838221432727	47.694269613615866	1.8382017712905625
344	tsk_10448	0.001716316921030835	35.69253709198393	18.41025387940669
345	tsk_9629	0.0022563744707587226	30.304310957913305	47.651371487614654
346	tsk_3173	0.0018312629541745809	42.523083552065806	13.83730003253884
347	tsk_4158	0.0020282510812341414	42.8136077674167	43.83031857700151
348	tsk_5734	0.0022175207589792655	30.73470368725552	47.57327648032745
349	tsk_3401	0.0020657504781975947	27.20305365518601	22.74031765947489
350	tsk_7102	0.002315720403508638	25.378472660659018	25.20423978294869
351	tsk_5434	0.0017902157318793453	38.46700064708433	35.71452065668158
352	tsk_5650	0.0017861398507602318	39.37380675836644	25.2823134207906
353	tsk_5917	0.0019147690552143168	37.683130689410696	11.30907716502448
354	tsk_3667	0.0018546986118316063	42.98969474830584	38.33133329164214
355	tsk_1780	0.007476442265830197	10.541663864388916	46.127001968017055
356	tsk_9292	0.002811640242671784	26.563399494616508	5.14621865900853
357	tsk_9131	0.0020871010736955727	27.780410206379003	28.730650050726503
358	tsk_11881	0.00180228267175462	41.0637266045737	39.21975614224891
359	tsk_1832	0.0023560381113420827	47.15075012419227	41.63441124675408
360	tsk_2710	0.0018860262461809728	43.70978950278888	36.92657513540862
361	tsk_3682	0.0023620272765700143	48.65411049599759	26.585625772162004
362	tsk_5287	0.0031019620355858058	48.32111869222198	2.8982695155098925
363	tsk_5342	0.007001229067577317	18.47203397187592	1.818893730692628
364	tsk_8492	0.001763130641881606	31.52690484284987	19.041187980590315
365	tsk_7860	0.002608657890978083	25.017124330723863	37.217367967040026
366	tsk_7486	0.0018733553865303548	29.45530547104265	21.32590342550981
367	tsk_8570	0.0019068464241322784	43.52795472148357	40.02858008604811
368	tsk_2252	0.005369459873183141	18.637215231014505	48.75324408564133
369	tsk_8675	0.0019328244104752025	29.85564108168935	43.80213388872156
370	tsk_8037	0.0020264269290419055	31.79549594254477	46.43262739203275
371	tsk_3165	0.002013229043180845	46.60448022759671	17.966241874889818
372	tsk_1143	0.0017701807911169294	33.97471833847279	15.061541648550802
373	tsk_9135	0.0022049719882996687	47.302343048915695	8.472130140768872
374	tsk_1530	0.0025060070110929826	28.97554205916029	5.538199027982291
375	tsk_10644	0.0018093334477398155	30.40294059370884	19.79560751048703
376	tsk_7231	0.002135137399584421	35.62147744303487	47.28224179863871
377	tsk_9336	0.0033133716897443223	49.44385263041264	45.99313912863597
378	tsk_4679	0.001982321436864612	28.51191728129953	25.536942987386485
379	tsk_8690	0.0021795836023529814	32.61764178511555	7.278647988150989
380	tsk_7632	0.0025907287028097237	39.319073783587896	48.955449676462166
381	tsk_5183	0.001928666641195514	40.41000419046036	10.087720938714751
382	tsk_11276	0.0019850906609886437	31.435205791687714	45.891429957154905
383	tsk_7316	0.0018452544863615525	42.701827023517154	38.6932816903425
384	tsk_3012	0.0017903052905620645	40.75585033402386	25.27931415972972
385	tsk_6705	0.0018065387584873698	30.336017605454145	18.79643596548508
386	tsk_8989	0.0020052173515510766	45.951349555884384	26.967167594024403
387	tsk_5060	0.0018235204244440857	31.629376076138804	40.996210374712696
388	tsk_281	0.0018792051802567007	32.00600699163642	28.87569060685184
389	tsk_11156	0.0030874052683408653	36.78007574804065	1.1166244815251465
390	tsk_6506	0.001854762716618486	39.09100236497467	42.88941535658965
391	tsk_11149	0.002111176156826754	38.93931952665357	6.843863508978563
392	tsk_19	0.0019811700920096937	40.82158866273184	8.547522094296836
393	tsk_6840	0.0023098075262446916	48.14332078328991	8.61978479739852
394	tsk_8271	0.006008314711047843	12.234898247557007	16.862325482604625
395	tsk_3699	0.0020256048627511594	44.87080251687341	8.33075097704435
396	tsk_6692	0.001793222651856453	43.31289482742173	21.40186136606278
397	tsk_8728	0.010448150733869191	6.008007567246013	42.92905537122336
398	tsk_8289	0.0018343959755630107	34.4908210006773	28.945141034095684
399	tsk_7789	0.0017689736813357685	41.36139893089194	16.561473878823318
400	tsk_10191	0.0019396482158494102	40.936949065475766	9.573617614425306
401	tsk_618	0.0017641879582728753	31.657370652228856	16.90119908807257
402	tsk_9554	0.0018608968985050686	30.557063038680365	41.92728605690765
403	tsk_10986	0.0018879931763019827	30.7861250207565	12.271562931510696
404	tsk_11800	0.0020339333115194226	45.1600148472894	8.43861355924442
