	sampleID	sample_weight	x	y
0	tsk_3201	1.707032497060674e-05	37.1095495543173	8.475178278879106
1	tsk_818	0.0001458897189811966	48.35173204322674	43.45275135674894
2	tsk_2633	9.697637454533907e-08	37.824714579274485	44.561047525050974
3	tsk_3060	2.5317392912425773e-06	41.05693007468425	41.655483033795385
4	tsk_7960	4.788648783413605e-07	46.78456032660842	24.901893264836115
5	tsk_2228	0.04946876579972703	18.225449419558515	7.723215720361405
6	tsk_5919	8.164145314268768e-07	28.72990847834976	19.398955895796195
7	tsk_4964	1.1658657201955609e-05	25.00435927007738	43.221088856019385
8	tsk_10464	2.6413357285006484e-09	47.90552224170644	12.031839016457107
9	tsk_9040	9.154296867440275e-08	45.26548156037029	17.32261841743697
10	tsk_8637	3.7357195686800565e-10	27.76287184585584	9.300785017041786
11	tsk_8294	5.230443992771558e-09	43.99273665099778	35.575322434235666
12	tsk_11151	2.645022167880325e-07	44.95476255714746	49.04696993784961
13	tsk_1795	5.577800971438824e-09	25.3699865313457	28.940766615022195
14	tsk_11663	1.3310406486961932e-06	42.16346017480873	46.3171204987794
15	tsk_7816	1.8148124743839983e-08	44.4200401417852	37.25441619573131
16	tsk_2791	2.2595066173961983e-06	33.00662923310772	23.30542372662687
17	tsk_9624	7.3374319749883034e-09	29.95053664571744	8.362819780294176
18	tsk_922	1.184263682456729e-08	34.16162734996489	46.19590610333365
19	tsk_235	0.010986939420258014	15.777324002866756	42.761384951228166
20	tsk_7651	0.0030438347048360034	49.65374334407856	39.558059043875545
21	tsk_4108	2.5336902011268793e-07	41.34942203954101	7.777238978274378
22	tsk_1213	2.820246671579393e-08	44.056750538054	47.766027757385565
23	tsk_10568	6.008061717322011e-07	29.697445244729003	34.4922531065051
24	tsk_9794	3.3598036951406296e-05	30.839318046648817	25.51741609372634
25	tsk_10814	6.198384829365748e-09	44.41213844053179	21.26467174611814
26	tsk_3338	1.5235055053248762e-09	34.73560182473811	20.368930580152004
27	tsk_2958	2.7465760355065423e-09	48.46594831026619	9.56102731474798
28	tsk_4586	1.8455135497359315e-09	43.20842225017888	22.48091751992577
29	tsk_5439	8.79650888089588e-08	45.55547968557414	22.072708694145607
30	tsk_2122	1.0042651630565745e-07	42.41430657701773	23.621713400742504
31	tsk_5450	6.708898525666108e-10	26.31888991460012	28.84687123589816
32	tsk_10332	7.984465997624463e-09	43.85371592755515	14.310983857805
33	tsk_10833	2.4280500290623976e-08	43.81328688668936	33.7197100093463
34	tsk_5581	1.613942857068381e-05	36.54230474818759	38.447988780860896
35	tsk_7706	2.5037571466241247e-08	41.39928150971711	37.184446892414925
36	tsk_8128	1.2494969875817977e-06	29.94619848991541	33.984874506588206
37	tsk_5829	2.764247271691621e-09	26.54141719821707	7.024888019633586
38	tsk_11121	0.024755607864047353	13.32732783146696	12.08019029192801
39	tsk_4894	4.415173027093637e-09	29.98656918178144	7.142864361015876
40	tsk_11032	7.513456081098607e-07	47.44683967285791	41.25684665710497
41	tsk_1722	3.491712031938989e-05	30.41579009150465	25.889982834316207
42	tsk_407	1.3935722762905199e-05	48.85224053737982	34.571614026478926
43	tsk_10615	0.011401293374131798	23.451130914832977	21.969047429674827
44	tsk_8888	3.015149391182401e-08	32.02147851198494	48.15550360948383
45	tsk_387	3.131515859404191e-07	42.75924638929462	45.93202351114648
46	tsk_1022	6.628302146306866e-08	46.47049280257537	30.649848830186656
47	tsk_3642	1.7018463063143106e-09	27.74245366987568	10.038828143999323
48	tsk_9207	6.441654138324986e-09	32.62975779590108	19.69627714303641
49	tsk_9253	1.6605256211944562e-05	33.55587684656997	37.1200319632494
50	tsk_4393	1.105207124401386e-08	46.27264352915876	10.911522671391692
51	tsk_8336	3.6217757621513152e-09	47.57389920652139	12.484810708691851
52	tsk_687	1.3150125323173135e-07	48.74108824667524	21.573300944392543
53	tsk_1100	5.148108228846523e-08	45.04563499770493	23.50502740142407
54	tsk_9167	3.536032097212636e-07	36.06242575802075	4.91911681366839
55	tsk_11027	3.922287642037364e-06	35.84518934626723	3.1066754937258603
56	tsk_2419	0.0001058199741448885	45.49658393815109	5.231526253324676
57	tsk_7716	7.03059945777798e-08	43.6982295419832	32.55571166571051
58	tsk_1973	8.51996449125081e-08	42.110051937979314	32.151364863695946
59	tsk_7684	2.4762673661522336e-09	38.69899590818878	43.91733440260973
60	tsk_4910	0.0003558826951949406	49.23224488564362	15.166501577880322
61	tsk_11092	4.23947557556296e-09	42.92010490549541	13.736864607885902
62	tsk_2367	1.3924437999219616e-05	37.42771082139278	10.752475891424726
63	tsk_5049	1.7866222549664246e-06	39.77340755834654	29.85090490957019
64	tsk_156	9.540926124166714e-08	37.916119625028784	27.340126083854525
65	tsk_7348	1.707192979784275e-07	44.08422571821583	29.19344225407432
66	tsk_2481	0.048722907232003884	4.95522968804304	6.767890831928903
67	tsk_2587	3.5512698529798414e-08	40.26738445297236	42.83231469435574
68	tsk_8672	2.738171112191413e-07	43.72126511244841	43.741908165248624
69	tsk_3193	0.05316642752746734	7.219975647410015	12.853261683977957
70	tsk_6924	3.4309923503330797e-10	46.59434628056418	28.83883227458421
71	tsk_571	0.00012233185521215992	48.74358706986242	18.26425881804892
72	tsk_3046	0.008106170542504055	17.254740936680214	13.644424011580476
73	tsk_6998	1.0794746124146837e-05	26.65062387620821	34.25027989030959
74	tsk_11325	3.633090027317075e-06	31.72190605456804	10.648276740292618
75	tsk_2022	1.9310531750209786e-05	35.55370053091798	35.23273019738335
76	tsk_201	4.3114391344943216e-08	46.998677548355786	13.165106415955597
77	tsk_9127	0.00014970294177884183	25.55604126630296	1.934907529801838
78	tsk_8644	0.0010446170059948319	2.9415850474921985	28.38053139598041
79	tsk_8433	2.6349197878716817e-07	28.237117567601768	44.85010324964887
80	tsk_4118	1.6014281260704997e-07	36.50999528366433	27.76540997204868
81	tsk_6984	2.5281526774739597e-08	27.06040628443176	14.849363549880906
82	tsk_4476	2.8311809607618943e-06	25.96031275409757	17.49343457225773
83	tsk_9881	7.4388515016104e-09	46.59267327115085	11.787752973126228
84	tsk_2114	1.8941714214529415e-06	47.66180419951824	33.44829046497325
85	tsk_10122	6.449113296396687e-08	39.17761859422498	16.531102876038215
86	tsk_3541	6.758083857139659e-09	36.686581105356254	18.20650599716833
87	tsk_5521	0.05326010775152663	3.192196941133803	1.6837056834293536
88	tsk_4276	6.926325716458555e-07	38.08985140872507	6.136627723391316
89	tsk_2214	2.6724734011918802e-05	38.51328222531942	1.930764680798162
90	tsk_5355	7.92660511631636e-08	43.84123989927142	18.23841447080881
91	tsk_835	2.3896184363756925e-06	37.55067682228747	38.5602918037283
92	tsk_3433	0.04044585509746677	13.428490809880255	23.204215179962787
93	tsk_10298	3.1860399758684548e-06	27.255273224290463	46.30295624962038
94	tsk_4329	4.4941005991711507e-10	33.79543001815755	19.41155457887007
95	tsk_4796	3.8602038423736474e-10	36.204669220739554	29.689321239996968
96	tsk_2517	2.542409112551181e-10	34.98748504234482	19.57319868077472
97	tsk_8899	3.4273074663845395e-07	25.2272871971335	9.406481346832695
98	tsk_6743	0.0003230739247945608	48.76906225132126	47.5031613085542
99	tsk_2623	4.080929592262915e-08	44.88068676245456	47.662647451737
100	tsk_1089	1.3399569975209845e-07	46.33970859404192	19.78790264065953
101	tsk_2446	6.018585470762241e-07	25.32126795056502	12.680548913861344
102	tsk_5795	2.951526533524497e-10	27.598268170148664	8.024513640027491
103	tsk_8951	6.6157423181997e-10	34.248127782818514	18.75178722464452
104	tsk_4607	2.454531566968714e-07	45.16930800989324	32.697700969337355
105	tsk_4661	4.502882093868879e-09	38.28830850785344	43.18170246238195
106	tsk_4011	1.1735689963626823e-07	30.70266873470121	17.749193689161704
107	tsk_1393	1.245860854495667e-06	30.29638261251157	22.31983111769712
108	tsk_11062	7.3436820434156e-07	40.60931510967305	24.64095545945412
109	tsk_7522	0.0012034895173439375	11.813899256062168	18.40321207964353
110	tsk_5104	2.486720134261408e-05	36.51684126570388	25.195105121358093
111	tsk_1784	1.9934381132077177e-09	47.63793869325869	29.04515587514695
112	tsk_11107	0.038836943467504464	8.676099948855045	34.64886243168407
113	tsk_971	1.0288383151995378e-05	33.970929412408985	36.868612055790805
114	tsk_2057	4.5614046756638374e-08	31.79202154543734	30.142497488519663
115	tsk_324	1.0004475391524015e-09	35.765492736468886	29.1233618825485
116	tsk_3210	1.2068966172271512e-08	44.7813183016021	9.67916105262804
117	tsk_5195	5.686654828058558e-05	42.519688312188016	49.1538607580687
118	tsk_10781	1.8456289869404075e-07	41.98208749961214	18.98138926926977
119	tsk_11834	1.2165552477150194e-09	26.48413128057792	8.214648618338542
120	tsk_5226	0.042649666115103464	22.975456194434223	35.443443484319126
121	tsk_6003	1.4272191090367527e-07	28.29524401784237	13.714327113424906
122	tsk_4998	7.356347664728445e-08	25.563170651950475	9.404407585300945
123	tsk_8208	3.2749718201976773e-09	39.45172049066813	43.79338734907447
124	tsk_11118	0.001221607707442783	27.443375545940665	36.987453656975774
125	tsk_3138	1.1255078942333595e-05	27.633562349083466	47.502114625467165
126	tsk_3039	1.0292297950186264e-07	39.559894283156346	18.85071735156172
127	tsk_10543	4.6056668366656945e-08	31.651169086446767	29.87401671373341
128	tsk_7327	8.187193913727527e-07	30.63393023325889	29.23610711155364
129	tsk_10838	1.7216315900977465e-06	28.72113120363905	17.61837597077336
130	tsk_10577	3.4597682056580557e-06	29.470446167895467	35.570798318745155
131	tsk_7669	8.18683679099683e-07	31.908027266335992	7.03183521961427
132	tsk_2853	5.537427107038659e-07	47.62583775103785	1.733144269914871
133	tsk_5267	2.027593781492469e-06	46.22330907864417	34.24096279210921
134	tsk_11005	1.6295861911754307e-07	37.83903228207856	25.689326486548875
135	tsk_10989	1.5149349881018082e-09	42.21528601601918	37.1993909036968
136	tsk_628	6.260020042291319e-09	48.76547211779892	9.517547927949074
137	tsk_7238	5.198041972654941e-09	33.172609598241415	46.37598399145621
138	tsk_11303	1.4673462320424531e-09	28.671492112238862	42.067928106669605
139	tsk_3389	1.5240844690002726e-09	26.57753710407065	28.05412692392733
140	tsk_967	3.5022165704145004e-05	48.97947665731434	32.47116306261126
141	tsk_1101	5.645621135886393e-10	35.382738328159284	30.89986790872382
142	tsk_4172	1.1757015667040698e-09	34.61031521900665	30.14714744244684
143	tsk_2947	3.147821311125391e-07	35.180420731344405	8.772760444355487
144	tsk_8311	3.081665687340728e-08	26.668455488025185	42.25598114771842
145	tsk_199	3.101297787043422e-10	46.41349763097278	28.18320906906665
146	tsk_10976	7.390149056856443e-08	44.56669001501188	13.88938041241918
147	tsk_6657	0.0006107805568522605	46.81084003995629	44.76173707611956
148	tsk_787	2.5791976256854347e-06	36.3658138719797	42.65605099870815
149	tsk_6460	1.9837030014745746e-08	42.52237952113587	29.66446228754733
150	tsk_7846	6.254325996434092e-09	27.524228849360146	43.65872272818124
151	tsk_1098	0.05117339233756162	19.92691968549577	19.65800441055136
152	tsk_9265	1.7856965899815434e-07	48.66244279804594	23.120962557919107
153	tsk_7211	2.9666048433276782e-08	26.585015209996275	13.75381920728299
154	tsk_6573	7.144685396675988e-06	39.99295567299392	31.85514176512524
155	tsk_8360	3.934583132574332e-08	35.85432317012567	15.302445733227614
156	tsk_11824	1.1011386601298004e-08	30.13582100430853	6.452508486912866
157	tsk_1037	3.772380791827139e-07	34.705289698856674	8.514381554096255
158	tsk_9103	6.2903953721338385e-09	38.160127814137525	20.035628803299307
159	tsk_1171	1.7150576522376696e-08	41.39563321615655	1.3972469797993778
160	tsk_549	5.46479448033472e-05	36.90183408362055	48.80546474399891
161	tsk_8536	1.477446841017159e-09	42.82164617964701	35.01948059578208
162	tsk_9657	0.0001855759053938364	31.9390834897234	34.47729365898641
163	tsk_3591	1.0314604767909481e-07	33.72760741220211	15.407529213571252
164	tsk_10910	2.3670926093697604e-08	45.04349988845116	18.93201787326068
165	tsk_7850	1.499161422084871e-07	42.55594350101193	44.62836831890248
166	tsk_4025	0.0386691030974541	13.683122462954938	36.64573067942093
167	tsk_3464	2.7748027402079943e-09	42.9417709080517	21.27651680971256
168	tsk_3615	3.774945628503978e-05	45.54765189794593	3.9616773932514233
169	tsk_6529	1.3212659535195785e-07	31.02187498007665	11.854840256515384
170	tsk_1986	1.304876057840181e-09	43.334473831058965	22.211331105178992
171	tsk_6806	2.949617585147383e-07	27.60013376195977	16.25431584525173
172	tsk_2043	1.358494429823572e-07	39.69965385882907	15.909670961105638
173	tsk_9639	7.099476369794465e-06	25.58227858780949	17.763551073583734
174	tsk_5807	2.8095387961858708e-08	38.485426210559446	20.571806872127105
175	tsk_631	8.288798657338311e-08	38.6327358652359	25.876299664599607
176	tsk_7982	6.261496138746419e-05	14.814479754800065	45.57943016372128
177	tsk_4749	4.267731191647692e-08	42.94362429324322	39.95176021654679
178	tsk_2287	3.6470190645271506e-06	32.974653847156794	48.9902558626906
179	tsk_3781	1.4274611308253564e-05	47.43804400147233	16.50223473763734
180	tsk_11594	0.011249941475641222	18.81255985669785	43.54082825036862
181	tsk_2807	3.9278724091122826e-07	34.79052510052687	8.912412504285589
182	tsk_4731	1.30126813610878e-07	49.07806691603962	8.116186701533454
183	tsk_6595	0.0002004179829907456	19.470088530090525	46.38115913299495
184	tsk_6099	3.7065378444958615e-07	45.83570484609749	31.65689928256567
185	tsk_3625	6.499018768552973e-09	45.26858381594629	9.711602660532815
186	tsk_10936	4.704090667151254e-10	42.99593820725144	36.36708961663892
187	tsk_7119	5.235147497262675e-10	30.677754155136064	41.29882699622575
188	tsk_3972	9.21756120433188e-06	31.25635474383639	14.81034976318904
189	tsk_4285	4.537138985107107e-06	38.44817379095225	4.107953193452241
190	tsk_2257	2.6410852942407252e-08	44.050141118373126	48.178922277861126
191	tsk_2049	1.5441869494997886e-05	30.97269777320418	38.1298269157969
192	tsk_6585	2.197699402588146e-06	35.06028456142573	42.54324429860844
193	tsk_4714	1.0353822752709116e-05	26.138555664192182	31.73379502760792
194	tsk_11404	2.184107217232996e-07	47.53622570174907	20.359951952482465
195	tsk_961	2.6841744950683695e-08	42.98577606104827	29.432031291959795
196	tsk_3095	7.335306304581644e-07	46.60365043759744	41.193505359744506
197	tsk_7435	0.0003197937622652459	38.96235369908122	48.1909178976204
198	tsk_4281	1.1211616989330876e-09	28.26856732134987	7.024979685985198
199	tsk_3539	4.4240921666954294e-05	28.53166985001154	2.453515294679661
200	tsk_2453	0.0022875558949889	8.705654543813054	7.600792598678199
201	tsk_8593	2.3234723136089388e-05	33.783383615594715	24.13752681619613
202	tsk_11523	1.4145402587543428e-09	36.71782885319511	30.415064609848123
203	tsk_2213	3.239372585603878e-07	36.09039347899252	4.900451751387166
204	tsk_6152	6.796946080634589e-09	29.76371039503352	9.181596000580376
205	tsk_2564	6.127476403277142e-08	33.61020986307765	31.14684071240618
206	tsk_8196	2.6045539094254325e-08	35.395824490844525	31.96710706916949
207	tsk_128	6.12913492995551e-07	38.6317995224502	41.58010470582524
208	tsk_6771	2.9144584469670194e-08	41.43743019767483	2.8331898701889564
209	tsk_8985	1.270025543213375e-07	29.94369364600984	39.02160498093165
210	tsk_11487	8.184500982203039e-09	41.55887111070517	2.4267935005251235
211	tsk_6383	4.892201040486049e-06	39.34052527625469	38.91629879206147
212	tsk_1033	8.866540810384546e-07	32.69194913979884	43.675104337286726
213	tsk_10381	1.1078295015387777e-07	26.050902699332653	24.75004777012285
214	tsk_9233	3.590310913420357e-08	36.94189552653922	15.53828897505696
215	tsk_1630	0.053306811407909827	17.582727453284	29.629700141172105
216	tsk_4926	1.2964910111909555e-07	38.68589308804141	28.6021055447814
217	tsk_11275	0.0001455942128525759	18.10170341381648	46.447244646592566
218	tsk_1334	8.776754034063937e-10	26.20253974051714	29.046305255033964
219	tsk_7310	9.1502063219558e-09	41.42951466400144	35.00770977936954
220	tsk_354	8.314842284955318e-06	49.0135815357959	37.03700508502106
221	tsk_4538	1.2125626008138052e-07	33.57985855185745	14.654531045798269
222	tsk_10596	2.6195707250121088e-08	44.599575632273286	19.26904251776651
223	tsk_3232	7.384412292247771e-06	26.013445306309627	22.793301080953256
224	tsk_3314	1.6140794971459443e-08	26.69549707526528	43.82344432486215
225	tsk_2980	3.490879037776016e-07	44.220317657914016	42.21834569425866
226	tsk_9974	8.830929183082934e-09	31.70308849433578	40.50456630428126
227	tsk_9156	0.0024225728709278056	10.17876241880575	8.607260257440633
228	tsk_3265	1.439996783158001e-07	32.40141837142327	21.176940003196968
229	tsk_10962	8.31811363645581e-10	26.395622614566715	28.337856213509724
230	tsk_998	1.0726866660561009e-08	46.35146805678243	8.256248150647265
231	tsk_8230	7.770314076489963e-08	28.16075036239365	40.020193218817255
232	tsk_9133	7.367458260784234e-07	33.6228817289689	22.30707611856295
233	tsk_4917	1.4453500417486244e-05	48.074005284408464	6.572201191783205
234	tsk_8167	8.494724435758273e-09	34.06353070294442	46.716852897270094
235	tsk_4388	1.504606223126064e-07	38.62110861998834	15.229710519013052
236	tsk_4637	5.193415599819464e-10	43.38137578017708	36.90378853794184
237	tsk_7171	6.308795648346639e-06	49.01405426018511	36.75836493455633
238	tsk_9373	7.95651282363112e-07	41.80207478887091	7.580963016825449
239	tsk_4818	0.01053403639683948	6.506969173985118	28.255479705850043
240	tsk_2182	4.49165795058217e-06	28.272555817722004	3.852508893386041
241	tsk_8005	0.0014026231465308853	24.17946450379528	0.9296647824591237
242	tsk_3395	2.932623728748622e-09	28.12800696780907	42.87152677067608
243	tsk_6536	1.4190421577710782e-07	43.06668471207228	1.4505960367418125
244	tsk_4670	8.841603949190821e-07	38.54833129805999	37.29827073987785
245	tsk_7220	1.3453961599984922e-07	37.39911505003455	5.111671175484193
246	tsk_10025	0.0002589808335389628	26.163223731855165	19.844148036839307
247	tsk_6655	4.0469686283352516e-08	29.103667332536563	11.843039554982225
248	tsk_6041	2.110997343862632e-09	29.333849580971386	40.18177006547249
249	tsk_5516	1.6699980021582344e-09	47.8368091958344	10.312134527682684
250	tsk_8654	3.974688390002183e-07	45.74800633053699	48.10867122059061
251	tsk_6027	6.735289673460735e-08	42.84629540746124	12.855385247285591
252	tsk_6547	1.1614922543541645e-08	37.75057847263298	20.241211852224456
253	tsk_1495	4.94672132655828e-06	36.520597109674384	35.786502507478765
254	tsk_3890	2.1439109050322586e-10	35.5312418844065	29.986678848211785
255	tsk_10400	2.5638587496381675e-10	27.47411011887572	8.662776471295558
256	tsk_3587	0.02821613777483153	22.223506691520203	7.923474897684881
257	tsk_8862	1.5516378012612413e-08	42.7854764965835	30.517506076985413
258	tsk_8569	2.7570515056418284e-08	26.42280463772658	5.917011350483239
259	tsk_4852	3.753580735539244e-09	37.7471800626974	19.24187909019573
260	tsk_3459	3.7682576504666597e-07	43.68730442389949	16.54140082701625
261	tsk_3572	9.919696297992017e-05	35.158811321487875	1.5452607887608911
262	tsk_9054	4.2663409606934337e-10	35.098888951167915	19.80375018271846
263	tsk_2141	2.663866173392373e-06	49.0088302581551	24.47938306955695
264	tsk_5537	1.6518200167414855e-08	44.646956223206494	23.375673954695102
265	tsk_238	8.16748558512155e-08	30.63442626286865	48.82101201184763
266	tsk_9901	6.519592082023676e-10	29.14963287220633	41.18422575497144
267	tsk_2773	2.996631391768716e-08	37.48361136820802	16.223327637863573
268	tsk_179	5.366823868279849e-08	40.81642134424539	34.14512162314896
269	tsk_5657	0.04266698155965679	12.0580609678791	26.36311180363401
270	tsk_550	3.8040136161349435e-06	46.2601377907338	1.9682147059351904
271	tsk_101	0.028484318723825536	22.208609450060013	25.530977786634683
272	tsk_375	1.9461627266292765e-08	27.77583331725222	28.363413286596234
273	tsk_11465	3.6312181864820574e-07	44.1879808056363	41.92157735890942
274	tsk_10739	1.44130849916681e-07	48.42959340338267	13.274044760008048
275	tsk_9985	1.7702559480024293e-09	47.56777085404391	27.58630894690374
276	tsk_9034	3.946749940988613e-08	27.328208302332865	15.23770501111418
277	tsk_5025	3.994757421017064e-09	29.350079252712128	10.468079724873787
278	tsk_712	8.862130827808711e-06	37.44249992595128	47.22991579980269
279	tsk_8074	0.0003686696195890806	29.183932215768525	31.53792003371236
280	tsk_6702	7.319430083914813e-08	41.72857920441684	19.51040761339632
281	tsk_10768	1.7187182742534768e-07	38.83864786072836	28.917594664682376
282	tsk_7061	3.7626520669713864e-10	33.91998448058979	19.70572067139821
283	tsk_625	1.201372238784349e-07	26.29402513039266	25.60520782451338
284	tsk_2845	8.375816765137149e-09	41.89579807944173	2.384466885012665
285	tsk_6587	4.946633716412171e-05	25.171529502112868	32.430638307349845
286	tsk_2723	1.1457123297057074e-06	30.39248965650468	5.139029045005335
287	tsk_11309	4.287225986631602e-06	27.42287315858636	34.281352507098426
288	tsk_4903	4.6641460569215756e-07	45.03247645270991	15.689921945103684
289	tsk_406	6.327839880391481e-09	29.44091598399598	10.90489751689139
290	tsk_2789	9.640594435318625e-07	39.232676961687865	35.4315018248591
291	tsk_11817	1.4140196125281902e-06	25.865570071540592	44.8240797298137
292	tsk_3914	5.485082219712134e-08	41.53766037716374	20.710189602352035
293	tsk_2518	2.6450252406353204e-07	36.32215629530216	32.44413612030821
294	tsk_10032	6.463677030635537e-05	14.262288644198955	45.24279565890883
295	tsk_10106	4.421182194994076e-09	48.28081461370064	11.332650385750483
296	tsk_8028	1.6719320606999117e-06	29.6895635221816	14.211238639966874
297	tsk_9505	1.377241346966163e-07	29.750300282584018	21.493308810520247
298	tsk_11279	1.6723271961689025e-08	34.497017524763486	46.47250848897987
299	tsk_2445	6.963338300157833e-06	24.57705141085666	12.652073788141452
300	tsk_1387	7.913932157763549e-10	35.2376210224999	18.554842026316003
301	tsk_8872	0.05134160601416554	2.56203767208442	33.06317993261332
302	tsk_8879	7.631888051586826e-08	25.68488478190056	6.535043729792773
303	tsk_66	0.00023746554092775603	49.23047766823712	46.26758287116541
304	tsk_525	2.430435157931671e-08	25.232765943255863	29.509728867014573
305	tsk_8560	9.75291627919123e-08	48.10137620489473	21.165265797258048
306	tsk_10508	2.0883084489725574e-06	34.370669564291376	42.23327491264598
307	tsk_10162	7.522181734684939e-10	29.460995295609777	40.62620247629447
308	tsk_1750	2.12356607306674e-08	38.11040698748921	17.96337685515624
309	tsk_10846	1.9680385865352875e-07	47.24645387849961	25.34498357096049
310	tsk_1956	4.87143512043292e-08	26.32401270409581	13.471822488931473
311	tsk_2654	1.735938447262211e-08	41.60975047523685	33.49078528987934
312	tsk_7920	6.571870850513549e-07	48.01287580415656	30.67212419706887
313	tsk_8084	3.209752881559111e-07	35.17014150267339	13.859973292046362
314	tsk_10894	1.201381766416195e-09	27.552908267269235	9.841366296383343
315	tsk_9289	6.120973966542641e-07	43.23781690325321	1.1001684241491712
316	tsk_733	1.792912769725542e-07	36.26417003418986	14.237289021993895
317	tsk_3626	1.4287805660642663e-07	43.75827279410485	9.257801246920597
318	tsk_5706	1.1758538200033998e-06	32.31225307988669	31.570727794154013
319	tsk_11030	1.711619468003739e-05	38.0983839132983	32.56674586194051
320	tsk_7147	4.090748398836764e-10	36.32967730782136	30.252189745636475
321	tsk_11266	2.476345764325745e-07	40.03243076785519	20.643177742749344
322	tsk_2936	5.4474788728433614e-09	31.23621610127121	42.35600747037186
323	tsk_9299	2.3264786263407825e-05	46.80742231630367	36.00192814664836
324	tsk_9269	5.039845491244675e-07	43.40390407721755	24.457611353305545
325	tsk_1271	0.004494460436379836	16.147503480913976	11.709884758432135
326	tsk_4230	3.121454372289624e-08	39.26011410690747	44.69234458650121
327	tsk_7260	3.7378035104939415e-08	32.500951808839304	41.29234720844913
328	tsk_8092	1.0378510513613024e-06	27.359716654717563	25.09065806265607
329	tsk_10351	1.1779747316760379e-07	48.7919681151847	22.557043012316765
330	tsk_1338	4.5373705154700445e-08	30.95718707961262	48.69192889866474
331	tsk_9701	2.4711201680841924e-09	42.516448815343175	34.4053919983734
332	tsk_7985	0.028499974800370212	11.87256570214765	33.92063014797805
333	tsk_5382	1.281560721946365e-07	40.461266610379	1.5393530558581432
334	tsk_4756	6.657460448678387e-08	32.183183024927224	45.06015872380852
335	tsk_4403	1.8921719951810766e-08	42.26428384174435	30.126367008144165
336	tsk_536	0.00021447418911573252	27.32377110552293	1.0634212700082772
337	tsk_18	4.408838123648263e-06	28.863476318778226	48.61918954812026
338	tsk_10602	8.847984225684242e-10	28.77414090749369	7.348957587585079
339	tsk_5069	4.669139777885695e-10	46.21137582877442	28.494951814873623
340	tsk_7213	7.275325469748361e-09	42.61355016839678	39.02251067644048
341	tsk_4258	1.3714147584649719e-08	27.235796942406942	41.844534548462846
342	tsk_8296	3.8070092669872057e-10	46.622945877049965	27.791304756674403
343	tsk_3581	0.03918697165615449	15.15270233810162	19.537319397918264
344	tsk_8707	4.914035154261868e-07	47.694269613615866	1.8382017712905625
345	tsk_6566	4.85163962019135e-10	47.29959908560481	28.776771434278963
346	tsk_10448	1.7049881031802004e-09	35.69253709198393	18.41025387940669
347	tsk_9629	7.530043406768486e-08	30.304310957913305	47.651371487614654
348	tsk_3173	6.778883620816052e-09	42.523083552065806	13.83730003253884
349	tsk_4158	1.491082737982824e-07	42.8136077674167	43.83031857700151
350	tsk_3401	8.749464891043952e-06	27.20305365518601	22.74031765947489
351	tsk_7102	5.110713871490581e-07	25.378472660659018	25.20423978294869
352	tsk_5434	1.0092204767810745e-06	38.46700064708433	35.71452065668158
353	tsk_5650	1.6322003119096962e-07	39.37380675836644	25.2823134207906
354	tsk_5917	2.7725911077813493e-05	37.683130689410696	11.30907716502448
355	tsk_3667	2.3273904274193626e-09	42.98969474830584	38.33133329164214
356	tsk_1780	0.04732845820740714	10.541663864388916	46.127001968017055
357	tsk_9292	3.243015920099657e-07	26.563399494616508	5.14621865900853
358	tsk_9131	1.910536263984934e-08	27.780410206379003	28.730650050726503
359	tsk_11881	4.123517183137202e-07	41.0637266045737	39.21975614224891
360	tsk_1832	4.598892186022622e-07	47.15075012419227	41.63441124675408
361	tsk_2710	9.268401738927328e-10	43.70978950278888	36.92657513540862
362	tsk_3682	1.31879826848182e-06	48.65411049599759	26.585625772162004
363	tsk_5287	6.798060324639504e-06	48.32111869222198	2.8982695155098925
364	tsk_5342	0.05329062577654681	18.47203397187592	1.818893730692628
365	tsk_8492	1.9731572171943533e-08	31.52690484284987	19.041187980590315
366	tsk_7486	1.6650719871511868e-07	29.45530547104265	21.32590342550981
367	tsk_8570	9.681785110196994e-08	43.52795472148357	40.02858008604811
368	tsk_2252	0.0038882419153827524	18.637215231014505	48.75324408564133
369	tsk_8675	3.0895789917241947e-07	29.85564108168935	43.80213388872156
370	tsk_8037	1.3892869416879107e-08	31.79549594254477	46.43262739203275
371	tsk_3165	3.1402691933240454e-07	46.60448022759671	17.966241874889818
372	tsk_1143	5.184610206523503e-08	33.97471833847279	15.061541648550802
373	tsk_9135	4.410747363559163e-09	47.302343048915695	8.472130140768872
374	tsk_1530	4.3946251626712206e-08	28.97554205916029	5.538199027982291
375	tsk_10644	2.4087185561907233e-08	30.40294059370884	19.79560751048703
376	tsk_7231	5.374256578289825e-07	35.62147744303487	47.28224179863871
377	tsk_6931	2.9584232791815393e-06	40.69642147880818	14.200170431486034
378	tsk_8690	4.569041084316168e-06	32.61764178511555	7.278647988150989
379	tsk_5183	2.7797537442348856e-06	40.41000419046036	10.087720938714751
380	tsk_11276	5.022523073998294e-08	31.435205791687714	45.891429957154905
381	tsk_3012	8.762227676292248e-07	40.75585033402386	25.27931415972972
382	tsk_6705	2.2924669168712488e-08	30.336017605454145	18.79643596548508
383	tsk_8989	1.9436515808301563e-08	45.951349555884384	26.967167594024403
384	tsk_3035	4.858623992839386e-09	42.84129668252714	14.287119329419616
385	tsk_5060	2.600818119411428e-09	31.629376076138804	40.996210374712696
386	tsk_281	3.543239922644158e-07	32.00600699163642	28.87569060685184
387	tsk_11156	5.495599589915651e-05	36.78007574804065	1.1166244815251465
388	tsk_6506	3.0764289181238597e-09	39.09100236497467	42.88941535658965
389	tsk_8144	0.000413190885200922	4.28429384639183	29.153446256254924
390	tsk_11149	5.7807103828765675e-06	38.93931952665357	6.843863508978563
391	tsk_19	1.1466415478349898e-07	40.82158866273184	8.547522094296836
392	tsk_6840	3.2870907003713585e-09	48.14332078328991	8.61978479739852
393	tsk_8271	0.001305771567630849	12.234898247557007	16.862325482604625
394	tsk_3699	1.6874069359769103e-08	44.87080251687341	8.33075097704435
395	tsk_6692	1.7661424486235917e-09	43.31289482742173	21.40186136606278
396	tsk_8728	0.05328017140769506	6.008007567246013	42.92905537122336
397	tsk_8289	2.6564257824580537e-08	34.4908210006773	28.945141034095684
398	tsk_7789	4.433030495493164e-06	41.36139893089194	16.561473878823318
399	tsk_10191	3.7402979000535214e-07	40.936949065475766	9.573617614425306
400	tsk_618	1.84727004305387e-06	31.657370652228856	16.90119908807257
401	tsk_9554	1.0110057815145332e-09	30.557063038680365	41.92728605690765
402	tsk_10986	1.43100898999011e-07	30.7861250207565	12.271562931510696
403	tsk_11800	8.689471972291462e-09	45.1600148472894	8.43861355924442
404	tsk_7827	0.05330822733722206	3.992791087741221	48.81757051200179
