	sampleID	sample_weight	x	y
0	tsk_3201	0.0025656704215541158	37.1095495543173	8.475178278879106
1	tsk_818	0.002615697992232529	48.35173204322674	43.45275135674894
2	tsk_6279	0.0027714048717678392	16.55387891436771	24.72527475399052
3	tsk_5307	0.0022921835818885427	29.911025338303286	41.81357999462968
4	tsk_2633	0.002428018758619611	37.824714579274485	44.561047525050974
5	tsk_3060	0.0025143361663625473	41.05693007468425	41.655483033795385
6	tsk_9200	0.002515543240616258	25.94327699156614	19.70812267341277
7	tsk_7960	0.002435022587998816	46.78456032660842	24.901893264836115
8	tsk_2228	0.0027201068504953724	18.225449419558515	7.723215720361405
9	tsk_5919	0.002479158692876083	28.72990847834976	19.398955895796195
10	tsk_4964	0.0025202262919672815	25.00435927007738	43.221088856019385
11	tsk_10464	0.0023474451897108925	47.90552224170644	12.031839016457107
12	tsk_8294	0.0023465165105158296	43.99273665099778	35.575322434235666
13	tsk_11151	0.0024358483224691703	44.95476255714746	49.04696993784961
14	tsk_1795	0.002389471485413162	25.3699865313457	28.940766615022195
15	tsk_11663	0.002487424498255804	42.16346017480873	46.3171204987794
16	tsk_7816	0.0023918942821050102	44.4200401417852	37.25441619573131
17	tsk_9624	0.0023852351658275764	29.95053664571744	8.362819780294176
18	tsk_922	0.0023558481537565863	34.16162734996489	46.19590610333365
19	tsk_235	0.0027339332181798744	15.777324002866756	42.761384951228166
20	tsk_7651	0.002703400006093455	49.65374334407856	39.558059043875545
21	tsk_4108	0.0024393328206700846	41.34942203954101	7.777238978274378
22	tsk_1213	0.002363386880219607	44.056750538054	47.766027757385565
23	tsk_10568	0.0024480892626072854	29.697445244729003	34.4922531065051
24	tsk_9794	0.0025517952849354055	30.839318046648817	25.51741609372634
25	tsk_10814	0.0024324246612850804	44.41213844053179	21.26467174611814
26	tsk_3338	0.00233556586011733	34.73560182473811	20.368930580152004
27	tsk_2958	0.0023483063072818203	48.46594831026619	9.56102731474798
28	tsk_5439	0.0024503026625727732	45.55547968557414	22.072708694145607
29	tsk_2122	0.002499705004217696	42.41430657701773	23.621713400742504
30	tsk_5450	0.0023479240183266617	26.31888991460012	28.84687123589816
31	tsk_10332	0.0023635051531128914	43.85371592755515	14.310983857805
32	tsk_10833	0.002378392601749083	43.81328688668936	33.7197100093463
33	tsk_5581	0.0024902135550696975	36.54230474818759	38.447988780860896
34	tsk_7706	0.0024570577643488155	41.39928150971711	37.184446892414925
35	tsk_8128	0.002449023757824538	29.94619848991541	33.984874506588206
36	tsk_5829	0.002355335069806238	26.54141719821707	7.024888019633586
37	tsk_11121	0.0027559833321337203	13.32732783146696	12.08019029192801
38	tsk_4894	0.0023623742300102613	29.98656918178144	7.142864361015876
39	tsk_11032	0.0025458026422532313	47.44683967285791	41.25684665710497
40	tsk_1722	0.0025477991243754825	30.41579009150465	25.889982834316207
41	tsk_10590	0.002684449344921787	17.31450012730684	9.682428796275271
42	tsk_407	0.002586418967767129	48.85224053737982	34.571614026478926
43	tsk_11063	0.0024281462171371836	44.3932199712304	38.90759813825576
44	tsk_8888	0.00239493868522647	32.02147851198494	48.15550360948383
45	tsk_7170	0.0023979037856157485	44.43544186829577	46.85202326035234
46	tsk_2366	0.002367896118907973	31.713374138733883	30.26167459571702
47	tsk_387	0.0024517016822946215	42.75924638929462	45.93202351114648
48	tsk_1022	0.002443937895646829	46.47049280257537	30.649848830186656
49	tsk_9207	0.0023691792042258592	32.62975779590108	19.69627714303641
50	tsk_9253	0.0025596851480942126	33.55587684656997	37.1200319632494
51	tsk_4393	0.0023812861807577957	46.27264352915876	10.911522671391692
52	tsk_8336	0.002354814793799657	47.57389920652139	12.484810708691851
53	tsk_687	0.002470039222988062	48.74108824667524	21.573300944392543
54	tsk_1100	0.0024302093823837345	45.04563499770493	23.50502740142407
55	tsk_11027	0.002576608347128292	35.84518934626723	3.1066754937258603
56	tsk_2419	0.002500246995947438	45.49658393815109	5.231526253324676
57	tsk_7716	0.002418860678367964	43.6982295419832	32.55571166571051
58	tsk_1973	0.002426292440248433	42.110051937979314	32.151364863695946
59	tsk_7684	0.0023444862185097465	38.69899590818878	43.91733440260973
60	tsk_4910	0.002641426298634027	49.23224488564362	15.166501577880322
61	tsk_11092	0.0023570204264930757	42.92010490549541	13.736864607885902
62	tsk_2367	0.002553734112017374	37.42771082139278	10.752475891424726
63	tsk_5049	0.0025058409353898945	39.77340755834654	29.85090490957019
64	tsk_156	0.0024344578210425535	37.916119625028784	27.340126083854525
65	tsk_7348	0.0024624020943222447	44.08422571821583	29.19344225407432
66	tsk_2481	0.002774958981946326	4.95522968804304	6.767890831928903
67	tsk_2587	0.0024102263671362816	40.26738445297236	42.83231469435574
68	tsk_3193	0.0027773819804435807	7.219975647410015	12.853261683977957
69	tsk_6924	0.0023540957307249576	46.59434628056418	28.83883227458421
70	tsk_571	0.0026150653733346134	48.74358706986242	18.26425881804892
71	tsk_3046	0.002724152843488469	17.254740936680214	13.644424011580476
72	tsk_6998	0.002490810371282853	26.65062387620821	34.25027989030959
73	tsk_11325	0.0025661820005942826	31.72190605456804	10.648276740292618
74	tsk_5488	0.0024808423964787266	25.889509925426392	15.99664914722304
75	tsk_2022	0.002573682171153581	35.55370053091798	35.23273019738335
76	tsk_201	0.0024130878842314606	46.998677548355786	13.165106415955597
77	tsk_9127	0.002684624765805576	25.55604126630296	1.934907529801838
78	tsk_8644	0.002673442204903481	2.9415850474921985	28.38053139598041
79	tsk_8433	0.002460953488642243	28.237117567601768	44.85010324964887
80	tsk_4118	0.0024460130649262665	36.50999528366433	27.76540997204868
81	tsk_4476	0.0024648413282868497	25.96031275409757	17.49343457225773
82	tsk_9881	0.0023718498820482687	46.59267327115085	11.787752973126228
83	tsk_2114	0.0025485901461763296	47.66180419951824	33.44829046497325
84	tsk_10122	0.002422800862158518	39.17761859422498	16.531102876038215
85	tsk_3541	0.0023685634810632636	36.686581105356254	18.20650599716833
86	tsk_5521	0.0027774308588123186	3.192196941133803	1.6837056834293536
87	tsk_4276	0.002555218315779933	38.08985140872507	6.136627723391316
88	tsk_2214	0.0025784617886560877	38.51328222531942	1.930764680798162
89	tsk_5355	0.00245561046673066	43.84123989927142	18.23841447080881
90	tsk_835	0.0024788116551858635	37.55067682228747	38.5602918037283
91	tsk_3433	0.002764289468274268	13.428490809880255	23.204215179962787
92	tsk_10298	0.0025191413349636544	27.255273224290463	46.30295624962038
93	tsk_4329	0.0023063897445799214	33.79543001815755	19.41155457887007
94	tsk_4796	0.0023076652109517625	36.204669220739554	29.689321239996968
95	tsk_1699	0.002403482041861789	32.67622855558018	43.10159607228869
96	tsk_2517	0.0022931802652488386	34.98748504234482	19.57319868077472
97	tsk_8899	0.0024835383287378026	25.2272871971335	9.406481346832695
98	tsk_6743	0.002536921646999369	48.76906225132126	47.5031613085542
99	tsk_2623	0.0023614919349221383	44.88068676245456	47.662647451737
100	tsk_1089	0.0024705954550533994	46.33970859404192	19.78790264065953
101	tsk_9798	0.0025396814268794	44.64798802816883	5.860382108391389
102	tsk_2446	0.0024852450024768443	25.32126795056502	12.680548913861344
103	tsk_1851	0.0023039710377613905	42.76855120903651	34.99297629703137
104	tsk_5795	0.0023285483566643124	27.598268170148664	8.024513640027491
105	tsk_8951	0.0023147208541584165	34.248127782818514	18.75178722464452
106	tsk_4607	0.002455050411459462	45.16930800989324	32.697700969337355
107	tsk_4661	0.0023547179822547095	38.28830850785344	43.18170246238195
108	tsk_4011	0.002436718557729898	30.70266873470121	17.749193689161704
109	tsk_1393	0.00247055727082591	30.29638261251157	22.31983111769712
110	tsk_11062	0.002571554718399409	40.60931510967305	24.64095545945412
111	tsk_6308	0.002362256052271065	36.06065871909354	14.62410119920948
112	tsk_5104	0.0025735031913323783	36.51684126570388	25.195105121358093
113	tsk_1784	0.0023875476202677476	47.63793869325869	29.04515587514695
114	tsk_971	0.0025462558788589833	33.970929412408985	36.868612055790805
115	tsk_2057	0.0023665227292626176	31.79202154543734	30.142497488519663
116	tsk_324	0.002327678645700769	35.765492736468886	29.1233618825485
117	tsk_3210	0.0023827223735836357	44.7813183016021	9.67916105262804
118	tsk_5195	0.0025816940834065658	42.519688312188016	49.1538607580687
119	tsk_10781	0.0024671910163030363	41.98208749961214	18.98138926926977
120	tsk_11834	0.0023555653502231183	26.48413128057792	8.214648618338542
121	tsk_5226	0.0027463518319326206	22.975456194434223	35.443443484319126
122	tsk_6003	0.002458521030581146	28.29524401784237	13.714327113424906
123	tsk_4998	0.0024540921991182247	25.563170651950475	9.404407585300945
124	tsk_8208	0.002352342574999107	39.45172049066813	43.79338734907447
125	tsk_11118	0.0026470987466072874	27.443375545940665	36.987453656975774
126	tsk_8088	0.0025131110337432688	25.666047528209663	42.42491594857872
127	tsk_3138	0.0025471005445476293	27.633562349083466	47.502114625467165
128	tsk_10287	0.002412771485072933	40.5825578020712	9.721558823245992
129	tsk_3039	0.0024353115368269734	39.559894283156346	18.85071735156172
130	tsk_10543	0.002378750760747856	31.651169086446767	29.87401671373341
131	tsk_6992	0.0023977879002041406	45.08837540533945	16.27705158546397
132	tsk_10838	0.002498475289724772	28.72113120363905	17.61837597077336
133	tsk_10577	0.0025132491971726727	29.470446167895467	35.570798318745155
134	tsk_7669	0.002486228059934932	31.908027266335992	7.03183521961427
135	tsk_2853	0.0024744896399937623	47.62583775103785	1.733144269914871
136	tsk_5267	0.002509990922113558	46.22330907864417	34.24096279210921
137	tsk_9903	0.002462384452767483	27.358374422271304	33.15751420784412
138	tsk_11005	0.002450572309802397	37.83903228207856	25.689326486548875
139	tsk_628	0.0023677358287409332	48.76547211779892	9.517547927949074
140	tsk_7238	0.002339252104965537	33.172609598241415	46.37598399145621
141	tsk_11303	0.0023399374368635205	28.671492112238862	42.067928106669605
142	tsk_1101	0.002335855230244405	35.382738328159284	30.89986790872382
143	tsk_4172	0.002342624651248896	34.61031521900665	30.14714744244684
144	tsk_2947	0.0024631093711104265	35.180420731344405	8.772760444355487
145	tsk_199	0.002358669465038068	46.41349763097278	28.18320906906665
146	tsk_4949	0.0024383089170345734	47.50652620948964	24.27935580487048
147	tsk_10976	0.002416835322704066	44.56669001501188	13.88938041241918
148	tsk_6657	0.002636152857657613	46.81084003995629	44.76173707611956
149	tsk_787	0.002415951670999925	36.3658138719797	42.65605099870815
150	tsk_6460	0.0023957605232309293	42.52237952113587	29.66446228754733
151	tsk_7846	0.002393380722267262	27.524228849360146	43.65872272818124
152	tsk_1098	0.0027772586932945324	19.92691968549577	19.65800441055136
153	tsk_4594	0.0023833060374027796	33.988853972621705	47.53383714818506
154	tsk_7211	0.0024324801710723333	26.585015209996275	13.75381920728299
155	tsk_6573	0.0025413740922941674	39.99295567299392	31.85514176512524
156	tsk_8360	0.0023605506872091822	35.85432317012567	15.302445733227614
157	tsk_11824	0.0023819774303200864	30.13582100430853	6.452508486912866
158	tsk_1037	0.0024677216049427205	34.705289698856674	8.514381554096255
159	tsk_9103	0.0023679359651099722	38.160127814137525	20.035628803299307
160	tsk_1171	0.002391785289815306	41.39563321615655	1.3972469797993778
161	tsk_549	0.0025697268197396135	36.90183408362055	48.80546474399891
162	tsk_8536	0.0023038947498041622	42.82164617964701	35.01948059578208
163	tsk_9657	0.0026146412754748803	31.9390834897234	34.47729365898641
164	tsk_10910	0.0024594643732155077	45.04349988845116	18.93201787326068
165	tsk_7850	0.0024805294186801166	42.55594350101193	44.62836831890248
166	tsk_4544	0.0024563080614369358	29.41677696908232	14.652696065829154
167	tsk_4025	0.0027685777740019996	13.683122462954938	36.64573067942093
168	tsk_3615	0.002533089262826657	45.54765189794593	3.9616773932514233
169	tsk_6529	0.0025427980907209696	31.02187498007665	11.854840256515384
170	tsk_1986	0.002415807871597091	43.334473831058965	22.211331105178992
171	tsk_6806	0.0024564170347435963	27.60013376195977	16.25431584525173
172	tsk_2043	0.0024412129371850725	39.69965385882907	15.909670961105638
173	tsk_9639	0.0024842936627089383	25.58227858780949	17.763551073583734
174	tsk_5807	0.002403726257450555	38.485426210559446	20.571806872127105
175	tsk_631	0.002443644293411076	38.6327358652359	25.876299664599607
176	tsk_7982	0.0025962470567368005	14.814479754800065	45.57943016372128
177	tsk_4749	0.002387741703847862	42.94362429324322	39.95176021654679
178	tsk_8209	0.0024553572907352423	28.587025768958988	24.326162121887943
179	tsk_3781	0.0025474710301267166	47.43804400147233	16.50223473763734
180	tsk_11594	0.0027316447970094676	18.81255985669785	43.54082825036862
181	tsk_2807	0.00246823009200429	34.79052510052687	8.912412504285589
182	tsk_4731	0.002439031010706678	49.07806691603962	8.116186701533454
183	tsk_6595	0.0026266115713721025	19.470088530090525	46.38115913299495
184	tsk_10462	0.0024791433605239744	29.613922261473025	32.57628654006661
185	tsk_6099	0.0024720450246448426	45.83570484609749	31.65689928256567
186	tsk_1566	0.002511265534252134	47.054923397197925	47.61833432165195
187	tsk_3625	0.002368260903524624	45.26858381594629	9.711602660532815
188	tsk_10936	0.0023172817420688994	42.99593820725144	36.36708961663892
189	tsk_1819	0.002392142357487543	32.540860984141766	31.053555345530533
190	tsk_7119	0.0023007478485305086	30.677754155136064	41.29882699622575
191	tsk_3972	0.0025326255771199544	31.25635474383639	14.81034976318904
192	tsk_4285	0.0026031103933324743	38.44817379095225	4.107953193452241
193	tsk_2257	0.002371150046278924	44.050141118373126	48.178922277861126
194	tsk_2049	0.0025753044608392535	30.97269777320418	38.1298269157969
195	tsk_6585	0.0023882998487082864	35.06028456142573	42.54324429860844
196	tsk_4714	0.0025167610684196165	26.138555664192182	31.73379502760792
197	tsk_11404	0.002460731587184895	47.53622570174907	20.359951952482465
198	tsk_961	0.002404117430275168	42.98577606104827	29.432031291959795
199	tsk_7435	0.0025378837423575937	38.96235369908122	48.1909178976204
200	tsk_4281	0.0023366094074080495	28.26856732134987	7.024979685985198
201	tsk_3539	0.0025873857365591637	28.53166985001154	2.453515294679661
202	tsk_2453	0.0026913671868449827	8.705654543813054	7.600792598678199
203	tsk_8593	0.00266556871328864	33.783383615594715	24.13752681619613
204	tsk_11523	0.0023449802998820476	36.71782885319511	30.415064609848123
205	tsk_2213	0.002625650769204591	36.09039347899252	4.900451751387166
206	tsk_6152	0.0024017563012920665	29.76371039503352	9.181596000580376
207	tsk_8196	0.002461838608973232	35.395824490844525	31.96710706916949
208	tsk_128	0.0024722754608393948	38.6317995224502	41.58010470582524
209	tsk_6771	0.0024044480319787885	41.43743019767483	2.8331898701889564
210	tsk_8985	0.0024475734840638374	29.94369364600984	39.02160498093165
211	tsk_11487	0.0023741215920129962	41.55887111070517	2.4267935005251235
212	tsk_6383	0.0025325213084379456	39.34052527625469	38.91629879206147
213	tsk_1033	0.0024179377269898644	32.69194913979884	43.675104337286726
214	tsk_10381	0.0024289294012509862	26.050902699332653	24.75004777012285
215	tsk_9233	0.0023753747483205704	36.94189552653922	15.53828897505696
216	tsk_1630	0.0027773653246759796	17.582727453284	29.629700141172105
217	tsk_4926	0.0024412574265765706	38.68589308804141	28.6021055447814
218	tsk_5968	0.002528640401433631	36.02211701413142	39.36414298589389
219	tsk_11275	0.002618246598404143	18.10170341381648	46.447244646592566
220	tsk_1334	0.0023505227071193456	26.20253974051714	29.046305255033964
221	tsk_7310	0.0023586685164347356	41.42951466400144	35.00770977936954
222	tsk_354	0.0025445165783356855	49.0135815357959	37.03700508502106
223	tsk_4538	0.0024381697340683877	33.57985855185745	14.654531045798269
224	tsk_3232	0.002537728979739976	26.013445306309627	22.793301080953256
225	tsk_3314	0.0024083362530352105	26.69549707526528	43.82344432486215
226	tsk_9156	0.0026929110146229965	10.17876241880575	8.607260257440633
227	tsk_3265	0.0024575992209105095	32.40141837142327	21.176940003196968
228	tsk_10962	0.0023612619982535245	26.395622614566715	28.337856213509724
229	tsk_998	0.0023758359326632944	46.35146805678243	8.256248150647265
230	tsk_8230	0.002442514792826478	28.16075036239365	40.020193218817255
231	tsk_9133	0.002542672424636929	33.6228817289689	22.30707611856295
232	tsk_4917	0.0025099154455902025	48.074005284408464	6.572201191783205
233	tsk_8167	0.0023423298708527473	34.06353070294442	46.716852897270094
234	tsk_4388	0.002436921588206772	38.62110861998834	15.229710519013052
235	tsk_4637	0.0023297156730238008	43.38137578017708	36.90378853794184
236	tsk_7171	0.0025376307042589796	49.01405426018511	36.75836493455633
237	tsk_9373	0.002471683748310567	41.80207478887091	7.580963016825449
238	tsk_2182	0.002528772357994223	28.272555817722004	3.852508893386041
239	tsk_3395	0.0023789501110658196	28.12800696780907	42.87152677067608
240	tsk_6536	0.002442801291907209	43.06668471207228	1.4505960367418125
241	tsk_4670	0.0024863853842047234	38.54833129805999	37.29827073987785
242	tsk_10025	0.002517768386075727	26.163223731855165	19.844148036839307
243	tsk_6041	0.002337954464125077	29.333849580971386	40.18177006547249
244	tsk_5516	0.002336707791517966	47.8368091958344	10.312134527682684
245	tsk_8654	0.0024094622459689976	45.74800633053699	48.10867122059061
246	tsk_6027	0.002423875130771205	42.84629540746124	12.855385247285591
247	tsk_6547	0.0023824894997364517	37.75057847263298	20.241211852224456
248	tsk_1495	0.002532416053893152	36.520597109674384	35.786502507478765
249	tsk_3890	0.0022983648805432917	35.5312418844065	29.986678848211785
250	tsk_10400	0.002347145073354577	27.47411011887572	8.662776471295558
251	tsk_11697	0.0023972049017148456	44.89736462189356	17.086529740441456
252	tsk_3587	0.0027598101849849264	22.223506691520203	7.923474897684881
253	tsk_8862	0.0023896429636378947	42.7854764965835	30.517506076985413
254	tsk_8569	0.0024041279348532216	26.42280463772658	5.917011350483239
255	tsk_2903	0.002763372988594316	22.012753075927463	41.69059558457513
256	tsk_4852	0.0023556969779906342	37.7471800626974	19.24187909019573
257	tsk_3459	0.00242264694844286	43.68730442389949	16.54140082701625
258	tsk_3572	0.002611524336729745	35.158811321487875	1.5452607887608911
259	tsk_9054	0.0023051777038739095	35.098888951167915	19.80375018271846
260	tsk_2141	0.0025229255576191246	49.0088302581551	24.47938306955695
261	tsk_5537	0.002416482775341095	44.646956223206494	23.375673954695102
262	tsk_3959	0.002546534341758277	47.43729202921818	5.150889429966922
263	tsk_238	0.002402466987381974	30.63442626286865	48.82101201184763
264	tsk_2672	0.0024659687692658327	29.133071598993297	23.935254545668904
265	tsk_9901	0.002304715831353282	29.14963287220633	41.18422575497144
266	tsk_2773	0.002391684568535825	37.48361136820802	16.223327637863573
267	tsk_179	0.0024070141946588293	40.81642134424539	34.14512162314896
268	tsk_5657	0.0027711046238051585	12.0580609678791	26.36311180363401
269	tsk_550	0.002521782161096581	46.2601377907338	1.9682147059351904
270	tsk_101	0.002762914466656229	22.208609450060013	25.530977786634683
271	tsk_375	0.0024340484100205378	27.77583331725222	28.363413286596234
272	tsk_11465	0.0024752330312514045	44.1879808056363	41.92157735890942
273	tsk_10739	0.0024431401317528897	48.42959340338267	13.274044760008048
274	tsk_9034	0.002429560943627143	27.328208302332865	15.23770501111418
275	tsk_4279	0.0024688452478940364	44.96894909447491	41.32293209676893
276	tsk_8291	0.002416584049779709	34.09599122833346	15.548068322219027
277	tsk_5025	0.002434047334033434	29.350079252712128	10.468079724873787
278	tsk_563	0.0024017885884409238	35.51131757888593	42.9186429047917
279	tsk_712	0.00253085970605315	37.44249992595128	47.22991579980269
280	tsk_8074	0.002537878851933728	29.183932215768525	31.53792003371236
281	tsk_6702	0.002448317529682694	41.72857920441684	19.51040761339632
282	tsk_10768	0.002448029753373968	38.83864786072836	28.917594664682376
283	tsk_7061	0.0023025340685061775	33.91998448058979	19.70572067139821
284	tsk_625	0.0024389934207700937	26.29402513039266	25.60520782451338
285	tsk_2845	0.0023746192033734397	41.89579807944173	2.384466885012665
286	tsk_713	0.002392359321041072	43.63231136415612	40.64897063319783
287	tsk_6587	0.0025675397691121587	25.171529502112868	32.430638307349845
288	tsk_2723	0.002494465909337388	30.39248965650468	5.139029045005335
289	tsk_11309	0.0024627472540422325	27.42287315858636	34.281352507098426
290	tsk_4903	0.00240628289374358	45.03247645270991	15.689921945103684
291	tsk_406	0.002456803523829391	29.44091598399598	10.90489751689139
292	tsk_2789	0.0024908016133302247	39.232676961687865	35.4315018248591
293	tsk_11817	0.0024973691308341683	25.865570071540592	44.8240797298137
294	tsk_3914	0.0024639156497795905	41.53766037716374	20.710189602352035
295	tsk_10032	0.002597072254432187	14.262288644198955	45.24279565890883
296	tsk_10106	0.0023595785918402576	48.28081461370064	11.332650385750483
297	tsk_8028	0.002465707751939796	29.6895635221816	14.211238639966874
298	tsk_9505	0.0024307739118768564	29.750300282584018	21.493308810520247
299	tsk_11279	0.0023608399346561055	34.497017524763486	46.47250848897987
300	tsk_2445	0.0025419535029281726	24.57705141085666	12.652073788141452
301	tsk_1387	0.0023184994822002866	35.2376210224999	18.554842026316003
302	tsk_8872	0.0027764140690915177	2.56203767208442	33.06317993261332
303	tsk_8879	0.0024294606856253304	25.68488478190056	6.535043729792773
304	tsk_66	0.0025053889348550075	49.23047766823712	46.26758287116541
305	tsk_525	0.0024164016495721637	25.232765943255863	29.509728867014573
306	tsk_8560	0.002449390848491158	48.10137620489473	21.165265797258048
307	tsk_10508	0.002403313170094217	34.370669564291376	42.23327491264598
308	tsk_10162	0.0023090875912046556	29.460995295609777	40.62620247629447
309	tsk_1750	0.0023964631856320607	38.11040698748921	17.96337685515624
310	tsk_10846	0.002427680737974183	47.24645387849961	25.34498357096049
311	tsk_1956	0.0024394756532935906	26.32401270409581	13.471822488931473
312	tsk_10665	0.0024255402235749037	35.40911764743486	41.58061396542049
313	tsk_2654	0.002376288913485432	41.60975047523685	33.49078528987934
314	tsk_7920	0.0025137925808513015	48.01287580415656	30.67212419706887
315	tsk_8084	0.0024174019081127135	35.17014150267339	13.859973292046362
316	tsk_10894	0.0024297783856220617	27.552908267269235	9.841366296383343
317	tsk_9289	0.00247880267902956	43.23781690325321	1.1001684241491712
318	tsk_733	0.0023889200574244056	36.26417003418986	14.237289021993895
319	tsk_3626	0.0024392431985355203	43.75827279410485	9.257801246920597
320	tsk_5706	0.0024313691831780696	32.31225307988669	31.570727794154013
321	tsk_11030	0.002608650784550629	38.0983839132983	32.56674586194051
322	tsk_7147	0.002314213658192776	36.32967730782136	30.252189745636475
323	tsk_11266	0.0024618634909135064	40.03243076785519	20.643177742749344
324	tsk_2936	0.0023362984383147427	31.23621610127121	42.35600747037186
325	tsk_9299	0.002569727778528846	46.80742231630367	36.00192814664836
326	tsk_9269	0.002507618023059715	43.40390407721755	24.457611353305545
327	tsk_1271	0.0026753826634020265	16.147503480913976	11.709884758432135
328	tsk_4230	0.002405797316844156	39.26011410690747	44.69234458650121
329	tsk_7260	0.0024176160877597453	32.500951808839304	41.29234720844913
330	tsk_8092	0.0024395425923718736	27.359716654717563	25.09065806265607
331	tsk_10351	0.002487910387774709	48.7919681151847	22.557043012316765
332	tsk_1338	0.0023909137296439075	30.95718707961262	48.69192889866474
333	tsk_9701	0.0023140389784983145	42.516448815343175	34.4053919983734
334	tsk_7985	0.0027685781673564024	11.87256570214765	33.92063014797805
335	tsk_5382	0.0024404343572795376	40.461266610379	1.5393530558581432
336	tsk_4756	0.0024011075057400765	32.183183024927224	45.06015872380852
337	tsk_4403	0.0023942840105977427	42.26428384174435	30.126367008144165
338	tsk_536	0.0026348585727370036	27.32377110552293	1.0634212700082772
339	tsk_18	0.002506995573588315	28.863476318778226	48.61918954812026
340	tsk_10602	0.0023332489449650632	28.77414090749369	7.348957587585079
341	tsk_8296	0.002365016703633861	46.622945877049965	27.791304756674403
342	tsk_3581	0.0027739687767336153	15.15270233810162	19.537319397918264
343	tsk_8707	0.0024711177038146855	47.694269613615866	1.8382017712905625
344	tsk_6566	0.002360933689086848	47.29959908560481	28.776771434278963
345	tsk_10448	0.002336139434676277	35.69253709198393	18.41025387940669
346	tsk_9629	0.0023771120371171408	30.304310957913305	47.651371487614654
347	tsk_3173	0.0023685655305456296	42.523083552065806	13.83730003253884
348	tsk_4158	0.0025168780118681694	42.8136077674167	43.83031857700151
349	tsk_5734	0.002360280237517439	30.73470368725552	47.57327648032745
350	tsk_3401	0.0025015043326811	27.20305365518601	22.74031765947489
351	tsk_7102	0.002476089312394175	25.378472660659018	25.20423978294869
352	tsk_5434	0.0024919952226493186	38.46700064708433	35.71452065668158
353	tsk_5650	0.002487154868765566	39.37380675836644	25.2823134207906
354	tsk_5917	0.0025700287012984293	37.683130689410696	11.30907716502448
355	tsk_1780	0.0027741533491142385	10.541663864388916	46.127001968017055
356	tsk_9292	0.002463387822294019	26.563399494616508	5.14621865900853
357	tsk_9131	0.002429722593424817	27.780410206379003	28.730650050726503
358	tsk_11881	0.0025011052347368085	41.0637266045737	39.21975614224891
359	tsk_1832	0.002531637725578742	47.15075012419227	41.63441124675408
360	tsk_2710	0.0023368031093058206	43.70978950278888	36.92657513540862
361	tsk_3682	0.002540135807755089	48.65411049599759	26.585625772162004
362	tsk_5287	0.002523779200465446	48.32111869222198	2.8982695155098925
363	tsk_5342	0.0027774531760508007	18.47203397187592	1.818893730692628
364	tsk_8492	0.002395222138853686	31.52690484284987	19.041187980590315
365	tsk_7860	0.0027081285292189475	25.017124330723863	37.217367967040026
366	tsk_7486	0.0024362227268619305	29.45530547104265	21.32590342550981
367	tsk_8570	0.002377992653292452	43.52795472148357	40.02858008604811
368	tsk_2252	0.0027056821014056257	18.637215231014505	48.75324408564133
369	tsk_8675	0.002440979172284657	29.85564108168935	43.80213388872156
370	tsk_8037	0.0023597154552721863	31.79549594254477	46.43262739203275
371	tsk_3165	0.002474090193690159	46.60448022759671	17.966241874889818
372	tsk_1143	0.0024059872318696286	33.97471833847279	15.061541648550802
373	tsk_9135	0.0023576395881722873	47.302343048915695	8.472130140768872
374	tsk_1530	0.002414852910556222	28.97554205916029	5.538199027982291
375	tsk_10644	0.0023997768696735824	30.40294059370884	19.79560751048703
376	tsk_7231	0.0024473831473530504	35.62147744303487	47.28224179863871
377	tsk_9336	0.0025237677697771046	49.44385263041264	45.99313912863597
378	tsk_6931	0.002517885087641005	40.69642147880818	14.200170431486034
379	tsk_8690	0.0025295889797211763	32.61764178511555	7.278647988150989
380	tsk_7632	0.0025749463566240695	39.319073783587896	48.955449676462166
381	tsk_5183	0.0024415124517035143	40.41000419046036	10.087720938714751
382	tsk_11276	0.002393118545467415	31.435205791687714	45.891429957154905
383	tsk_7316	0.0023929030842874946	42.701827023517154	38.6932816903425
384	tsk_6705	0.0023984920377688136	30.336017605454145	18.79643596548508
385	tsk_8989	0.0024434378895079167	45.951349555884384	26.967167594024403
386	tsk_3035	0.00235860234092885	42.84129668252714	14.287119329419616
387	tsk_5060	0.0023666516322435327	31.629376076138804	40.996210374712696
388	tsk_281	0.002456607999816114	32.00600699163642	28.87569060685184
389	tsk_11156	0.0025946481916295236	36.78007574804065	1.1166244815251465
390	tsk_6506	0.002349967129855542	39.09100236497467	42.88941535658965
391	tsk_8144	0.0026730682519063367	4.28429384639183	29.153446256254924
392	tsk_11149	0.0025532140796880164	38.93931952665357	6.843863508978563
393	tsk_19	0.0023994014418340396	40.82158866273184	8.547522094296836
394	tsk_6840	0.002351708520173462	48.14332078328991	8.61978479739852
395	tsk_8271	0.00277548928331473	12.234898247557007	16.862325482604625
396	tsk_3699	0.0023837207392992713	44.87080251687341	8.33075097704435
397	tsk_6692	0.0024290524424374583	43.31289482742173	21.40186136606278
398	tsk_8728	0.0027774424688460464	6.008007567246013	42.92905537122336
399	tsk_8289	0.002405703743971306	34.4908210006773	28.945141034095684
400	tsk_7789	0.002526612295757398	41.36139893089194	16.561473878823318
401	tsk_10191	0.0024044154422513866	40.936949065475766	9.573617614425306
402	tsk_618	0.002506566239707088	31.657370652228856	16.90119908807257
403	tsk_9554	0.0023010973134898224	30.557063038680365	41.92728605690765
404	tsk_11800	0.002369865224936517	45.1600148472894	8.43861355924442
