	sampleID	sample_weight	x	y
0	tsk_3201	0.002478630660071554	37.1095495543173	8.475178278879106
1	tsk_818	0.0024828077231091347	48.35173204322674	43.45275135674894
2	tsk_6279	0.002498240467210023	16.55387891436771	24.72527475399052
3	tsk_5307	0.0024505472586124036	29.911025338303286	41.81357999462968
4	tsk_2633	0.0024654410210796806	37.824714579274485	44.561047525050974
5	tsk_3060	0.002473798824316407	41.05693007468425	41.655483033795385
6	tsk_9200	0.002485494384593359	25.94327699156614	19.70812267341277
7	tsk_7960	0.002466108494122499	46.78456032660842	24.901893264836115
8	tsk_2228	0.0024935770985476465	18.225449419558515	7.723215720361405
9	tsk_5919	0.0024731021370854684	28.72990847834976	19.398955895796195
10	tsk_4964	0.0024776258812561117	25.00435927007738	43.221088856019385
11	tsk_10464	0.002453880339941555	47.90552224170644	12.031839016457107
12	tsk_9040	0.0024578872849569692	45.26548156037029	17.32261841743697
13	tsk_8637	0.0024538142742178823	27.76287184585584	9.300785017041786
14	tsk_8294	0.0024559940287058064	43.99273665099778	35.575322434235666
15	tsk_11151	0.0024662048472726033	44.95476255714746	49.04696993784961
16	tsk_1795	0.0024593725602328814	25.3699865313457	28.940766615022195
17	tsk_11663	0.00247092073015873	42.16346017480873	46.3171204987794
18	tsk_7816	0.002458445804977346	44.4200401417852	37.25441619573131
19	tsk_2791	0.002474124674929413	33.00662923310772	23.30542372662687
20	tsk_9624	0.0024602227091672134	29.95053664571744	8.362819780294176
21	tsk_922	0.0024612407713273804	34.16162734996489	46.19590610333365
22	tsk_235	0.0024948417403626863	15.777324002866756	42.761384951228166
23	tsk_7651	0.0024916330060694536	49.65374334407856	39.558059043875545
24	tsk_8266	0.002455327322867895	48.08255123573142	12.52237826171674
25	tsk_1213	0.0024587420428421078	44.056750538054	47.766027757385565
26	tsk_10568	0.002467806960018897	29.697445244729003	34.4922531065051
27	tsk_9794	0.0024861440037713058	30.839318046648817	25.51741609372634
28	tsk_10814	0.002460259223068321	44.41213844053179	21.26467174611814
29	tsk_4586	0.0024574513762656344	43.20842225017888	22.48091751992577
30	tsk_5439	0.0024686051624230056	45.55547968557414	22.072708694145607
31	tsk_2122	0.0024668142228035403	42.41430657701773	23.621713400742504
32	tsk_5450	0.0024540250248907916	26.31888991460012	28.84687123589816
33	tsk_10332	0.002462916313869949	43.85371592755515	14.310983857805
34	tsk_10833	0.002460359064942395	43.81328688668936	33.7197100093463
35	tsk_5581	0.002472315801844729	36.54230474818759	38.447988780860896
36	tsk_7706	0.0024609302151666046	41.39928150971711	37.184446892414925
37	tsk_8128	0.0024677530343886274	29.94619848991541	33.984874506588206
38	tsk_5829	0.002457780064328531	26.54141719821707	7.024888019633586
39	tsk_4894	0.0024584181334164636	29.98656918178144	7.142864361015876
40	tsk_11032	0.0024698237760126035	47.44683967285791	41.25684665710497
41	tsk_10590	0.0024903062756802654	17.31450012730684	9.682428796275271
42	tsk_407	0.00248337705551335	48.85224053737982	34.571614026478926
43	tsk_10615	0.002495110099059667	23.451130914832977	21.969047429674827
44	tsk_11063	0.0024625806889452067	44.3932199712304	38.90759813825576
45	tsk_8888	0.0024668799011316653	32.02147851198494	48.15550360948383
46	tsk_7170	0.002462113803303127	44.43544186829577	46.85202326035234
47	tsk_2366	0.002455819626910049	31.713374138733883	30.26167459571702
48	tsk_387	0.0024666542251920065	42.75924638929462	45.93202351114648
49	tsk_3642	0.0024583386856077806	27.74245366987568	10.038828143999323
50	tsk_9207	0.0024604884205491825	32.62975779590108	19.69627714303641
51	tsk_9253	0.002478402457719553	33.55587684656997	37.1200319632494
52	tsk_4393	0.002462822461397873	46.27264352915876	10.911522671391692
53	tsk_8336	0.0024542757870649324	47.57389920652139	12.484810708691851
54	tsk_687	0.002466356823700755	48.74108824667524	21.573300944392543
55	tsk_9167	0.002469157948490593	36.06242575802075	4.91911681366839
56	tsk_11027	0.002475115557930099	35.84518934626723	3.1066754937258603
57	tsk_2419	0.0024755149470583474	45.49658393815109	5.231526253324676
58	tsk_7716	0.002464948713318466	43.6982295419832	32.55571166571051
59	tsk_2728	0.002459672265641925	37.09749786129428	28.446108312644085
60	tsk_1973	0.0024660908028792017	42.110051937979314	32.151364863695946
61	tsk_7684	0.0024567998052505064	38.69899590818878	43.91733440260973
62	tsk_4910	0.0024883211427468885	49.23224488564362	15.166501577880322
63	tsk_11092	0.002460177308719601	42.92010490549541	13.736864607885902
64	tsk_2367	0.002477903753179774	37.42771082139278	10.752475891424726
65	tsk_5049	0.002473626792076106	39.77340755834654	29.85090490957019
66	tsk_156	0.002462980881942561	37.916119625028784	27.340126083854525
67	tsk_7348	0.0024716255575301434	44.08422571821583	29.19344225407432
68	tsk_2587	0.0024635016409914226	40.26738445297236	42.83231469435574
69	tsk_8672	0.0024673428856858133	43.72126511244841	43.741908165248624
70	tsk_3193	0.0024987787378415163	7.219975647410015	12.853261683977957
71	tsk_6924	0.0024604460711703923	46.59434628056418	28.83883227458421
72	tsk_571	0.002486588078872137	48.74358706986242	18.26425881804892
73	tsk_3046	0.0024940153691826905	17.254740936680214	13.644424011580476
74	tsk_11325	0.002476741900955913	31.72190605456804	10.648276740292618
75	tsk_5488	0.0024708358735286017	25.889509925426392	15.99664914722304
76	tsk_2022	0.002479020340253035	35.55370053091798	35.23273019738335
77	tsk_201	0.002461390447006235	46.998677548355786	13.165106415955597
78	tsk_8644	0.0024889781952977534	2.9415850474921985	28.38053139598041
79	tsk_8433	0.0024711548726082774	28.237117567601768	44.85010324964887
80	tsk_4118	0.0024641276073970662	36.50999528366433	27.76540997204868
81	tsk_6984	0.0024647100726635173	27.06040628443176	14.849363549880906
82	tsk_4476	0.002470698558566084	25.96031275409757	17.49343457225773
83	tsk_9881	0.002458793848772384	46.59267327115085	11.787752973126228
84	tsk_10122	0.002471424949179985	39.17761859422498	16.531102876038215
85	tsk_3541	0.002460522484646043	36.686581105356254	18.20650599716833
86	tsk_5521	0.0024987853298170885	3.192196941133803	1.6837056834293536
87	tsk_4276	0.002469902368380052	38.08985140872507	6.136627723391316
88	tsk_2214	0.0024798280638034715	38.51328222531942	1.930764680798162
89	tsk_5355	0.002462542327817574	43.84123989927142	18.23841447080881
90	tsk_835	0.002473411304676183	37.55067682228747	38.5602918037283
91	tsk_3433	0.0024975916709635655	13.428490809880255	23.204215179962787
92	tsk_4329	0.0024549680433434105	33.79543001815755	19.41155457887007
93	tsk_1699	0.002473458062798331	32.67622855558018	43.10159607228869
94	tsk_2517	0.0024544051559157952	34.98748504234482	19.57319868077472
95	tsk_8899	0.0024776435297815124	25.2272871971335	9.406481346832695
96	tsk_6743	0.0024762524018775377	48.76906225132126	47.5031613085542
97	tsk_2623	0.002458548209597376	44.88068676245456	47.662647451737
98	tsk_1089	0.0024665507529955514	46.33970859404192	19.78790264065953
99	tsk_9798	0.0024775212959173578	44.64798802816883	5.860382108391389
100	tsk_2446	0.0024707933511026003	25.32126795056502	12.680548913861344
101	tsk_1851	0.002451685178198903	42.76855120903651	34.99297629703137
102	tsk_5795	0.0024523514112159426	27.598268170148664	8.024513640027491
103	tsk_8951	0.0024551281516098414	34.248127782818514	18.75178722464452
104	tsk_4607	0.0024701144596781695	45.16930800989324	32.697700969337355
105	tsk_4661	0.0024579011414669395	38.28830850785344	43.18170246238195
106	tsk_4011	0.0024663304646418646	30.70266873470121	17.749193689161704
107	tsk_1393	0.002475843062653141	30.29638261251157	22.31983111769712
108	tsk_11062	0.0024709835573024377	40.60931510967305	24.64095545945412
109	tsk_6308	0.0024578110859002768	36.06065871909354	14.62410119920948
110	tsk_7522	0.0024893306199244188	11.813899256062168	18.40321207964353
111	tsk_5104	0.0024793629863368583	36.51684126570388	25.195105121358093
112	tsk_11107	0.0024979939369740843	8.676099948855045	34.64886243168407
113	tsk_971	0.002477140434498968	33.970929412408985	36.868612055790805
114	tsk_2057	0.002455638830538544	31.79202154543734	30.142497488519663
115	tsk_324	0.002456194342547797	35.765492736468886	29.1233618825485
116	tsk_5417	0.0024987531213472402	12.71486558689544	4.675392071971469
117	tsk_5195	0.002480587649382295	42.519688312188016	49.1538607580687
118	tsk_10781	0.0024745967344571625	41.98208749961214	18.98138926926977
119	tsk_11834	0.0024573693785287973	26.48413128057792	8.214648618338542
120	tsk_6003	0.0024660657767094254	28.29524401784237	13.714327113424906
121	tsk_8208	0.002457605227203776	39.45172049066813	43.79338734907447
122	tsk_11118	0.0024879805838481355	27.443375545940665	36.987453656975774
123	tsk_3138	0.0024851546148766937	27.633562349083466	47.502114625467165
124	tsk_10287	0.002465392375595429	40.5825578020712	9.721558823245992
125	tsk_3039	0.0024677087977988668	39.559894283156346	18.85071735156172
126	tsk_10543	0.002456505435223059	31.651169086446767	29.87401671373341
127	tsk_7327	0.002466805073363747	30.63393023325889	29.23610711155364
128	tsk_6992	0.0024599816987280494	45.08837540533945	16.27705158546397
129	tsk_10838	0.002473197883234648	28.72113120363905	17.61837597077336
130	tsk_10577	0.0024743472666408834	29.470446167895467	35.570798318745155
131	tsk_7669	0.0024712514319548515	31.908027266335992	7.03183521961427
132	tsk_2853	0.0024702738273610757	47.62583775103785	1.733144269914871
133	tsk_5267	0.0024775503121473807	46.22330907864417	34.24096279210921
134	tsk_11232	0.002482377629773191	40.555543217273886	5.58310249740906
135	tsk_9903	0.0024786613811652995	27.358374422271304	33.15751420784412
136	tsk_11005	0.002466767924744283	37.83903228207856	25.689326486548875
137	tsk_10989	0.0024530023620254297	42.21528601601918	37.1993909036968
138	tsk_628	0.0024666591715296437	48.76547211779892	9.517547927949074
139	tsk_7238	0.002459615804895973	33.172609598241415	46.37598399145621
140	tsk_11303	0.002453239817128232	28.671492112238862	42.067928106669605
141	tsk_3389	0.002455633911549041	26.57753710407065	28.05412692392733
142	tsk_967	0.0024871656004769103	48.97947665731434	32.47116306261126
143	tsk_1101	0.00245477036112567	35.382738328159284	30.89986790872382
144	tsk_4172	0.0024555287658437875	34.61031521900665	30.14714744244684
145	tsk_2947	0.0024688803969410765	35.180420731344405	8.772760444355487
146	tsk_8311	0.0024629826687615954	26.668455488025185	42.25598114771842
147	tsk_199	0.0024572916296832096	46.41349763097278	28.18320906906665
148	tsk_4949	0.0024642954785385218	47.50652620948964	24.27935580487048
149	tsk_6657	0.0024848275609982064	46.81084003995629	44.76173707611956
150	tsk_787	0.002465950311963874	36.3658138719797	42.65605099870815
151	tsk_7846	0.002459475851974239	27.524228849360146	43.65872272818124
152	tsk_9265	0.002464770788713309	48.66244279804594	23.120962557919107
153	tsk_7211	0.002464195878584707	26.585015209996275	13.75381920728299
154	tsk_6573	0.002476854005239233	39.99295567299392	31.85514176512524
155	tsk_8360	0.0024566216823596583	35.85432317012567	15.302445733227614
156	tsk_11824	0.00246062512058997	30.13582100430853	6.452508486912866
157	tsk_1037	0.0024693278967579087	34.705289698856674	8.514381554096255
158	tsk_9103	0.0024594739488741136	38.160127814137525	20.035628803299307
159	tsk_1171	0.002461690823045898	41.39563321615655	1.3972469797993778
160	tsk_549	0.0024798897734266425	36.90183408362055	48.80546474399891
161	tsk_8536	0.002451657281220958	42.82164617964701	35.01948059578208
162	tsk_9657	0.002483569604448531	31.9390834897234	34.47729365898641
163	tsk_3591	0.0024627883041217773	33.72760741220211	15.407529213571252
164	tsk_10910	0.0024603909823519635	45.04349988845116	18.93201787326068
165	tsk_7850	0.0024665417744104555	42.55594350101193	44.62836831890248
166	tsk_4544	0.0024675405616126685	29.41677696908232	14.652696065829154
167	tsk_4025	0.0024979831181027247	13.683122462954938	36.64573067942093
168	tsk_3464	0.002458541099390551	42.9417709080517	21.27651680971256
169	tsk_3615	0.0024779691658424487	45.54765189794593	3.9616773932514233
170	tsk_6529	0.002468884863942958	31.02187498007665	11.854840256515384
171	tsk_1986	0.0024565545723303542	43.334473831058965	22.211331105178992
172	tsk_6806	0.002469958253040086	27.60013376195977	16.25431584525173
173	tsk_2043	0.002472865487120653	39.69965385882907	15.909670961105638
174	tsk_9639	0.0024730937350130565	25.58227858780949	17.763551073583734
175	tsk_5807	0.0024631373546508866	38.485426210559446	20.571806872127105
176	tsk_631	0.002465233232906752	38.6327358652359	25.876299664599607
177	tsk_7982	0.0024819830598839156	14.814479754800065	45.57943016372128
178	tsk_4749	0.002458894265476564	42.94362429324322	39.95176021654679
179	tsk_8209	0.0024669106486213056	28.587025768958988	24.326162121887943
180	tsk_11594	0.0024946328367162467	18.81255985669785	43.54082825036862
181	tsk_2807	0.002469427553236681	34.79052510052687	8.912412504285589
182	tsk_4731	0.0024728655292976963	49.07806691603962	8.116186701533454
183	tsk_6595	0.0024848707086299214	19.470088530090525	46.38115913299495
184	tsk_10462	0.0024707106193508216	29.613922261473025	32.57628654006661
185	tsk_6099	0.0024766111067799153	45.83570484609749	31.65689928256567
186	tsk_1566	0.002473734534696556	47.054923397197925	47.61833432165195
187	tsk_3625	0.002465673954391879	45.26858381594629	9.711602660532815
188	tsk_10936	0.0024500950258159316	42.99593820725144	36.36708961663892
189	tsk_1819	0.0024576876932520504	32.540860984141766	31.053555345530533
190	tsk_7119	0.0024514064323918074	30.677754155136064	41.29882699622575
191	tsk_3972	0.002474273361032219	31.25635474383639	14.81034976318904
192	tsk_4285	0.002474345422432185	38.44817379095225	4.107953193452241
193	tsk_2257	0.002459566224917064	44.050141118373126	48.178922277861126
194	tsk_2049	0.0024786206528735716	30.97269777320418	38.1298269157969
195	tsk_6585	0.002467578666669118	35.06028456142573	42.54324429860844
196	tsk_11404	0.0024679987429506328	47.53622570174907	20.359951952482465
197	tsk_961	0.0024689033108887966	42.98577606104827	29.432031291959795
198	tsk_3095	0.0024673345412673793	46.60365043759744	41.193505359744506
199	tsk_7435	0.0024763495163781808	38.96235369908122	48.1909178976204
200	tsk_4281	0.002455089648269035	28.26856732134987	7.024979685985198
201	tsk_3539	0.002481788704367189	28.53166985001154	2.453515294679661
202	tsk_2453	0.002491085161858054	8.705654543813054	7.600792598678199
203	tsk_8593	0.00247972094198461	33.783383615594715	24.13752681619613
204	tsk_11523	0.0024578034478238966	36.71782885319511	30.415064609848123
205	tsk_2213	0.002468940934565742	36.09039347899252	4.900451751387166
206	tsk_6152	0.0024614051193390506	29.76371039503352	9.181596000580376
207	tsk_2564	0.0024598433098796005	33.61020986307765	31.14684071240618
208	tsk_8196	0.00246323126593628	35.395824490844525	31.96710706916949
209	tsk_128	0.0024705711665080833	38.6317995224502	41.58010470582524
210	tsk_6771	0.0024626034007478354	41.43743019767483	2.8331898701889564
211	tsk_8985	0.0024662437868983944	29.94369364600984	39.02160498093165
212	tsk_11487	0.002459729157985256	41.55887111070517	2.4267935005251235
213	tsk_10381	0.002465674290322263	26.050902699332653	24.75004777012285
214	tsk_9233	0.0024640994210278324	36.94189552653922	15.53828897505696
215	tsk_1630	0.0024987770712281867	17.582727453284	29.629700141172105
216	tsk_4926	0.0024644868550179476	38.68589308804141	28.6021055447814
217	tsk_5968	0.0024760486954335434	36.02211701413142	39.36414298589389
218	tsk_11275	0.0024840782146760528	18.10170341381648	46.447244646592566
219	tsk_1334	0.002454856595500748	26.20253974051714	29.046305255033964
220	tsk_7310	0.002457375948774697	41.42951466400144	35.00770977936954
221	tsk_354	0.0024770666732326515	49.0135815357959	37.03700508502106
222	tsk_4538	0.0024652607563362813	33.57985855185745	14.654531045798269
223	tsk_10596	0.0024617088578563658	44.599575632273286	19.26904251776651
224	tsk_3232	0.0024831466815173437	26.013445306309627	22.793301080953256
225	tsk_3314	0.002462204214564615	26.69549707526528	43.82344432486215
226	tsk_2980	0.002463137606802761	44.220317657914016	42.21834569425866
227	tsk_9974	0.0024624224725471504	31.70308849433578	40.50456630428126
228	tsk_9156	0.0024910733169744054	10.17876241880575	8.607260257440633
229	tsk_3265	0.0024686593981569473	32.40141837142327	21.176940003196968
230	tsk_10962	0.002454296789433132	26.395622614566715	28.337856213509724
231	tsk_998	0.00246682368175031	46.35146805678243	8.256248150647265
232	tsk_8230	0.002464569631011307	28.16075036239365	40.020193218817255
233	tsk_9133	0.0024727269548071367	33.6228817289689	22.30707611856295
234	tsk_4917	0.0024818126660057886	48.074005284408464	6.572201191783205
235	tsk_8167	0.00246074844672672	34.06353070294442	46.716852897270094
236	tsk_4637	0.0024503616721176747	43.38137578017708	36.90378853794184
237	tsk_7171	0.00247645893029015	49.01405426018511	36.75836493455633
238	tsk_9373	0.002476587641394621	41.80207478887091	7.580963016825449
239	tsk_4818	0.0024947367788515844	6.506969173985118	28.255479705850043
240	tsk_2182	0.0024757354567848298	28.272555817722004	3.852508893386041
241	tsk_8005	0.0024977070926840046	24.17946450379528	0.9296647824591237
242	tsk_3395	0.0024563064362334536	28.12800696780907	42.87152677067608
243	tsk_6536	0.0024669047579467984	43.06668471207228	1.4505960367418125
244	tsk_4670	0.0024741964788805096	38.54833129805999	37.29827073987785
245	tsk_7220	0.002466527884353051	37.39911505003455	5.111671175484193
246	tsk_6655	0.0024681715223603723	29.103667332536563	11.843039554982225
247	tsk_6041	0.0024550085416843847	29.333849580971386	40.18177006547249
248	tsk_5516	0.0024601785603094416	47.8368091958344	10.312134527682684
249	tsk_8654	0.0024635171264569145	45.74800633053699	48.10867122059061
250	tsk_6027	0.0024668788689169094	42.84629540746124	12.855385247285591
251	tsk_6547	0.00246109638586202	37.75057847263298	20.241211852224456
252	tsk_1495	0.0024755742741473215	36.520597109674384	35.786502507478765
253	tsk_3890	0.002453086939380659	35.5312418844065	29.986678848211785
254	tsk_10400	0.0024525611833766292	27.47411011887572	8.662776471295558
255	tsk_11697	0.002457198364634531	44.89736462189356	17.086529740441456
256	tsk_3587	0.0024975215943759837	22.223506691520203	7.923474897684881
257	tsk_8862	0.002466192564932639	42.7854764965835	30.517506076985413
258	tsk_8569	0.0024629983975204936	26.42280463772658	5.917011350483239
259	tsk_2903	0.002497771115195693	22.012753075927463	41.69059558457513
260	tsk_4852	0.0024584316349201417	37.7471800626974	19.24187909019573
261	tsk_3459	0.002462867705857606	43.68730442389949	16.54140082701625
262	tsk_3572	0.0024831252844302143	35.158811321487875	1.5452607887608911
263	tsk_9054	0.0024561512186864727	35.098888951167915	19.80375018271846
264	tsk_2141	0.0024701588925054555	49.0088302581551	24.47938306955695
265	tsk_5537	0.002467075722620633	44.646956223206494	23.375673954695102
266	tsk_238	0.0024667117764268828	30.63442626286865	48.82101201184763
267	tsk_2672	0.0024700092520186403	29.133071598993297	23.935254545668904
268	tsk_9901	0.002451014479242536	29.14963287220633	41.18422575497144
269	tsk_179	0.0024631082151482893	40.81642134424539	34.14512162314896
270	tsk_8755	0.0024576652212911173	35.40383088185106	15.690918927458965
271	tsk_5657	0.002498212822743542	12.0580609678791	26.36311180363401
272	tsk_550	0.0024750083691529746	46.2601377907338	1.9682147059351904
273	tsk_101	0.002497219576959551	22.208609450060013	25.530977786634683
274	tsk_375	0.0024617530821762156	27.77583331725222	28.363413286596234
275	tsk_11465	0.00246229111105683	44.1879808056363	41.92157735890942
276	tsk_10739	0.0024622456733407335	48.42959340338267	13.274044760008048
277	tsk_9985	0.002461672572908362	47.56777085404391	27.58630894690374
278	tsk_4279	0.002463433733790218	44.96894909447491	41.32293209676893
279	tsk_8291	0.0024609274345835817	34.09599122833346	15.548068322219027
280	tsk_5025	0.002463083780277504	29.350079252712128	10.468079724873787
281	tsk_563	0.0024668359361729496	35.51131757888593	42.9186429047917
282	tsk_712	0.0024758699459340662	37.44249992595128	47.22991579980269
283	tsk_8074	0.0024760431563411217	29.183932215768525	31.53792003371236
284	tsk_10768	0.0024656893369384997	38.83864786072836	28.917594664682376
285	tsk_7061	0.002455095341414871	33.91998448058979	19.70572067139821
286	tsk_625	0.00246464018827294	26.29402513039266	25.60520782451338
287	tsk_2845	0.0024598254538741398	41.89579807944173	2.384466885012665
288	tsk_713	0.002461208131252328	43.63231136415612	40.64897063319783
289	tsk_2723	0.0024720728832528373	30.39248965650468	5.139029045005335
290	tsk_11309	0.002477404150904763	27.42287315858636	34.281352507098426
291	tsk_4903	0.0024633220101140984	45.03247645270991	15.689921945103684
292	tsk_2789	0.002471664692029072	39.232676961687865	35.4315018248591
293	tsk_11817	0.0024750101489142274	25.865570071540592	44.8240797298137
294	tsk_3914	0.0024687947337884457	41.53766037716374	20.710189602352035
295	tsk_2518	0.002469018460098982	36.32215629530216	32.44413612030821
296	tsk_10032	0.0024820619365768276	14.262288644198955	45.24279565890883
297	tsk_10106	0.00245741916713821	48.28081461370064	11.332650385750483
298	tsk_8028	0.002467042706255405	29.6895635221816	14.211238639966874
299	tsk_11279	0.0024620476034322766	34.497017524763486	46.47250848897987
300	tsk_2445	0.0024767358161031485	24.57705141085666	12.652073788141452
301	tsk_1387	0.002455203397689823	35.2376210224999	18.554842026316003
302	tsk_8872	0.0024986912981252926	2.56203767208442	33.06317993261332
303	tsk_8879	0.002465855425194211	25.68488478190056	6.535043729792773
304	tsk_66	0.0024731568863129777	49.23047766823712	46.26758287116541
305	tsk_525	0.0024638563632042383	25.232765943255863	29.509728867014573
306	tsk_8560	0.0024657883351908616	48.10137620489473	21.165265797258048
307	tsk_10162	0.0024518846741449158	29.460995295609777	40.62620247629447
308	tsk_1750	0.002464623793419946	38.11040698748921	17.96337685515624
309	tsk_10846	0.002463973544937529	47.24645387849961	25.34498357096049
310	tsk_1956	0.002465052430967556	26.32401270409581	13.471822488931473
311	tsk_10665	0.002470061513229956	35.40911764743486	41.58061396542049
312	tsk_2654	0.002460086068733288	41.60975047523685	33.49078528987934
313	tsk_7920	0.0024832049477849644	48.01287580415656	30.67212419706887
314	tsk_8084	0.0024635168435929236	35.17014150267339	13.859973292046362
315	tsk_10894	0.0024573209397392064	27.552908267269235	9.841366296383343
316	tsk_9289	0.0024705190588515742	43.23781690325321	1.1001684241491712
317	tsk_733	0.0024612271806453262	36.26417003418986	14.237289021993895
318	tsk_3626	0.002472368359806084	43.75827279410485	9.257801246920597
319	tsk_5706	0.0024619924295380888	32.31225307988669	31.570727794154013
320	tsk_11030	0.002478980251836729	38.0983839132983	32.56674586194051
321	tsk_7147	0.002454904764486969	36.32967730782136	30.252189745636475
322	tsk_11266	0.002470280316495127	40.03243076785519	20.643177742749344
323	tsk_2936	0.0024578998869216402	31.23621610127121	42.35600747037186
324	tsk_9299	0.0024805034871751733	46.80742231630367	36.00192814664836
325	tsk_9269	0.002472591013823613	43.40390407721755	24.457611353305545
326	tsk_1271	0.0024907668896821823	16.147503480913976	11.709884758432135
327	tsk_4230	0.0024631385530700088	39.26011410690747	44.69234458650121
328	tsk_8092	0.002463717598085353	27.359716654717563	25.09065806265607
329	tsk_10351	0.002465024833707534	48.7919681151847	22.557043012316765
330	tsk_1338	0.00246578205608865	30.95718707961262	48.69192889866474
331	tsk_9701	0.0024532458506618267	42.516448815343175	34.4053919983734
332	tsk_7985	0.0024972210055386923	11.87256570214765	33.92063014797805
333	tsk_5382	0.0024666272803597683	40.461266610379	1.5393530558581432
334	tsk_4756	0.0024666598906765377	32.183183024927224	45.06015872380852
335	tsk_4403	0.0024676882395743794	42.26428384174435	30.126367008144165
336	tsk_536	0.00248956167867981	27.32377110552293	1.0634212700082772
337	tsk_18	0.0024762201820471056	28.863476318778226	48.61918954812026
338	tsk_10602	0.0024545219252383814	28.77414090749369	7.348957587585079
339	tsk_5069	0.0024587686670220093	46.21137582877442	28.494951814873623
340	tsk_7213	0.002454650891027262	42.61355016839678	39.02251067644048
341	tsk_4258	0.0024606243354768765	27.235796942406942	41.844534548462846
342	tsk_8296	0.0024570109818316337	46.622945877049965	27.791304756674403
343	tsk_3581	0.002498030393726757	15.15270233810162	19.537319397918264
344	tsk_8707	0.0024699785370631286	47.694269613615866	1.8382017712905625
345	tsk_10448	0.002456813607580521	35.69253709198393	18.41025387940669
346	tsk_9629	0.002465915148254488	30.304310957913305	47.651371487614654
347	tsk_3173	0.0024606737323759256	42.523083552065806	13.83730003253884
348	tsk_4158	0.002466512297248016	42.8136077674167	43.83031857700151
349	tsk_7102	0.002469864420317704	25.378472660659018	25.20423978294869
350	tsk_5434	0.0024719675279532903	38.46700064708433	35.71452065668158
351	tsk_5650	0.0024672076405458064	39.37380675836644	25.2823134207906
352	tsk_5917	0.0024795324393041655	37.683130689410696	11.30907716502448
353	tsk_3667	0.0024517653862944073	42.98969474830584	38.33133329164214
354	tsk_1780	0.002498487938693746	10.541663864388916	46.127001968017055
355	tsk_9292	0.002469169763721173	26.563399494616508	5.14621865900853
356	tsk_9131	0.0024619213739749267	27.780410206379003	28.730650050726503
357	tsk_11881	0.0024696202103499606	41.0637266045737	39.21975614224891
358	tsk_1832	0.0024681268528975336	47.15075012419227	41.63441124675408
359	tsk_2710	0.0024517931367620052	43.70978950278888	36.92657513540862
360	tsk_3682	0.002473340946868848	48.65411049599759	26.585625772162004
361	tsk_5287	0.0024764704890932157	48.32111869222198	2.8982695155098925
362	tsk_5342	0.002498784355712963	18.47203397187592	1.818893730692628
363	tsk_8492	0.002462459213996924	31.52690484284987	19.041187980590315
364	tsk_7860	0.0024949633813247042	25.017124330723863	37.217367967040026
365	tsk_7486	0.0024747135817734215	29.45530547104265	21.32590342550981
366	tsk_2252	0.0024922516268543675	18.637215231014505	48.75324408564133
367	tsk_8675	0.0024671034976691463	29.85564108168935	43.80213388872156
368	tsk_8037	0.0024618785373756815	31.79549594254477	46.43262739203275
369	tsk_3165	0.002468183124616596	46.60448022759671	17.966241874889818
370	tsk_1530	0.0024640287441169964	28.97554205916029	5.538199027982291
371	tsk_10644	0.002464629085569358	30.40294059370884	19.79560751048703
372	tsk_7231	0.0024704794558813386	35.62147744303487	47.28224179863871
373	tsk_9336	0.002474964984151171	49.44385263041264	45.99313912863597
374	tsk_6931	0.0024762917047870168	40.69642147880818	14.200170431486034
375	tsk_4679	0.0024686102759712957	28.51191728129953	25.536942987386485
376	tsk_8690	0.002475500182970698	32.61764178511555	7.278647988150989
377	tsk_7632	0.0024799398615918946	39.319073783587896	48.955449676462166
378	tsk_5183	0.0024677295240037277	40.41000419046036	10.087720938714751
379	tsk_11276	0.0024649701739911005	31.435205791687714	45.891429957154905
380	tsk_7316	0.0024531406642215176	42.701827023517154	38.6932816903425
381	tsk_3012	0.0024714200425823936	40.75585033402386	25.27931415972972
382	tsk_6705	0.002462921518628295	30.336017605454145	18.79643596548508
383	tsk_8989	0.0024636464303288866	45.951349555884384	26.967167594024403
384	tsk_3035	0.002460069638404696	42.84129668252714	14.287119329419616
385	tsk_5060	0.0024589209485796873	31.629376076138804	40.996210374712696
386	tsk_281	0.0024644168068239723	32.00600699163642	28.87569060685184
387	tsk_11156	0.0024816590329621345	36.78007574804065	1.1166244815251465
388	tsk_6506	0.0024573964340530367	39.09100236497467	42.88941535658965
389	tsk_8144	0.0024866707484212467	4.28429384639183	29.153446256254924
390	tsk_11149	0.0024744197940360867	38.93931952665357	6.843863508978563
391	tsk_19	0.002466858826402158	40.82158866273184	8.547522094296836
392	tsk_6840	0.0024661039556396445	48.14332078328991	8.61978479739852
393	tsk_8271	0.0024895414388053055	12.234898247557007	16.862325482604625
394	tsk_3699	0.0024651752151699617	44.87080251687341	8.33075097704435
395	tsk_6692	0.002457166553407869	43.31289482742173	21.40186136606278
396	tsk_8728	0.0024987839083034816	6.008007567246013	42.92905537122336
397	tsk_8289	0.0024633828479848786	34.4908210006773	28.945141034095684
398	tsk_7789	0.002476345801869841	41.36139893089194	16.561473878823318
399	tsk_10191	0.002465069844236691	40.936949065475766	9.573617614425306
400	tsk_618	0.0024726671171760683	31.657370652228856	16.90119908807257
401	tsk_9554	0.0024521320429760724	30.557063038680365	41.92728605690765
402	tsk_10986	0.0024685056137454227	30.7861250207565	12.271562931510696
403	tsk_11800	0.0024641318577366903	45.1600148472894	8.43861355924442
404	tsk_7827	0.002498785223751056	3.992791087741221	48.81757051200179
