	sampleID	sample_weight	x	y
0	tsk_3201	0.0024211170093799473	37.1095495543173	8.475178278879106
1	tsk_818	0.0025733777841064724	48.35173204322674	43.45275135674894
2	tsk_6279	0.003041385655124669	16.55387891436771	24.72527475399052
3	tsk_5307	0.002342532872353761	29.911025338303286	41.81357999462968
4	tsk_2633	0.0023708562999365398	37.824714579274485	44.561047525050974
5	tsk_3060	0.0023344323641735954	41.05693007468425	41.655483033795385
6	tsk_9200	0.0024494977192732184	25.94327699156614	19.70812267341277
7	tsk_7960	0.0023923955481912128	46.78456032660842	24.901893264836115
8	tsk_2228	0.00292124545982708	18.225449419558515	7.723215720361405
9	tsk_5919	0.002356384145874461	28.72990847834976	19.398955895796195
10	tsk_4964	0.002523765668090637	25.00435927007738	43.221088856019385
11	tsk_10464	0.002418003687451086	47.90552224170644	12.031839016457107
12	tsk_9040	0.002339365419934222	45.26548156037029	17.32261841743697
13	tsk_8637	0.00237197876257741	27.76287184585584	9.300785017041786
14	tsk_8294	0.0023078939206459736	43.99273665099778	35.575322434235666
15	tsk_11151	0.0026493013364494947	44.95476255714746	49.04696993784961
16	tsk_1795	0.0024777279094712655	25.3699865313457	28.940766615022195
17	tsk_11663	0.0024540633565945397	42.16346017480873	46.3171204987794
18	tsk_7816	0.0023234246467951658	44.4200401417852	37.25441619573131
19	tsk_2791	0.0023287299853203764	33.00662923310772	23.30542372662687
20	tsk_9624	0.0023684061799876875	29.95053664571744	8.362819780294176
21	tsk_922	0.002385305896123284	34.16162734996489	46.19590610333365
22	tsk_235	0.0031158016258547713	15.777324002866756	42.761384951228166
23	tsk_7651	0.0025956624424303435	49.65374334407856	39.558059043875545
24	tsk_4108	0.002415925594592856	41.34942203954101	7.777238978274378
25	tsk_8266	0.0024233828291627363	48.08255123573142	12.52237826171674
26	tsk_1213	0.0025502498932360672	44.056750538054	47.766027757385565
27	tsk_10568	0.0023963890268808422	29.697445244729003	34.4922531065051
28	tsk_9794	0.0023405360612900497	30.839318046648817	25.51741609372634
29	tsk_10814	0.002330343313065998	44.41213844053179	21.26467174611814
30	tsk_3338	0.002306088104900243	34.73560182473811	20.368930580152004
31	tsk_2958	0.00245915200889989	48.46594831026619	9.56102731474798
32	tsk_4586	0.002322162853096716	43.20842225017888	22.48091751992577
33	tsk_5439	0.002353788769353852	45.55547968557414	22.072708694145607
34	tsk_2122	0.002322209104562218	42.41430657701773	23.621713400742504
35	tsk_5450	0.002437821296004867	26.31888991460012	28.84687123589816
36	tsk_10332	0.0023311115370806433	43.85371592755515	14.310983857805
37	tsk_10833	0.0023032388595088564	43.81328688668936	33.7197100093463
38	tsk_5581	0.002333616273656653	36.54230474818759	38.447988780860896
39	tsk_7706	0.002297459935447616	41.39928150971711	37.184446892414925
40	tsk_8128	0.0023891041182544743	29.94619848991541	33.984874506588206
41	tsk_5829	0.002445420321525105	26.54141719821707	7.024888019633586
42	tsk_11121	0.0030392361863288125	13.32732783146696	12.08019029192801
43	tsk_4894	0.002397190963847162	29.98656918178144	7.142864361015876
44	tsk_11032	0.0024770255714909907	47.44683967285791	41.25684665710497
45	tsk_1722	0.002343659762177463	30.41579009150465	25.889982834316207
46	tsk_10590	0.0029309340105900155	17.31450012730684	9.682428796275271
47	tsk_407	0.0024886740905043095	48.85224053737982	34.571614026478926
48	tsk_10615	0.002576615609337716	23.451130914832977	21.969047429674827
49	tsk_11063	0.0023365480255790627	44.3932199712304	38.90759813825576
50	tsk_8888	0.0024644303965780136	32.02147851198494	48.15550360948383
51	tsk_7170	0.002515096189282838	44.43544186829577	46.85202326035234
52	tsk_2366	0.002337045365071214	31.713374138733883	30.26167459571702
53	tsk_387	0.0024470784976026935	42.75924638929462	45.93202351114648
54	tsk_1022	0.0023704367363772292	46.47049280257537	30.649848830186656
55	tsk_3642	0.0023649924317472927	27.74245366987568	10.038828143999323
56	tsk_9207	0.0023073909620386457	32.62975779590108	19.69627714303641
57	tsk_9253	0.002352370984745213	33.55587684656997	37.1200319632494
58	tsk_4393	0.0023809741085488024	46.27264352915876	10.911522671391692
59	tsk_8336	0.002405029204584623	47.57389920652139	12.484810708691851
60	tsk_687	0.0024742249689168605	48.74108824667524	21.573300944392543
61	tsk_1100	0.002347489532497914	45.04563499770493	23.50502740142407
62	tsk_9167	0.0025124868918118682	36.06242575802075	4.91911681366839
63	tsk_11027	0.0025934080872132208	35.84518934626723	3.1066754937258603
64	tsk_2419	0.0024805557667406377	45.49658393815109	5.231526253324676
65	tsk_7716	0.0023037653851595927	43.6982295419832	32.55571166571051
66	tsk_2728	0.002313383764752622	37.09749786129428	28.446108312644085
67	tsk_1973	0.00229312992638901	42.110051937979314	32.151364863695946
68	tsk_7684	0.002362516824361956	38.69899590818878	43.91733440260973
69	tsk_4910	0.002483698641482934	49.23224488564362	15.166501577880322
70	tsk_2367	0.0023801270750679277	37.42771082139278	10.752475891424726
71	tsk_5049	0.0023018689461113363	39.77340755834654	29.85090490957019
72	tsk_156	0.002318177042816377	37.916119625028784	27.340126083854525
73	tsk_7348	0.0023235923103897722	44.08422571821583	29.19344225407432
74	tsk_2481	0.003395463130131697	4.95522968804304	6.767890831928903
75	tsk_2587	0.0023489911798479303	40.26738445297236	42.83231469435574
76	tsk_8672	0.0023988331303435822	43.72126511244841	43.741908165248624
77	tsk_3193	0.0033123016967226623	7.219975647410015	12.853261683977957
78	tsk_6924	0.002379976090385546	46.59434628056418	28.83883227458421
79	tsk_571	0.0024672312639297768	48.74358706986242	18.26425881804892
80	tsk_3046	0.0029393363258238664	17.254740936680214	13.644424011580476
81	tsk_11325	0.0023410671363771076	31.72190605456804	10.648276740292618
82	tsk_5488	0.0024380048756416335	25.889509925426392	15.99664914722304
83	tsk_2022	0.0023366498850099326	35.55370053091798	35.23273019738335
84	tsk_201	0.002385771976062073	46.998677548355786	13.165106415955597
85	tsk_8644	0.003357457735638669	2.9415850474921985	28.38053139598041
86	tsk_4118	0.0023179000615779688	36.50999528366433	27.76540997204868
87	tsk_6984	0.002385800093508106	27.06040628443176	14.849363549880906
88	tsk_4476	0.0024432861655592827	25.96031275409757	17.49343457225773
89	tsk_9881	0.002381067797467335	46.59267327115085	11.787752973126228
90	tsk_2114	0.002417287185201357	47.66180419951824	33.44829046497325
91	tsk_10122	0.0023026299579732984	39.17761859422498	16.531102876038215
92	tsk_5521	0.003720708809347822	3.192196941133803	1.6837056834293536
93	tsk_4276	0.0024707855655470854	38.08985140872507	6.136627723391316
94	tsk_2214	0.0026334566604547804	38.51328222531942	1.930764680798162
95	tsk_5355	0.0023169572452972163	43.84123989927142	18.23841447080881
96	tsk_835	0.0023269748425411257	37.55067682228747	38.5602918037283
97	tsk_3433	0.00313696604282103	13.428490809880255	23.204215179962787
98	tsk_10298	0.0024884566316697287	27.255273224290463	46.30295624962038
99	tsk_4329	0.002301354293476255	33.79543001815755	19.41155457887007
100	tsk_4796	0.0023111395450964673	36.204669220739554	29.689321239996968
101	tsk_1699	0.0023259797973557996	32.67622855558018	43.10159607228869
102	tsk_2517	0.0023003779814290597	34.98748504234482	19.57319868077472
103	tsk_8899	0.0024475713239076103	25.2272871971335	9.406481346832695
104	tsk_6743	0.002745135984399793	48.76906225132126	47.5031613085542
105	tsk_2623	0.0025652648476717425	44.88068676245456	47.662647451737
106	tsk_9798	0.002452162961585629	44.64798802816883	5.860382108391389
107	tsk_2446	0.0024399693750271423	25.32126795056502	12.680548913861344
108	tsk_1851	0.002293477926145512	42.76855120903651	34.99297629703137
109	tsk_5795	0.0023956840058930087	27.598268170148664	8.024513640027491
110	tsk_8951	0.0022971430845448934	34.248127782818514	18.75178722464452
111	tsk_4607	0.002329134377335806	45.16930800989324	32.697700969337355
112	tsk_4661	0.002349460858450908	38.28830850785344	43.18170246238195
113	tsk_4011	0.0023161912053568825	30.70266873470121	17.749193689161704
114	tsk_1393	0.002339934360041085	30.29638261251157	22.31983111769712
115	tsk_11062	0.002322671708760053	40.60931510967305	24.64095545945412
116	tsk_6308	0.0023138281771475037	36.06065871909354	14.62410119920948
117	tsk_7522	0.0031509501808457303	11.813899256062168	18.40321207964353
118	tsk_5104	0.0023285491108027347	36.51684126570388	25.195105121358093
119	tsk_1784	0.002418950563680333	47.63793869325869	29.04515587514695
120	tsk_11107	0.0033066434164210966	8.676099948855045	34.64886243168407
121	tsk_2057	0.002335789157254355	31.79202154543734	30.142497488519663
122	tsk_324	0.0023137924293792993	35.765492736468886	29.1233618825485
123	tsk_3210	0.002377487697390243	44.7813183016021	9.67916105262804
124	tsk_5417	0.0032551432285890035	12.71486558689544	4.675392071971469
125	tsk_5195	0.002608171459776295	42.519688312188016	49.1538607580687
126	tsk_11834	0.00241894140330094	26.48413128057792	8.214648618338542
127	tsk_5226	0.002710747043754796	22.975456194434223	35.443443484319126
128	tsk_6003	0.002348501369543271	28.29524401784237	13.714327113424906
129	tsk_4998	0.0024337301728886897	25.563170651950475	9.404407585300945
130	tsk_8208	0.0023630146692302147	39.45172049066813	43.79338734907447
131	tsk_11118	0.002451263407521742	27.443375545940665	36.987453656975774
132	tsk_8088	0.0024819181322755144	25.666047528209663	42.42491594857872
133	tsk_3138	0.002527600635298451	27.633562349083466	47.502114625467165
134	tsk_3039	0.002298287598152441	39.559894283156346	18.85071735156172
135	tsk_7327	0.0023441571693731842	30.63393023325889	29.23610711155364
136	tsk_6992	0.002337372729152021	45.08837540533945	16.27705158546397
137	tsk_10838	0.002350793715124867	28.72113120363905	17.61837597077336
138	tsk_10577	0.0024025723656465074	29.470446167895467	35.570798318745155
139	tsk_7669	0.002411550663998502	31.908027266335992	7.03183521961427
140	tsk_2853	0.0027116489283401206	47.62583775103785	1.733144269914871
141	tsk_5267	0.0023593652201103522	46.22330907864417	34.24096279210921
142	tsk_11232	0.0024685733293637584	40.555543217273886	5.58310249740906
143	tsk_9903	0.0024495203752336976	27.358374422271304	33.15751420784412
144	tsk_10989	0.0022984313610151658	42.21528601601918	37.1993909036968
145	tsk_628	0.0024729307898373335	48.76547211779892	9.517547927949074
146	tsk_7238	0.0023869688482222266	33.172609598241415	46.37598399145621
147	tsk_11303	0.0023667357307679817	28.671492112238862	42.067928106669605
148	tsk_3389	0.002423115643059272	26.57753710407065	28.05412692392733
149	tsk_967	0.0024894924142393276	48.97947665731434	32.47116306261126
150	tsk_1101	0.0023147852870984715	35.382738328159284	30.89986790872382
151	tsk_4172	0.002317236204754412	34.61031521900665	30.14714744244684
152	tsk_8311	0.0024341012071243586	26.668455488025185	42.25598114771842
153	tsk_199	0.002376319123045489	46.41349763097278	28.18320906906665
154	tsk_4949	0.0024182618897768964	47.50652620948964	24.27935580487048
155	tsk_10976	0.0023393764497462674	44.56669001501188	13.88938041241918
156	tsk_787	0.002337625767287732	36.3658138719797	42.65605099870815
157	tsk_6460	0.002306987179560396	42.52237952113587	29.66446228754733
158	tsk_7846	0.0024106919274234665	27.524228849360146	43.65872272818124
159	tsk_1098	0.002837014421250508	19.92691968549577	19.65800441055136
160	tsk_9265	0.0024719031176466677	48.66244279804594	23.120962557919107
161	tsk_7211	0.002395733298130569	26.585015209996275	13.75381920728299
162	tsk_8360	0.002306039192503935	35.85432317012567	15.302445733227614
163	tsk_11824	0.0024185315477121693	30.13582100430853	6.452508486912866
164	tsk_1037	0.0024056409487825717	34.705289698856674	8.514381554096255
165	tsk_9103	0.0023025182350399223	38.160127814137525	20.035628803299307
166	tsk_1171	0.002638262913749611	41.39563321615655	1.3972469797993778
167	tsk_549	0.0025301663064315767	36.90183408362055	48.80546474399891
168	tsk_8536	0.002293869401092031	42.82164617964701	35.01948059578208
169	tsk_9657	0.0023636219189269456	31.9390834897234	34.47729365898641
170	tsk_3591	0.0023021262277071446	33.72760741220211	15.407529213571252
171	tsk_10910	0.0023354979642742175	45.04349988845116	18.93201787326068
172	tsk_7850	0.0024034615470009723	42.55594350101193	44.62836831890248
173	tsk_4544	0.0023301749359077003	29.41677696908232	14.652696065829154
174	tsk_4025	0.0032912293454717607	13.683122462954938	36.64573067942093
175	tsk_3464	0.0023153497868537484	42.9417709080517	21.27651680971256
176	tsk_3615	0.0025291062358611316	45.54765189794593	3.9616773932514233
177	tsk_1986	0.0023220256140330246	43.334473831058965	22.211331105178992
178	tsk_2043	0.0023078975675758077	39.69965385882907	15.909670961105638
179	tsk_5807	0.0023056920277620325	38.485426210559446	20.571806872127105
180	tsk_631	0.002323970049997697	38.6327358652359	25.876299664599607
181	tsk_4749	0.0023253813153573753	42.94362429324322	39.95176021654679
182	tsk_2287	0.00251084982592495	32.974653847156794	48.9902558626906
183	tsk_8209	0.0023671858266691805	28.587025768958988	24.326162121887943
184	tsk_3781	0.0024011020774448773	47.43804400147233	16.50223473763734
185	tsk_11594	0.002955359704951932	18.81255985669785	43.54082825036862
186	tsk_2807	0.002398363953528815	34.79052510052687	8.912412504285589
187	tsk_4731	0.0025120596823323257	49.07806691603962	8.116186701533454
188	tsk_10462	0.0023843150118924954	29.613922261473025	32.57628654006661
189	tsk_6099	0.002348412573880407	45.83570484609749	31.65689928256567
190	tsk_1566	0.0026466071252569984	47.054923397197925	47.61833432165195
191	tsk_3625	0.0023805126805548976	45.26858381594629	9.711602660532815
192	tsk_10936	0.0022990099885194255	42.99593820725144	36.36708961663892
193	tsk_1819	0.0023336749685024596	32.540860984141766	31.053555345530533
194	tsk_7119	0.002334999453402526	30.677754155136064	41.29882699622575
195	tsk_3972	0.0023113883635480907	31.25635474383639	14.81034976318904
196	tsk_4285	0.002530907094923765	38.44817379095225	4.107953193452241
197	tsk_2049	0.002362596749277031	30.97269777320418	38.1298269157969
198	tsk_6585	0.002331266938647362	35.06028456142573	42.54324429860844
199	tsk_4714	0.0024791221004579252	26.138555664192182	31.73379502760792
200	tsk_11404	0.0024127003005713805	47.53622570174907	20.359951952482465
201	tsk_961	0.002311287846312989	42.98577606104827	29.432031291959795
202	tsk_3095	0.002435844809807235	46.60365043759744	41.193505359744506
203	tsk_4281	0.002409852232421209	28.26856732134987	7.024979685985198
204	tsk_3539	0.0026402285482805743	28.53166985001154	2.453515294679661
205	tsk_2453	0.003205119367576556	8.705654543813054	7.600792598678199
206	tsk_11523	0.002308471988719468	36.71782885319511	30.415064609848123
207	tsk_2213	0.0025131592754001697	36.09039347899252	4.900451751387166
208	tsk_6152	0.002354605269938366	29.76371039503352	9.181596000580376
209	tsk_2564	0.002326043327893645	33.61020986307765	31.14684071240618
210	tsk_8196	0.00231865414257066	35.395824490844525	31.96710706916949
211	tsk_8985	0.0023655718677154007	29.94369364600984	39.02160498093165
212	tsk_11487	0.002579373678123429	41.55887111070517	2.4267935005251235
213	tsk_6383	0.002315397186425433	39.34052527625469	38.91629879206147
214	tsk_1033	0.0023303339455519687	32.69194913979884	43.675104337286726
215	tsk_10381	0.002435841070204548	26.050902699332653	24.75004777012285
216	tsk_9233	0.0023063721551399258	36.94189552653922	15.53828897505696
217	tsk_1630	0.0030687531959840302	17.582727453284	29.629700141172105
218	tsk_4926	0.002309927982063796	38.68589308804141	28.6021055447814
219	tsk_11094	0.00231998684564521	34.06700973444821	28.89428603931616
220	tsk_5968	0.0023344364597436187	36.02211701413142	39.36414298589389
221	tsk_11275	0.003056705650098941	18.10170341381648	46.447244646592566
222	tsk_1334	0.0024439224710185903	26.20253974051714	29.046305255033964
223	tsk_7310	0.0022901649017293903	41.42951466400144	35.00770977936954
224	tsk_354	0.0025175815194974443	49.0135815357959	37.03700508502106
225	tsk_4538	0.002307601982211639	33.57985855185745	14.654531045798269
226	tsk_10596	0.0023281075187277624	44.599575632273286	19.26904251776651
227	tsk_3232	0.002441829948621904	26.013445306309627	22.793301080953256
228	tsk_3314	0.002445791396378797	26.69549707526528	43.82344432486215
229	tsk_2980	0.0023777893310688598	44.220317657914016	42.21834569425866
230	tsk_9974	0.0023330776385239557	31.70308849433578	40.50456630428126
231	tsk_9156	0.0031425038882117156	10.17876241880575	8.607260257440633
232	tsk_3265	0.0023181482803953522	32.40141837142327	21.176940003196968
233	tsk_10962	0.0024311965243174823	26.395622614566715	28.337856213509724
234	tsk_998	0.0024172827208776416	46.35146805678243	8.256248150647265
235	tsk_8230	0.0023928371668738195	28.16075036239365	40.020193218817255
236	tsk_9133	0.002322223192161698	33.6228817289689	22.30707611856295
237	tsk_4917	0.0025056974022741605	48.074005284408464	6.572201191783205
238	tsk_8167	0.0024023496270099815	34.06353070294442	46.716852897270094
239	tsk_4388	0.0023129203426928966	38.62110861998834	15.229710519013052
240	tsk_4637	0.0023053019317076035	43.38137578017708	36.90378853794184
241	tsk_7171	0.0025150100302772527	49.01405426018511	36.75836493455633
242	tsk_9373	0.0024163831547789733	41.80207478887091	7.580963016825449
243	tsk_4818	0.003262254281397412	6.506969173985118	28.255479705850043
244	tsk_2182	0.002547940730783926	28.272555817722004	3.852508893386041
245	tsk_8005	0.002917328158520432	24.17946450379528	0.9296647824591237
246	tsk_3395	0.0023836660008907692	28.12800696780907	42.87152677067608
247	tsk_4670	0.0023156912857472444	38.54833129805999	37.29827073987785
248	tsk_10025	0.0024400634744557136	26.163223731855165	19.844148036839307
249	tsk_6655	0.002336312043611632	29.103667332536563	11.843039554982225
250	tsk_6041	0.0023630773121062557	29.333849580971386	40.18177006547249
251	tsk_5516	0.002426685675966519	47.8368091958344	10.312134527682684
252	tsk_8654	0.0026169874857230055	45.74800633053699	48.10867122059061
253	tsk_6547	0.002303870185090607	37.75057847263298	20.241211852224456
254	tsk_3890	0.002313204297867549	35.5312418844065	29.986678848211785
255	tsk_10400	0.002386425843814127	27.47411011887572	8.662776471295558
256	tsk_11697	0.002332823169814795	44.89736462189356	17.086529740441456
257	tsk_3587	0.002640791079795413	22.223506691520203	7.923474897684881
258	tsk_8862	0.0023037996453029157	42.7854764965835	30.517506076985413
259	tsk_8569	0.002486306361030714	26.42280463772658	5.917011350483239
260	tsk_2903	0.002724010247697897	22.012753075927463	41.69059558457513
261	tsk_4852	0.002298503675640779	37.7471800626974	19.24187909019573
262	tsk_3459	0.002318435770203015	43.68730442389949	16.54140082701625
263	tsk_3572	0.0026964616066932814	35.158811321487875	1.5452607887608911
264	tsk_9054	0.002301746265654227	35.098888951167915	19.80375018271846
265	tsk_3959	0.0025294952313380447	47.43729202921818	5.150889429966922
266	tsk_238	0.0025177072733558923	30.63442626286865	48.82101201184763
267	tsk_2672	0.002358034587615749	29.133071598993297	23.935254545668904
268	tsk_9901	0.002358689037349718	29.14963287220633	41.18422575497144
269	tsk_2773	0.0023018533599049092	37.48361136820802	16.223327637863573
270	tsk_179	0.002290469643969759	40.81642134424539	34.14512162314896
271	tsk_8755	0.0023017832733868144	35.40383088185106	15.690918927458965
272	tsk_5657	0.0032094155078174493	12.0580609678791	26.36311180363401
273	tsk_550	0.0026478208455773563	46.2601377907338	1.9682147059351904
274	tsk_101	0.0026456627674681945	22.208609450060013	25.530977786634683
275	tsk_375	0.0023898226432009072	27.77583331725222	28.363413286596234
276	tsk_11465	0.0023719658252424293	44.1879808056363	41.92157735890942
277	tsk_10739	0.00243740324225864	48.42959340338267	13.274044760008048
278	tsk_9985	0.002418918808392474	47.56777085404391	27.58630894690374
279	tsk_9034	0.0023793127898510506	27.328208302332865	15.23770501111418
280	tsk_4279	0.0023809742583334125	44.96894909447491	41.32293209676893
281	tsk_8291	0.002301286513701881	34.09599122833346	15.548068322219027
282	tsk_5025	0.0023417577610740877	29.350079252712128	10.468079724873787
283	tsk_563	0.0023354866392252525	35.51131757888593	42.9186429047917
284	tsk_712	0.0024524259193739314	37.44249992595128	47.22991579980269
285	tsk_8074	0.0023830404765350735	29.183932215768525	31.53792003371236
286	tsk_6702	0.00230335841709487	41.72857920441684	19.51040761339632
287	tsk_10768	0.002307975391789575	38.83864786072836	28.917594664682376
288	tsk_625	0.0024263493763500986	26.29402513039266	25.60520782451338
289	tsk_2845	0.002580246711537933	41.89579807944173	2.384466885012665
290	tsk_713	0.0023427450827027576	43.63231136415612	40.64897063319783
291	tsk_6587	0.0025353186902670067	25.171529502112868	32.430638307349845
292	tsk_2723	0.0024704872187206964	30.39248965650468	5.139029045005335
293	tsk_4903	0.002337809614582203	45.03247645270991	15.689921945103684
294	tsk_406	0.0023379529497121244	29.44091598399598	10.90489751689139
295	tsk_2789	0.0023030322301530195	39.232676961687865	35.4315018248591
296	tsk_11817	0.002505521129812672	25.865570071540592	44.8240797298137
297	tsk_3914	0.002307082618996312	41.53766037716374	20.710189602352035
298	tsk_2518	0.0023149776198188856	36.32215629530216	32.44413612030821
299	tsk_10032	0.0031833310038238893	14.262288644198955	45.24279565890883
300	tsk_10106	0.002435529848443561	48.28081461370064	11.332650385750483
301	tsk_8028	0.0023263467884594605	29.6895635221816	14.211238639966874
302	tsk_9505	0.002343989218274517	29.750300282584018	21.493308810520247
303	tsk_11279	0.0023964748794372253	34.497017524763486	46.47250848897987
304	tsk_2445	0.002475852026063467	24.57705141085666	12.652073788141452
305	tsk_8872	0.003421482889985439	2.56203767208442	33.06317993261332
306	tsk_8879	0.002489355906943502	25.68488478190056	6.535043729792773
307	tsk_66	0.002723186609316385	49.23047766823712	46.26758287116541
308	tsk_525	0.0024902744334202955	25.232765943255863	29.509728867014573
309	tsk_8560	0.0024399429869700656	48.10137620489473	21.165265797258048
310	tsk_10508	0.0023274756471506996	34.370669564291376	42.23327491264598
311	tsk_10162	0.002356596875260976	29.460995295609777	40.62620247629447
312	tsk_1750	0.002296309255100922	38.11040698748921	17.96337685515624
313	tsk_10846	0.0024085946106669623	47.24645387849961	25.34498357096049
314	tsk_1956	0.002403508861682649	26.32401270409581	13.471822488931473
315	tsk_2654	0.0022893828084438977	41.60975047523685	33.49078528987934
316	tsk_7920	0.0024337455973170124	48.01287580415656	30.67212419706887
317	tsk_8084	0.0023202710391296805	35.17014150267339	13.859973292046362
318	tsk_10894	0.002370360950280691	27.552908267269235	9.841366296383343
319	tsk_9289	0.0026567417268263797	43.23781690325321	1.1001684241491712
320	tsk_733	0.0023192958501420634	36.26417003418986	14.237289021993895
321	tsk_3626	0.0023809704570093545	43.75827279410485	9.257801246920597
322	tsk_5706	0.0023389473759649615	32.31225307988669	31.570727794154013
323	tsk_11030	0.002303698795152361	38.0983839132983	32.56674586194051
324	tsk_7147	0.0023100311393747146	36.32967730782136	30.252189745636475
325	tsk_11266	0.002305451959013909	40.03243076785519	20.643177742749344
326	tsk_2936	0.002327906664050878	31.23621610127121	42.35600747037186
327	tsk_9299	0.0023883051675911557	46.80742231630367	36.00192814664836
328	tsk_9269	0.0023293265515267466	43.40390407721755	24.457611353305545
329	tsk_1271	0.002966332369334886	16.147503480913976	11.709884758432135
330	tsk_4230	0.002381451557628324	39.26011410690747	44.69234458650121
331	tsk_7260	0.0023257744499377312	32.500951808839304	41.29234720844913
332	tsk_8092	0.002393980790860372	27.359716654717563	25.09065806265607
333	tsk_10351	0.0024784818605912517	48.7919681151847	22.557043012316765
334	tsk_1338	0.002504858948613334	30.95718707961262	48.69192889866474
335	tsk_9701	0.002291481583595778	42.516448815343175	34.4053919983734
336	tsk_7985	0.003283191016617948	11.87256570214765	33.92063014797805
337	tsk_5382	0.0026358915760424312	40.461266610379	1.5393530558581432
338	tsk_4756	0.002351671440577535	32.183183024927224	45.06015872380852
339	tsk_4403	0.0023030504867965736	42.26428384174435	30.126367008144165
340	tsk_536	0.00278130804311333	27.32377110552293	1.0634212700082772
341	tsk_18	0.002547454255134101	28.863476318778226	48.61918954812026
342	tsk_10602	0.0023957966525865793	28.77414090749369	7.348957587585079
343	tsk_5069	0.0023694318149148725	46.21137582877442	28.494951814873623
344	tsk_7213	0.0023133163935844065	42.61355016839678	39.02251067644048
345	tsk_4258	0.002411338556619811	27.235796942406942	41.844534548462846
346	tsk_3581	0.003057036167912825	15.15270233810162	19.537319397918264
347	tsk_8707	0.002707615819932798	47.694269613615866	1.8382017712905625
348	tsk_6566	0.002405480575334124	47.29959908560481	28.776771434278963
349	tsk_10448	0.002294956744145314	35.69253709198393	18.41025387940669
350	tsk_9629	0.002457801970715075	30.304310957913305	47.651371487614654
351	tsk_3173	0.00233024727212313	42.523083552065806	13.83730003253884
352	tsk_4158	0.0023866537665199203	42.8136077674167	43.83031857700151
353	tsk_5734	0.002447270726986611	30.73470368725552	47.57327648032745
354	tsk_3401	0.0024007937009922434	27.20305365518601	22.74031765947489
355	tsk_7102	0.0024623299952340892	25.378472660659018	25.20423978294869
356	tsk_5434	0.0023110821962904317	38.46700064708433	35.71452065668158
357	tsk_5650	0.002324151734515098	39.37380675836644	25.2823134207906
358	tsk_5917	0.002370843692509905	37.683130689410696	11.30907716502448
359	tsk_1780	0.003362215802592148	10.541663864388916	46.127001968017055
360	tsk_9131	0.002391797023778697	27.780410206379003	28.730650050726503
361	tsk_11881	0.0023104310575566404	41.0637266045737	39.21975614224891
362	tsk_1832	0.0024684403759763223	47.15075012419227	41.63441124675408
363	tsk_2710	0.0023095396068560843	43.70978950278888	36.92657513540862
364	tsk_3682	0.002472173570475166	48.65411049599759	26.585625772162004
365	tsk_5287	0.002671682412112925	48.32111869222198	2.8982695155098925
366	tsk_5342	0.0032423932015133634	18.47203397187592	1.818893730692628
367	tsk_8492	0.0023117135398434516	31.52690484284987	19.041187980590315
368	tsk_7860	0.002562993644121133	25.017124330723863	37.217367967040026
369	tsk_7486	0.002348045815434013	29.45530547104265	21.32590342550981
370	tsk_2252	0.0031713733256962997	18.637215231014505	48.75324408564133
371	tsk_8675	0.002352111624688339	29.85564108168935	43.80213388872156
372	tsk_8037	0.002390756706588313	31.79549594254477	46.43262739203275
373	tsk_3165	0.0023738167844488452	46.60448022759671	17.966241874889818
374	tsk_1143	0.0023047130905838424	33.97471833847279	15.061541648550802
375	tsk_9135	0.002435436203251791	47.302343048915695	8.472130140768872
376	tsk_1530	0.0024554855330394436	28.97554205916029	5.538199027982291
377	tsk_10644	0.0023276667805536356	30.40294059370884	19.79560751048703
378	tsk_7231	0.002436929140230597	35.62147744303487	47.28224179863871
379	tsk_6931	0.002326274602382764	40.69642147880818	14.200170431486034
380	tsk_4679	0.0023683929305146	28.51191728129953	25.536942987386485
381	tsk_8690	0.0024120214497865126	32.61764178511555	7.278647988150989
382	tsk_7632	0.0025643406831857506	39.319073783587896	48.955449676462166
383	tsk_5183	0.0023852622778345895	40.41000419046036	10.087720938714751
384	tsk_7316	0.002311165263477404	42.701827023517154	38.6932816903425
385	tsk_3012	0.002322551429653013	40.75585033402386	25.27931415972972
386	tsk_6705	0.0023244441600479833	30.336017605454145	18.79643596548508
387	tsk_8989	0.0023668163803102927	45.951349555884384	26.967167594024403
388	tsk_3035	0.002326775388178934	42.84129668252714	14.287119329419616
389	tsk_5060	0.002329875780306068	31.629376076138804	40.996210374712696
390	tsk_281	0.0023309234967865094	32.00600699163642	28.87569060685184
391	tsk_8144	0.0032873535092003787	4.28429384639183	29.153446256254924
392	tsk_11149	0.0024502439469637	38.93931952665357	6.843863508978563
393	tsk_19	0.0024066347371939334	40.82158866273184	8.547522094296836
394	tsk_6840	0.002460663690636836	48.14332078328991	8.61978479739852
395	tsk_8271	0.003115664002515395	12.234898247557007	16.862325482604625
396	tsk_3699	0.0023982338269633425	44.87080251687341	8.33075097704435
397	tsk_6692	0.002318580171422395	43.31289482742173	21.40186136606278
398	tsk_8728	0.003548973549422405	6.008007567246013	42.92905537122336
399	tsk_8289	0.0023183045006175073	34.4908210006773	28.945141034095684
400	tsk_7789	0.002306128383434792	41.36139893089194	16.561473878823318
401	tsk_618	0.0023053231536494224	31.657370652228856	16.90119908807257
402	tsk_9554	0.002333995758262022	30.557063038680365	41.92728605690765
403	tsk_10986	0.002324578543453041	30.7861250207565	12.271562931510696
404	tsk_7827	0.003769345702681608	3.992791087741221	48.81757051200179
