	sampleID	sample_weight	x	y
0	tsk_3201	0.0024685383315517086	37.1095495543173	8.475178278879106
1	tsk_818	0.0024754094804790936	48.35173204322674	43.45275135674894
2	tsk_6279	0.0025084460845291832	16.55387891436771	24.72527475399052
3	tsk_5307	0.002457121946527939	29.911025338303286	41.81357999462968
4	tsk_2633	0.0024659635434129625	37.824714579274485	44.561047525050974
5	tsk_3060	0.002462296747923533	41.05693007468425	41.655483033795385
6	tsk_9200	0.0024692788489097802	25.94327699156614	19.70812267341277
7	tsk_7960	0.0024644953320788845	46.78456032660842	24.901893264836115
8	tsk_2228	0.0025030753622335565	18.225449419558515	7.723215720361405
9	tsk_5919	0.002461364388187488	28.72990847834976	19.398955895796195
10	tsk_4964	0.0024716691168736515	25.00435927007738	43.221088856019385
11	tsk_10464	0.0024630521514512347	47.90552224170644	12.031839016457107
12	tsk_9040	0.0024611574344795373	45.26548156037029	17.32261841743697
13	tsk_11151	0.002476629850690526	44.95476255714746	49.04696993784961
14	tsk_1795	0.0024708912595661175	25.3699865313457	28.940766615022195
15	tsk_7816	0.0024599287481002854	44.4200401417852	37.25441619573131
16	tsk_2791	0.0024639206192818746	33.00662923310772	23.30542372662687
17	tsk_9624	0.002461759162406282	29.95053664571744	8.362819780294176
18	tsk_922	0.0024615023946644166	34.16162734996489	46.19590610333365
19	tsk_235	0.002500899800636523	15.777324002866756	42.761384951228166
20	tsk_7651	0.0024833045635732605	49.65374334407856	39.558059043875545
21	tsk_4108	0.002464463366586626	41.34942203954101	7.777238978274378
22	tsk_8266	0.0024642109543567005	48.08255123573142	12.52237826171674
23	tsk_1213	0.0024717962800272207	44.056750538054	47.766027757385565
24	tsk_10568	0.002467745689297051	29.697445244729003	34.4922531065051
25	tsk_9794	0.0024647309119575325	30.839318046648817	25.51741609372634
26	tsk_10814	0.002461045314688888	44.41213844053179	21.26467174611814
27	tsk_3338	0.0024582429806123017	34.73560182473811	20.368930580152004
28	tsk_2958	0.0024642401221002044	48.46594831026619	9.56102731474798
29	tsk_4586	0.0024616385791061124	43.20842225017888	22.48091751992577
30	tsk_5439	0.00246267703627703	45.55547968557414	22.072708694145607
31	tsk_2122	0.002463325801096844	42.41430657701773	23.621713400742504
32	tsk_5450	0.002467784594581783	26.31888991460012	28.84687123589816
33	tsk_10332	0.0024608671655550842	43.85371592755515	14.310983857805
34	tsk_10833	0.002461479869833005	43.81328688668936	33.7197100093463
35	tsk_5581	0.0024661193085985084	36.54230474818759	38.447988780860896
36	tsk_7706	0.0024586125758423107	41.39928150971711	37.184446892414925
37	tsk_8128	0.0024669552120756607	29.94619848991541	33.984874506588206
38	tsk_5829	0.0024643612387399514	26.54141719821707	7.024888019633586
39	tsk_11121	0.0025091513474585062	13.32732783146696	12.08019029192801
40	tsk_4894	0.0024631571223989344	29.98656918178144	7.142864361015876
41	tsk_11032	0.0024709056815649254	47.44683967285791	41.25684665710497
42	tsk_1722	0.0024645558930997662	30.41579009150465	25.889982834316207
43	tsk_10590	0.0025001131864592296	17.31450012730684	9.682428796275271
44	tsk_407	0.0024771927454361954	48.85224053737982	34.571614026478926
45	tsk_10615	0.0024817246309629926	23.451130914832977	21.969047429674827
46	tsk_8888	0.002464529049325377	32.02147851198494	48.15550360948383
47	tsk_7170	0.002469466512501686	44.43544186829577	46.85202326035234
48	tsk_2366	0.0024619395155191116	31.713374138733883	30.26167459571702
49	tsk_387	0.00246883228049651	42.75924638929462	45.93202351114648
50	tsk_9207	0.0024573444433254412	32.62975779590108	19.69627714303641
51	tsk_9253	0.002468478074806822	33.55587684656997	37.1200319632494
52	tsk_4393	0.0024594620116467378	46.27264352915876	10.911522671391692
53	tsk_1100	0.0024625200897227424	45.04563499770493	23.50502740142407
54	tsk_9167	0.002472789275707855	36.06242575802075	4.91911681366839
55	tsk_2419	0.0024671781969194057	45.49658393815109	5.231526253324676
56	tsk_7716	0.0024626602066534493	43.6982295419832	32.55571166571051
57	tsk_2728	0.0024613726909633086	37.09749786129428	28.446108312644085
58	tsk_1973	0.002463388426783519	42.110051937979314	32.151364863695946
59	tsk_7684	0.002465832527012689	38.69899590818878	43.91733440260973
60	tsk_4910	0.0024741327488175184	49.23224488564362	15.166501577880322
61	tsk_11092	0.0024619645713970595	42.92010490549541	13.736864607885902
62	tsk_2367	0.0024686211325440797	37.42771082139278	10.752475891424726
63	tsk_5049	0.0024645025637409427	39.77340755834654	29.85090490957019
64	tsk_156	0.0024630357537677784	37.916119625028784	27.340126083854525
65	tsk_2481	0.0025279231547191963	4.95522968804304	6.767890831928903
66	tsk_8672	0.0024650052756156247	43.72126511244841	43.741908165248624
67	tsk_6924	0.0024644822071395282	46.59434628056418	28.83883227458421
68	tsk_571	0.002474847889705806	48.74358706986242	18.26425881804892
69	tsk_3046	0.002504301058392672	17.254740936680214	13.644424011580476
70	tsk_6998	0.0024727792469385395	26.65062387620821	34.25027989030959
71	tsk_11325	0.002464525166993728	31.72190605456804	10.648276740292618
72	tsk_5488	0.002467457031672399	25.889509925426392	15.99664914722304
73	tsk_2022	0.0024686727097651536	35.55370053091798	35.23273019738335
74	tsk_201	0.0024620195190245883	46.998677548355786	13.165106415955597
75	tsk_9127	0.0024853958483572595	25.55604126630296	1.934907529801838
76	tsk_8644	0.0025082658997997295	2.9415850474921985	28.38053139598041
77	tsk_8433	0.0024606853648967797	28.237117567601768	44.85010324964887
78	tsk_4118	0.0024617577218635487	36.50999528366433	27.76540997204868
79	tsk_6984	0.0024632995659833227	27.06040628443176	14.849363549880906
80	tsk_4476	0.0024680445015158622	25.96031275409757	17.49343457225773
81	tsk_9881	0.002460152621314357	46.59267327115085	11.787752973126228
82	tsk_2114	0.002470966140900318	47.66180419951824	33.44829046497325
83	tsk_10122	0.0024604856396472103	39.17761859422498	16.531102876038215
84	tsk_3541	0.0024571077706153424	36.686581105356254	18.20650599716833
85	tsk_5521	0.002528513051018361	3.192196941133803	1.6837056834293536
86	tsk_4276	0.0024678419997100957	38.08985140872507	6.136627723391316
87	tsk_2214	0.0024752751586540633	38.51328222531942	1.930764680798162
88	tsk_5355	0.0024599190154212447	43.84123989927142	18.23841447080881
89	tsk_835	0.00246493775334523	37.55067682228747	38.5602918037283
90	tsk_3433	0.0025072963302129733	13.428490809880255	23.204215179962787
91	tsk_10298	0.002467973640987132	27.255273224290463	46.30295624962038
92	tsk_4329	0.0024567303894180866	33.79543001815755	19.41155457887007
93	tsk_4796	0.0024606016183842936	36.204669220739554	29.689321239996968
94	tsk_2517	0.0024570694491394267	34.98748504234482	19.57319868077472
95	tsk_8899	0.0024684211310206884	25.2272871971335	9.406481346832695
96	tsk_6743	0.0024814999369084	48.76906225132126	47.5031613085542
97	tsk_2623	0.002471390075398565	44.88068676245456	47.662647451737
98	tsk_1089	0.0024642484610354256	46.33970859404192	19.78790264065953
99	tsk_9798	0.002465290611632253	44.64798802816883	5.860382108391389
100	tsk_2446	0.002469217962323051	25.32126795056502	12.680548913861344
101	tsk_1851	0.0024594814390167196	42.76855120903651	34.99297629703137
102	tsk_5795	0.002461338778602159	27.598268170148664	8.024513640027491
103	tsk_8951	0.002456253375190841	34.248127782818514	18.75178722464452
104	tsk_4607	0.0024639396129701157	45.16930800989324	32.697700969337355
105	tsk_4661	0.0024646564742172973	38.28830850785344	43.18170246238195
106	tsk_4011	0.0024586433752020694	30.70266873470121	17.749193689161704
107	tsk_1393	0.002461581315505428	30.29638261251157	22.31983111769712
108	tsk_11062	0.002465544841418568	40.60931510967305	24.64095545945412
109	tsk_6308	0.0024616153257055705	36.06065871909354	14.62410119920948
110	tsk_7522	0.0025155863937842363	11.813899256062168	18.40321207964353
111	tsk_5104	0.0024657755554654552	36.51684126570388	25.195105121358093
112	tsk_1784	0.0024667720234932194	47.63793869325869	29.04515587514695
113	tsk_11107	0.0025150617785180216	8.676099948855045	34.64886243168407
114	tsk_971	0.002468817118338612	33.970929412408985	36.868612055790805
115	tsk_2057	0.002461866913690112	31.79202154543734	30.142497488519663
116	tsk_324	0.0024604283085758374	35.765492736468886	29.1233618825485
117	tsk_3210	0.002459888290777772	44.7813183016021	9.67916105262804
118	tsk_5417	0.0025245729855147285	12.71486558689544	4.675392071971469
119	tsk_5195	0.0024795274361962133	42.519688312188016	49.1538607580687
120	tsk_10781	0.0024600070574907294	41.98208749961214	18.98138926926977
121	tsk_11834	0.0024635783285369135	26.48413128057792	8.214648618338542
122	tsk_5226	0.002494345598876931	22.975456194434223	35.443443484319126
123	tsk_6003	0.00246127160846196	28.29524401784237	13.714327113424906
124	tsk_4998	0.0024669274346479594	25.563170651950475	9.404407585300945
125	tsk_8208	0.0024660041407285915	39.45172049066813	43.79338734907447
126	tsk_8088	0.002467998449694157	25.666047528209663	42.42491594857872
127	tsk_3138	0.0024713383997918828	27.633562349083466	47.502114625467165
128	tsk_10287	0.0024652879016492336	40.5825578020712	9.721558823245992
129	tsk_3039	0.002459958539258324	39.559894283156346	18.85071735156172
130	tsk_10543	0.002461966550733883	31.651169086446767	29.87401671373341
131	tsk_7327	0.002462878121020316	30.63393023325889	29.23610711155364
132	tsk_6992	0.002460810612746574	45.08837540533945	16.27705158546397
133	tsk_10838	0.002460898288926729	28.72113120363905	17.61837597077336
134	tsk_10577	0.0024688283593279235	29.470446167895467	35.570798318745155
135	tsk_2853	0.002485299490131398	47.62583775103785	1.733144269914871
136	tsk_11232	0.0024663185185903034	40.555543217273886	5.58310249740906
137	tsk_9903	0.0024691158874233206	27.358374422271304	33.15751420784412
138	tsk_11005	0.002465128674306246	37.83903228207856	25.689326486548875
139	tsk_10989	0.002457946755745729	42.21528601601918	37.1993909036968
140	tsk_628	0.0024655226062077233	48.76547211779892	9.517547927949074
141	tsk_7238	0.002460311785449599	33.172609598241415	46.37598399145621
142	tsk_11303	0.002458021861151958	28.671492112238862	42.067928106669605
143	tsk_967	0.0024764873579246846	48.97947665731434	32.47116306261126
144	tsk_1101	0.0024613663967396828	35.382738328159284	30.89986790872382
145	tsk_4172	0.0024605286559533867	34.61031521900665	30.14714744244684
146	tsk_2947	0.0024698939071379745	35.180420731344405	8.772760444355487
147	tsk_8311	0.0024634724153119254	26.668455488025185	42.25598114771842
148	tsk_199	0.0024639990976015338	46.41349763097278	28.18320906906665
149	tsk_4949	0.0024665928947837515	47.50652620948964	24.27935580487048
150	tsk_10976	0.002460587274947705	44.56669001501188	13.88938041241918
151	tsk_6657	0.002470122433898905	46.81084003995629	44.76173707611956
152	tsk_787	0.0024629429510622178	36.3658138719797	42.65605099870815
153	tsk_7846	0.0024607710682442844	27.524228849360146	43.65872272818124
154	tsk_1098	0.0025054898765310436	19.92691968549577	19.65800441055136
155	tsk_4594	0.002464407053281057	33.988853972621705	47.53383714818506
156	tsk_7211	0.002464468566973001	26.585015209996275	13.75381920728299
157	tsk_8360	0.002459909488465064	35.85432317012567	15.302445733227614
158	tsk_11824	0.0024648244042075962	30.13582100430853	6.452508486912866
159	tsk_1037	0.002469976076249213	34.705289698856674	8.514381554096255
160	tsk_1171	0.0024741383534692516	41.39563321615655	1.3972469797993778
161	tsk_549	0.0024781805697761537	36.90183408362055	48.80546474399891
162	tsk_8536	0.00245945731972071	42.82164617964701	35.01948059578208
163	tsk_9657	0.0024676384398128227	31.9390834897234	34.47729365898641
164	tsk_3591	0.002459655855202462	33.72760741220211	15.407529213571252
165	tsk_10910	0.002461121752589991	45.04349988845116	18.93201787326068
166	tsk_7850	0.002466670257711756	42.55594350101193	44.62836831890248
167	tsk_4544	0.0024605716488354415	29.41677696908232	14.652696065829154
168	tsk_4025	0.0025163615316276273	13.683122462954938	36.64573067942093
169	tsk_3464	0.0024607416902808436	42.9417709080517	21.27651680971256
170	tsk_3615	0.002470606322188444	45.54765189794593	3.9616773932514233
171	tsk_6529	0.0024628452666529	31.02187498007665	11.854840256515384
172	tsk_6806	0.002462455606804523	27.60013376195977	16.25431584525173
173	tsk_9639	0.0024698534718080303	25.58227858780949	17.763551073583734
174	tsk_5807	0.002461339326728532	38.485426210559446	20.571806872127105
175	tsk_631	0.002465141680025286	38.6327358652359	25.876299664599607
176	tsk_7982	0.0024977063965149282	14.814479754800065	45.57943016372128
177	tsk_4749	0.002459234062765877	42.94362429324322	39.95176021654679
178	tsk_2287	0.002469074443822965	32.974653847156794	48.9902558626906
179	tsk_8209	0.0024636855745518095	28.587025768958988	24.326162121887943
180	tsk_3781	0.002466663834003757	47.43804400147233	16.50223473763734
181	tsk_11594	0.002498875071020379	18.81255985669785	43.54082825036862
182	tsk_2807	0.002469839021308198	34.79052510052687	8.912412504285589
183	tsk_4731	0.002469025949876792	49.07806691603962	8.116186701533454
184	tsk_10462	0.002465197763849506	29.613922261473025	32.57628654006661
185	tsk_6099	0.00246502287265028	45.83570484609749	31.65689928256567
186	tsk_1566	0.0024748453368182246	47.054923397197925	47.61833432165195
187	tsk_3625	0.002459552824738543	45.26858381594629	9.711602660532815
188	tsk_10936	0.002458330131692629	42.99593820725144	36.36708961663892
189	tsk_1819	0.002461942979084751	32.540860984141766	31.053555345530533
190	tsk_7119	0.0024578392555151722	30.677754155136064	41.29882699622575
191	tsk_3972	0.0024606900017288837	31.25635474383639	14.81034976318904
192	tsk_4285	0.0024696764697007623	38.44817379095225	4.107953193452241
193	tsk_2257	0.0024731296829400545	44.050141118373126	48.178922277861126
194	tsk_2049	0.00246533304592269	30.97269777320418	38.1298269157969
195	tsk_6585	0.0024615873970029447	35.06028456142573	42.54324429860844
196	tsk_4714	0.002470613519586035	26.138555664192182	31.73379502760792
197	tsk_961	0.0024654156581107533	42.98577606104827	29.432031291959795
198	tsk_3095	0.0024675386487987973	46.60365043759744	41.193505359744506
199	tsk_4281	0.002461825991850043	28.26856732134987	7.024979685985198
200	tsk_3539	0.0024794859967990535	28.53166985001154	2.453515294679661
201	tsk_8593	0.002465637802326574	33.783383615594715	24.13752681619613
202	tsk_11523	0.0024614717741064667	36.71782885319511	30.415064609848123
203	tsk_2213	0.002472767253224093	36.09039347899252	4.900451751387166
204	tsk_6152	0.0024612041386077336	29.76371039503352	9.181596000580376
205	tsk_128	0.002463651804363227	38.6317995224502	41.58010470582524
206	tsk_6771	0.002469813835792065	41.43743019767483	2.8331898701889564
207	tsk_8985	0.002463047391645599	29.94369364600984	39.02160498093165
208	tsk_11487	0.0024707834200579084	41.55887111070517	2.4267935005251235
209	tsk_6383	0.002462073310747603	39.34052527625469	38.91629879206147
210	tsk_1033	0.002457935883415899	32.69194913979884	43.675104337286726
211	tsk_10381	0.002467857205760953	26.050902699332653	24.75004777012285
212	tsk_9233	0.002460004631712785	36.94189552653922	15.53828897505696
213	tsk_1630	0.0025178946814524896	17.582727453284	29.629700141172105
214	tsk_4926	0.002463048686436776	38.68589308804141	28.6021055447814
215	tsk_11094	0.002460883605401873	34.06700973444821	28.89428603931616
216	tsk_5968	0.002465457626171929	36.02211701413142	39.36414298589389
217	tsk_11275	0.0024988152840335013	18.10170341381648	46.447244646592566
218	tsk_1334	0.0024681930849994186	26.20253974051714	29.046305255033964
219	tsk_7310	0.002460267182624247	41.42951466400144	35.00770977936954
220	tsk_354	0.0024788511613706007	49.0135815357959	37.03700508502106
221	tsk_4538	0.002461257586582747	33.57985855185745	14.654531045798269
222	tsk_3232	0.0024686281266634758	26.013445306309627	22.793301080953256
223	tsk_3314	0.0024638397083931144	26.69549707526528	43.82344432486215
224	tsk_2980	0.0024630979593453653	44.220317657914016	42.21834569425866
225	tsk_9974	0.002460038979674207	31.70308849433578	40.50456630428126
226	tsk_3265	0.00245941143653251	32.40141837142327	21.176940003196968
227	tsk_10962	0.002467382246972929	26.395622614566715	28.337856213509724
228	tsk_998	0.0024610680773135	46.35146805678243	8.256248150647265
229	tsk_8230	0.002462779267796323	28.16075036239365	40.020193218817255
230	tsk_9133	0.0024621120222045587	33.6228817289689	22.30707611856295
231	tsk_4917	0.0024686418728393352	48.074005284408464	6.572201191783205
232	tsk_8167	0.0024623311408422228	34.06353070294442	46.716852897270094
233	tsk_4388	0.0024620063444995345	38.62110861998834	15.229710519013052
234	tsk_4637	0.002458357939072967	43.38137578017708	36.90378853794184
235	tsk_7171	0.0024787884156453523	49.01405426018511	36.75836493455633
236	tsk_9373	0.002464209021907363	41.80207478887091	7.580963016825449
237	tsk_4818	0.0025089326371245686	6.506969173985118	28.255479705850043
238	tsk_2182	0.0024717266140259547	28.272555817722004	3.852508893386041
239	tsk_8005	0.0024964787490858726	24.17946450379528	0.9296647824591237
240	tsk_3395	0.002458778148093703	28.12800696780907	42.87152677067608
241	tsk_6536	0.002474880115950074	43.06668471207228	1.4505960367418125
242	tsk_4670	0.0024639164986903017	38.54833129805999	37.29827073987785
243	tsk_7220	0.002469849882794613	37.39911505003455	5.111671175484193
244	tsk_10025	0.0024684496583937624	26.163223731855165	19.844148036839307
245	tsk_6655	0.0024610408059193706	29.103667332536563	11.843039554982225
246	tsk_6041	0.002460360059275749	29.333849580971386	40.18177006547249
247	tsk_5516	0.0024618796059869526	47.8368091958344	10.312134527682684
248	tsk_8654	0.0024734950383919997	45.74800633053699	48.10867122059061
249	tsk_6027	0.0024623761821173555	42.84629540746124	12.855385247285591
250	tsk_6547	0.002460287604875231	37.75057847263298	20.241211852224456
251	tsk_1495	0.002467979647687346	36.520597109674384	35.786502507478765
252	tsk_3890	0.002460487316454325	35.5312418844065	29.986678848211785
253	tsk_10400	0.0024613282460767445	27.47411011887572	8.662776471295558
254	tsk_11697	0.002460655562285818	44.89736462189356	17.086529740441456
255	tsk_3587	0.002487137082826687	22.223506691520203	7.923474897684881
256	tsk_8862	0.0024647780479529298	42.7854764965835	30.517506076985413
257	tsk_8569	0.0024667672730770847	26.42280463772658	5.917011350483239
258	tsk_2903	0.0024925687118653394	22.012753075927463	41.69059558457513
259	tsk_4852	0.0024588276537790225	37.7471800626974	19.24187909019573
260	tsk_3459	0.0024601425596429104	43.68730442389949	16.54140082701625
261	tsk_3572	0.0024876136812796257	35.158811321487875	1.5452607887608911
262	tsk_9054	0.0024574419494701855	35.098888951167915	19.80375018271846
263	tsk_2141	0.002472949084027023	49.0088302581551	24.47938306955695
264	tsk_5537	0.0024622834970486865	44.646956223206494	23.375673954695102
265	tsk_3959	0.002471041110584036	47.43729202921818	5.150889429966922
266	tsk_238	0.0024685506118482356	30.63442626286865	48.82101201184763
267	tsk_2672	0.0024633027642115076	29.133071598993297	23.935254545668904
268	tsk_9901	0.002458462021345969	29.14963287220633	41.18422575497144
269	tsk_2773	0.0024592573744285076	37.48361136820802	16.223327637863573
270	tsk_179	0.0024621520726130822	40.81642134424539	34.14512162314896
271	tsk_8755	0.0024589549545419053	35.40383088185106	15.690918927458965
272	tsk_5657	0.002513158814505237	12.0580609678791	26.36311180363401
273	tsk_550	0.0024791710689482803	46.2601377907338	1.9682147059351904
274	tsk_101	0.0024883639805752256	22.208609450060013	25.530977786634683
275	tsk_11465	0.0024626573035483276	44.1879808056363	41.92157735890942
276	tsk_10739	0.0024666352025180865	48.42959340338267	13.274044760008048
277	tsk_9985	0.002465775265130827	47.56777085404391	27.58630894690374
278	tsk_9034	0.0024627588852405586	27.328208302332865	15.23770501111418
279	tsk_4279	0.0024631081228377264	44.96894909447491	41.32293209676893
280	tsk_8291	0.00245929515167541	34.09599122833346	15.548068322219027
281	tsk_5025	0.0024609176634398434	29.350079252712128	10.468079724873787
282	tsk_563	0.0024619479922418632	35.51131757888593	42.9186429047917
283	tsk_8074	0.002464514725368892	29.183932215768525	31.53792003371236
284	tsk_6702	0.0024602056786382433	41.72857920441684	19.51040761339632
285	tsk_10768	0.002463213977207936	38.83864786072836	28.917594664682376
286	tsk_7061	0.0024570288457351824	33.91998448058979	19.70572067139821
287	tsk_625	0.0024670977488812727	26.29402513039266	25.60520782451338
288	tsk_2845	0.002470962783892284	41.89579807944173	2.384466885012665
289	tsk_713	0.002460446070883099	43.63231136415612	40.64897063319783
290	tsk_6587	0.0024754632353614133	25.171529502112868	32.430638307349845
291	tsk_2723	0.002469470018740877	30.39248965650468	5.139029045005335
292	tsk_11309	0.0024706938756049713	27.42287315858636	34.281352507098426
293	tsk_4903	0.0024607286118920463	45.03247645270991	15.689921945103684
294	tsk_406	0.002461055814823196	29.44091598399598	10.90489751689139
295	tsk_11817	0.0024695744878557987	25.865570071540592	44.8240797298137
296	tsk_3914	0.002460984284077815	41.53766037716374	20.710189602352035
297	tsk_2518	0.002464601485969088	36.32215629530216	32.44413612030821
298	tsk_10032	0.002498637103725593	14.262288644198955	45.24279565890883
299	tsk_10106	0.0024636642323110558	48.28081461370064	11.332650385750483
300	tsk_8028	0.002460718582372968	29.6895635221816	14.211238639966874
301	tsk_9505	0.002461080277383052	29.750300282584018	21.493308810520247
302	tsk_11279	0.002462659691215639	34.497017524763486	46.47250848897987
303	tsk_2445	0.0024731156154910484	24.57705141085666	12.652073788141452
304	tsk_1387	0.0024563054619185423	35.2376210224999	18.554842026316003
305	tsk_8872	0.0025170995006302747	2.56203767208442	33.06317993261332
306	tsk_8879	0.0024680507812776154	25.68488478190056	6.535043729792773
307	tsk_66	0.002481328747412918	49.23047766823712	46.26758287116541
308	tsk_525	0.0024718337004009773	25.232765943255863	29.509728867014573
309	tsk_8560	0.002471258512817966	48.10137620489473	21.165265797258048
310	tsk_10508	0.002460979766641926	34.370669564291376	42.23327491264598
311	tsk_10162	0.002459224479023903	29.460995295609777	40.62620247629447
312	tsk_1750	0.0024585358962790414	38.11040698748921	17.96337685515624
313	tsk_10846	0.0024652950560812015	47.24645387849961	25.34498357096049
314	tsk_1956	0.002465271662338349	26.32401270409581	13.471822488931473
315	tsk_10665	0.0024627351747791223	35.40911764743486	41.58061396542049
316	tsk_7920	0.0024697753340415626	48.01287580415656	30.67212419706887
317	tsk_9289	0.0024766102918426353	43.23781690325321	1.1001684241491712
318	tsk_733	0.002462685384936957	36.26417003418986	14.237289021993895
319	tsk_3626	0.0024611447260976184	43.75827279410485	9.257801246920597
320	tsk_5706	0.0024626567953807423	32.31225307988669	31.570727794154013
321	tsk_11030	0.0024652089644268778	38.0983839132983	32.56674586194051
322	tsk_11266	0.0024616071682774065	40.03243076785519	20.643177742749344
323	tsk_2936	0.0024570430082808555	31.23621610127121	42.35600747037186
324	tsk_9299	0.0024679664792242977	46.80742231630367	36.00192814664836
325	tsk_9269	0.002463516082893799	43.40390407721755	24.457611353305545
326	tsk_1271	0.0025003856350690854	16.147503480913976	11.709884758432135
327	tsk_4230	0.0024676230501392963	39.26011410690747	44.69234458650121
328	tsk_8092	0.002464980605514924	27.359716654717563	25.09065806265607
329	tsk_10351	0.0024738738676731336	48.7919681151847	22.557043012316765
330	tsk_1338	0.0024674661042977477	30.95718707961262	48.69192889866474
331	tsk_9701	0.0024602181720649826	42.516448815343175	34.4053919983734
332	tsk_7985	0.002512505831642431	11.87256570214765	33.92063014797805
333	tsk_5382	0.002473965472762506	40.461266610379	1.5393530558581432
334	tsk_4756	0.002457884616143837	32.183183024927224	45.06015872380852
335	tsk_4403	0.0024653012509828994	42.26428384174435	30.126367008144165
336	tsk_536	0.002487756038779773	27.32377110552293	1.0634212700082772
337	tsk_18	0.0024719852353685067	28.863476318778226	48.61918954812026
338	tsk_10602	0.0024614470194150684	28.77414090749369	7.348957587585079
339	tsk_5069	0.002463970133289429	46.21137582877442	28.494951814873623
340	tsk_7213	0.002458337962795882	42.61355016839678	39.02251067644048
341	tsk_4258	0.002461760847664208	27.235796942406942	41.844534548462846
342	tsk_8296	0.0024640763281162143	46.622945877049965	27.791304756674403
343	tsk_3581	0.0025086116920723014	15.15270233810162	19.537319397918264
344	tsk_6566	0.002465680045227087	47.29959908560481	28.776771434278963
345	tsk_10448	0.0024564520052909366	35.69253709198393	18.41025387940669
346	tsk_9629	0.0024639551932150935	30.304310957913305	47.651371487614654
347	tsk_5734	0.0024630808557132874	30.73470368725552	47.57327648032745
348	tsk_3401	0.0024652691226790006	27.20305365518601	22.74031765947489
349	tsk_7102	0.0024700552009913478	25.378472660659018	25.20423978294869
350	tsk_5434	0.0024650681049644477	38.46700064708433	35.71452065668158
351	tsk_5650	0.0024657533710478905	39.37380675836644	25.2823134207906
352	tsk_5917	0.0024682656412898622	37.683130689410696	11.30907716502448
353	tsk_3667	0.0024580656952200965	42.98969474830584	38.33133329164214
354	tsk_1780	0.002512876972307299	10.541663864388916	46.127001968017055
355	tsk_9292	0.00246853089967953	26.563399494616508	5.14621865900853
356	tsk_9131	0.0024650812547765484	27.780410206379003	28.730650050726503
357	tsk_11881	0.002459523058958538	41.0637266045737	39.21975614224891
358	tsk_1832	0.0024697692295338764	47.15075012419227	41.63441124675408
359	tsk_2710	0.0024587352676287105	43.70978950278888	36.92657513540862
360	tsk_3682	0.0024697405309011527	48.65411049599759	26.585625772162004
361	tsk_5287	0.0024830855428542905	48.32111869222198	2.8982695155098925
362	tsk_5342	0.0025207645418832275	18.47203397187592	1.818893730692628
363	tsk_8492	0.002457762578308851	31.52690484284987	19.041187980590315
364	tsk_7860	0.002482670882922038	25.017124330723863	37.217367967040026
365	tsk_7486	0.0024612459037246927	29.45530547104265	21.32590342550981
366	tsk_8570	0.0024596544214100747	43.52795472148357	40.02858008604811
367	tsk_2252	0.002509001964854897	18.637215231014505	48.75324408564133
368	tsk_8675	0.0024568705598986304	29.85564108168935	43.80213388872156
369	tsk_8037	0.0024595305026413393	31.79549594254477	46.43262739203275
370	tsk_3165	0.002464513026117736	46.60448022759671	17.966241874889818
371	tsk_9135	0.002462065383959859	47.302343048915695	8.472130140768872
372	tsk_1530	0.0024655292309010085	28.97554205916029	5.538199027982291
373	tsk_10644	0.002459165691789568	30.40294059370884	19.79560751048703
374	tsk_7231	0.0024675180388645927	35.62147744303487	47.28224179863871
375	tsk_9336	0.00248223000033213	49.44385263041264	45.99313912863597
376	tsk_6931	0.002463914625104709	40.69642147880818	14.200170431486034
377	tsk_4679	0.0024641215780130407	28.51191728129953	25.536942987386485
378	tsk_8690	0.0024689731109641404	32.61764178511555	7.278647988150989
379	tsk_7632	0.0024834974730470315	39.319073783587896	48.955449676462166
380	tsk_5183	0.0024656410292984627	40.41000419046036	10.087720938714751
381	tsk_11276	0.002458609921447855	31.435205791687714	45.891429957154905
382	tsk_7316	0.002458139053072816	42.701827023517154	38.6932816903425
383	tsk_3012	0.0024657952315292595	40.75585033402386	25.27931415972972
384	tsk_6705	0.002458922680962722	30.336017605454145	18.79643596548508
385	tsk_8989	0.002463510647463563	45.951349555884384	26.967167594024403
386	tsk_3035	0.00246175570427219	42.84129668252714	14.287119329419616
387	tsk_5060	0.0024590446472689135	31.629376076138804	40.996210374712696
388	tsk_281	0.0024622028851899345	32.00600699163642	28.87569060685184
389	tsk_11156	0.002483889054125044	36.78007574804065	1.1166244815251465
390	tsk_8144	0.0025050017841846467	4.28429384639183	29.153446256254924
391	tsk_11149	0.0024666204844814906	38.93931952665357	6.843863508978563
392	tsk_19	0.002464776314372844	40.82158866273184	8.547522094296836
393	tsk_6840	0.002464117087224869	48.14332078328991	8.61978479739852
394	tsk_3699	0.002460878580842055	44.87080251687341	8.33075097704435
395	tsk_6692	0.0024607627893759297	43.31289482742173	21.40186136606278
396	tsk_8728	0.0025255952636499077	6.008007567246013	42.92905537122336
397	tsk_8289	0.002460659348179814	34.4908210006773	28.945141034095684
398	tsk_7789	0.0024609865068782686	41.36139893089194	16.561473878823318
399	tsk_10191	0.0024648080584837536	40.936949065475766	9.573617614425306
400	tsk_618	0.0024584056665770335	31.657370652228856	16.90119908807257
401	tsk_9554	0.002457028475695131	30.557063038680365	41.92728605690765
402	tsk_10986	0.0024623461006476714	30.7861250207565	12.271562931510696
403	tsk_11800	0.0024606144509095023	45.1600148472894	8.43861355924442
404	tsk_7827	0.002529017531974101	3.992791087741221	48.81757051200179
