	sampleID	sample_weight	x	y
0	tsk_3201	0.001905430423917925	37.1095495543173	8.475178278879106
1	tsk_6279	0.010102541735805756	16.55387891436771	24.72527475399052
2	tsk_5307	0.0013296616367422024	29.911025338303286	41.81357999462968
3	tsk_2633	0.001465934584087605	37.824714579274485	44.561047525050974
4	tsk_3060	0.0013434728731472193	41.05693007468425	41.655483033795385
5	tsk_9200	0.0021224357615667634	25.94327699156614	19.70812267341277
6	tsk_7960	0.0016067807108674783	46.78456032660842	24.901893264836115
7	tsk_2228	0.007533021612877753	18.225449419558515	7.723215720361405
8	tsk_5919	0.0015218832442975723	28.72990847834976	19.398955895796195
9	tsk_4964	0.0024860523018310926	25.00435927007738	43.221088856019385
10	tsk_10464	0.0016121363903301349	47.90552224170644	12.031839016457107
11	tsk_9040	0.0013974847136925496	45.26548156037029	17.32261841743697
12	tsk_8637	0.0013783377195057888	27.76287184585584	9.300785017041786
13	tsk_8294	0.0013133010809040664	43.99273665099778	35.575322434235666
14	tsk_11151	0.0026250033531861343	44.95476255714746	49.04696993784961
15	tsk_11663	0.0016709159741421927	42.16346017480873	46.3171204987794
16	tsk_7816	0.0013367925444595563	44.4200401417852	37.25441619573131
17	tsk_2791	0.0015330600547649954	33.00662923310772	23.30542372662687
18	tsk_922	0.0014285098360783358	34.16162734996489	46.19590610333365
19	tsk_235	0.006850827644815657	15.777324002866756	42.761384951228166
20	tsk_7651	0.0032800683879358316	49.65374334407856	39.558059043875545
21	tsk_4108	0.0016504304811174168	41.34942203954101	7.777238978274378
22	tsk_8266	0.001670817151340624	48.08255123573142	12.52237826171674
23	tsk_1213	0.002043441609113807	44.056750538054	47.766027757385565
24	tsk_10568	0.001855631220626249	29.697445244729003	34.4922531065051
25	tsk_9794	0.0016297502527332739	30.839318046648817	25.51741609372634
26	tsk_10814	0.0013455832596348612	44.41213844053179	21.26467174611814
27	tsk_3338	0.0013044145944370825	34.73560182473811	20.368930580152004
28	tsk_2958	0.00172935752076414	48.46594831026619	9.56102731474798
29	tsk_4586	0.0013570026229268715	43.20842225017888	22.48091751992577
30	tsk_2122	0.0014202445121336308	42.41430657701773	23.621713400742504
31	tsk_10332	0.001405098149436178	43.85371592755515	14.310983857805
32	tsk_10833	0.0013405728652818487	43.81328688668936	33.7197100093463
33	tsk_5581	0.0016372400651957866	36.54230474818759	38.447988780860896
34	tsk_7706	0.0013185766015676068	41.39928150971711	37.184446892414925
35	tsk_8128	0.0018064817192654382	29.94619848991541	33.984874506588206
36	tsk_5829	0.0016358256031382859	26.54141719821707	7.024888019633586
37	tsk_11121	0.0077806475931144455	13.32732783146696	12.08019029192801
38	tsk_4894	0.0015447652676215387	29.98656918178144	7.142864361015876
39	tsk_11032	0.0020989768252045976	47.44683967285791	41.25684665710497
40	tsk_1722	0.00164337586772238	30.41579009150465	25.889982834316207
41	tsk_10590	0.006830621932925679	17.31450012730684	9.682428796275271
42	tsk_407	0.0023336258950029574	48.85224053737982	34.571614026478926
43	tsk_10615	0.003720288765502849	23.451130914832977	21.969047429674827
44	tsk_11063	0.0013563995309421387	44.3932199712304	38.90759813825576
45	tsk_8888	0.0017532637726967446	32.02147851198494	48.15550360948383
46	tsk_7170	0.001876836402729926	44.43544186829577	46.85202326035234
47	tsk_2366	0.0014819451632914066	31.713374138733883	30.26167459571702
48	tsk_387	0.0016272378419340742	42.75924638929462	45.93202351114648
49	tsk_1022	0.0015829750343930337	46.47049280257537	30.649848830186656
50	tsk_3642	0.0013751765488504923	27.74245366987568	10.038828143999323
51	tsk_9207	0.001291845288274335	32.62975779590108	19.69627714303641
52	tsk_9253	0.0017458255600194788	33.55587684656997	37.1200319632494
53	tsk_4393	0.0014143930331720247	46.27264352915876	10.911522671391692
54	tsk_8336	0.0015752860158835672	47.57389920652139	12.484810708691851
55	tsk_1100	0.0014396887787283136	45.04563499770493	23.50502740142407
56	tsk_9167	0.002341445662378586	36.06242575802075	4.91911681366839
57	tsk_11027	0.002846225090376669	35.84518934626723	3.1066754937258603
58	tsk_2419	0.0018493548052149207	45.49658393815109	5.231526253324676
59	tsk_7716	0.0013720974545689574	43.6982295419832	32.55571166571051
60	tsk_2728	0.001366803098987832	37.09749786129428	28.446108312644085
61	tsk_7684	0.0014410885431552945	38.69899590818878	43.91733440260973
62	tsk_4910	0.002286494756005978	49.23224488564362	15.166501577880322
63	tsk_11092	0.0014457596816445295	42.92010490549541	13.736864607885902
64	tsk_2367	0.0017883105315002362	37.42771082139278	10.752475891424726
65	tsk_5049	0.0014405556576234102	39.77340755834654	29.85090490957019
66	tsk_156	0.001432941594699245	37.916119625028784	27.340126083854525
67	tsk_2481	0.01542190347181965	4.95522968804304	6.767890831928903
68	tsk_2587	0.001384353021878875	40.26738445297236	42.83231469435574
69	tsk_8672	0.0014807239313866477	43.72126511244841	43.741908165248624
70	tsk_3193	0.014315096912636665	7.219975647410015	12.853261683977957
71	tsk_6924	0.001599323200551027	46.59434628056418	28.83883227458421
72	tsk_571	0.002235270357318757	48.74358706986242	18.26425881804892
73	tsk_3046	0.007884310861107835	17.254740936680214	13.644424011580476
74	tsk_6998	0.0023900869733522647	26.65062387620821	34.25027989030959
75	tsk_11325	0.0014931388222757993	31.72190605456804	10.648276740292618
76	tsk_5488	0.0019222643970658912	25.889509925426392	15.99664914722304
77	tsk_2022	0.0017242066486155077	35.55370053091798	35.23273019738335
78	tsk_9127	0.003826130491979069	25.55604126630296	1.934907529801838
79	tsk_8644	0.010666171686776393	2.9415850474921985	28.38053139598041
80	tsk_8433	0.001591430808705402	28.237117567601768	44.85010324964887
81	tsk_4118	0.0013878957604287528	36.50999528366433	27.76540997204868
82	tsk_6984	0.001603769834310564	27.06040628443176	14.849363549880906
83	tsk_4476	0.001984159074981148	25.96031275409757	17.49343457225773
84	tsk_9881	0.0014432127559382835	46.59267327115085	11.787752973126228
85	tsk_2114	0.0018434765352081108	47.66180419951824	33.44829046497325
86	tsk_10122	0.0013250408230029227	39.17761859422498	16.531102876038215
87	tsk_3541	0.0012378426372022105	36.686581105356254	18.20650599716833
88	tsk_4276	0.0019721644933484465	38.08985140872507	6.136627723391316
89	tsk_2214	0.002643935841850501	38.51328222531942	1.930764680798162
90	tsk_5355	0.0013000180781846421	43.84123989927142	18.23841447080881
91	tsk_835	0.001582799419287263	37.55067682228747	38.5602918037283
92	tsk_3433	0.010282340054540137	13.428490809880255	23.204215179962787
93	tsk_10298	0.002110341371658302	27.255273224290463	46.30295624962038
94	tsk_4329	0.001259960044441459	33.79543001815755	19.41155457887007
95	tsk_4796	0.0013358206641303904	36.204669220739554	29.689321239996968
96	tsk_1699	0.0012664932740937196	32.67622855558018	43.10159607228869
97	tsk_8899	0.001783327618821696	25.2272871971335	9.406481346832695
98	tsk_6743	0.0037354807473045574	48.76906225132126	47.5031613085542
99	tsk_2623	0.0021098144125015535	44.88068676245456	47.662647451737
100	tsk_9798	0.001709098327934104	44.64798802816883	5.860382108391389
101	tsk_2446	0.001894121061066926	25.32126795056502	12.680548913861344
102	tsk_1851	0.0013026502465275488	42.76855120903651	34.99297629703137
103	tsk_5795	0.0014367319866134013	27.598268170148664	8.024513640027491
104	tsk_8951	0.0012368138403125572	34.248127782818514	18.75178722464452
105	tsk_4607	0.0014317488416178477	45.16930800989324	32.697700969337355
106	tsk_4661	0.0014233091971297869	38.28830850785344	43.18170246238195
107	tsk_4011	0.0013346041827417812	30.70266873470121	17.749193689161704
108	tsk_1393	0.0015241238573637994	30.29638261251157	22.31983111769712
109	tsk_11062	0.0015056177833846736	40.60931510967305	24.64095545945412
110	tsk_6308	0.0014077549120866217	36.06065871909354	14.62410119920948
111	tsk_5104	0.001542237058569109	36.51684126570388	25.195105121358093
112	tsk_1784	0.0017647731613243413	47.63793869325869	29.04515587514695
113	tsk_11107	0.012615740661671275	8.676099948855045	34.64886243168407
114	tsk_971	0.001760078817016535	33.970929412408985	36.868612055790805
115	tsk_2057	0.0014753375249117427	31.79202154543734	30.142497488519663
116	tsk_324	0.001336112502947233	35.765492736468886	29.1233618825485
117	tsk_3210	0.0014169043050405148	44.7813183016021	9.67916105262804
118	tsk_5417	0.013533494710459748	12.71486558689544	4.675392071971469
119	tsk_5195	0.0025147042343204693	42.519688312188016	49.1538607580687
120	tsk_10781	0.0012656096969635218	41.98208749961214	18.98138926926977
121	tsk_11834	0.0015442606140466568	26.48413128057792	8.214648618338542
122	tsk_5226	0.005399920324401458	22.975456194434223	35.443443484319126
123	tsk_6003	0.001428233141811613	28.29524401784237	13.714327113424906
124	tsk_4998	0.0016926722107865947	25.563170651950475	9.404407585300945
125	tsk_8208	0.0014303532969478176	39.45172049066813	43.79338734907447
126	tsk_11118	0.0022233731695244503	27.443375545940665	36.987453656975774
127	tsk_8088	0.0021806775076278822	25.666047528209663	42.42491594857872
128	tsk_3138	0.0023869930076582846	27.633562349083466	47.502114625467165
129	tsk_10287	0.0016680796918953228	40.5825578020712	9.721558823245992
130	tsk_3039	0.0012723508256649602	39.559894283156346	18.85071735156172
131	tsk_7327	0.0015572439185600677	30.63393023325889	29.23610711155364
132	tsk_6992	0.0013967133563232864	45.08837540533945	16.27705158546397
133	tsk_10838	0.0014740998435321345	28.72113120363905	17.61837597077336
134	tsk_10577	0.001908425237743371	29.470446167895467	35.570798318745155
135	tsk_7669	0.0017812441028879152	31.908027266335992	7.03183521961427
136	tsk_2853	0.003527198150260143	47.62583775103785	1.733144269914871
137	tsk_5267	0.001540423940284597	46.22330907864417	34.24096279210921
138	tsk_11232	0.0018118144320479043	40.555543217273886	5.58310249740906
139	tsk_9903	0.002106636407595051	27.358374422271304	33.15751420784412
140	tsk_11005	0.0015153983288677842	37.83903228207856	25.689326486548875
141	tsk_628	0.0018118410790556993	48.76547211779892	9.517547927949074
142	tsk_7238	0.001414918074291342	33.172609598241415	46.37598399145621
143	tsk_11303	0.0014314550574552182	28.671492112238862	42.067928106669605
144	tsk_3389	0.0020778858645049904	26.57753710407065	28.05412692392733
145	tsk_967	0.0023086493774554	48.97947665731434	32.47116306261126
146	tsk_1101	0.0013679924303435901	35.382738328159284	30.89986790872382
147	tsk_4172	0.0013499450043629626	34.61031521900665	30.14714744244684
148	tsk_2947	0.0019044295518439284	35.180420731344405	8.772760444355487
149	tsk_4949	0.0017236043984300566	47.50652620948964	24.27935580487048
150	tsk_10976	0.0014092750251973505	44.56669001501188	13.88938041241918
151	tsk_6657	0.0021171625258148414	46.81084003995629	44.76173707611956
152	tsk_6460	0.001473297251433737	42.52237952113587	29.66446228754733
153	tsk_9265	0.0020705254030351223	48.66244279804594	23.120962557919107
154	tsk_4594	0.0016220311571519467	33.988853972621705	47.53383714818506
155	tsk_6573	0.0014471296444594195	39.99295567299392	31.85514176512524
156	tsk_11824	0.0016547755612452992	30.13582100430853	6.452508486912866
157	tsk_1037	0.0019050709628472458	34.705289698856674	8.514381554096255
158	tsk_9103	0.0013029445460367313	38.160127814137525	20.035628803299307
159	tsk_1171	0.002511270732188532	41.39563321615655	1.3972469797993778
160	tsk_549	0.002256453417557723	36.90183408362055	48.80546474399891
161	tsk_8536	0.0013016479164677619	42.82164617964701	35.01948059578208
162	tsk_9657	0.0017386230543475314	31.9390834897234	34.47729365898641
163	tsk_3591	0.0013244133480536694	33.72760741220211	15.407529213571252
164	tsk_10910	0.0013666236940024915	45.04349988845116	18.93201787326068
165	tsk_7850	0.0014853454187163339	42.55594350101193	44.62836831890248
166	tsk_4544	0.0013901954174783259	29.41677696908232	14.652696065829154
167	tsk_4025	0.013322272541846366	13.683122462954938	36.64573067942093
168	tsk_3464	0.0013084142445843364	42.9417709080517	21.27651680971256
169	tsk_3615	0.0020940379146936927	45.54765189794593	3.9616773932514233
170	tsk_6529	0.0014136419681758264	31.02187498007665	11.854840256515384
171	tsk_1986	0.0013461917257419876	43.334473831058965	22.211331105178992
172	tsk_6806	0.001571959321414679	27.60013376195977	16.25431584525173
173	tsk_2043	0.0013694932034845095	39.69965385882907	15.909670961105638
174	tsk_9639	0.0021307017684634266	25.58227858780949	17.763551073583734
175	tsk_5807	0.0013314399647256156	38.485426210559446	20.571806872127105
176	tsk_631	0.0015123348125709796	38.6327358652359	25.876299664599607
177	tsk_7982	0.006271376066765615	14.814479754800065	45.57943016372128
178	tsk_4749	0.0013035048512712796	42.94362429324322	39.95176021654679
179	tsk_2287	0.0020203992253436036	32.974653847156794	48.9902558626906
180	tsk_8209	0.0017442962535171391	28.587025768958988	24.326162121887943
181	tsk_3781	0.0017329339656600954	47.43804400147233	16.50223473763734
182	tsk_11594	0.005725540029282759	18.81255985669785	43.54082825036862
183	tsk_2807	0.0018770940590224349	34.79052510052687	8.912412504285589
184	tsk_4731	0.0020659989718566922	49.07806691603962	8.116186701533454
185	tsk_6595	0.005728573229949431	19.470088530090525	46.38115913299495
186	tsk_10462	0.0017419373024048562	29.613922261473025	32.57628654006661
187	tsk_6099	0.0015054956971615704	45.83570484609749	31.65689928256567
188	tsk_1566	0.002686171998729772	47.054923397197925	47.61833432165195
189	tsk_3625	0.0014101092358772185	45.26858381594629	9.711602660532815
190	tsk_10936	0.0012826752664678628	42.99593820725144	36.36708961663892
191	tsk_1819	0.0014560965539309341	32.540860984141766	31.053555345530533
192	tsk_7119	0.0013263885787941855	30.677754155136064	41.29882699622575
193	tsk_3972	0.0013592805443557148	31.25635474383639	14.81034976318904
194	tsk_4285	0.0021465918235083026	38.44817379095225	4.107953193452241
195	tsk_2257	0.0021650460666463697	44.050141118373126	48.178922277861126
196	tsk_2049	0.0016500289746760187	30.97269777320418	38.1298269157969
197	tsk_6585	0.0013720090638766763	35.06028456142573	42.54324429860844
198	tsk_4714	0.002322244349522367	26.138555664192182	31.73379502760792
199	tsk_11404	0.001778494816016746	47.53622570174907	20.359951952482465
200	tsk_961	0.001478106484606669	42.98577606104827	29.432031291959795
201	tsk_3095	0.001813691507624707	46.60365043759744	41.193505359744506
202	tsk_7435	0.0021419667078342946	38.96235369908122	48.1909178976204
203	tsk_4281	0.0014972831499587328	28.26856732134987	7.024979685985198
204	tsk_3539	0.002969046949753362	28.53166985001154	2.453515294679661
205	tsk_2453	0.009487621057052156	8.705654543813054	7.600792598678199
206	tsk_8593	0.001573877879541337	33.783383615594715	24.13752681619613
207	tsk_11523	0.0013584565441264978	36.71782885319511	30.415064609848123
208	tsk_6152	0.0013838742636538232	29.76371039503352	9.181596000580376
209	tsk_2564	0.001414397773014198	33.61020986307765	31.14684071240618
210	tsk_8196	0.0014410986233029126	35.395824490844525	31.96710706916949
211	tsk_128	0.0014231474065489662	38.6317995224502	41.58010470582524
212	tsk_6771	0.0021087234030804864	41.43743019767483	2.8331898701889564
213	tsk_11487	0.0021946927840289453	41.55887111070517	2.4267935005251235
214	tsk_10381	0.002249387590412595	26.050902699332653	24.75004777012285
215	tsk_9233	0.001346744364373875	36.94189552653922	15.53828897505696
216	tsk_1630	0.012953949308566179	17.582727453284	29.629700141172105
217	tsk_4926	0.0014139193702288515	38.68589308804141	28.6021055447814
218	tsk_11094	0.0013722712971836342	34.06700973444821	28.89428603931616
219	tsk_5968	0.0015876179425550415	36.02211701413142	39.36414298589389
220	tsk_11275	0.005675651988749718	18.10170341381648	46.447244646592566
221	tsk_1334	0.002184784275075132	26.20253974051714	29.046305255033964
222	tsk_354	0.0025636038410269957	49.0135815357959	37.03700508502106
223	tsk_4538	0.0013731425667007152	33.57985855185745	14.654531045798269
224	tsk_10596	0.0013329258039226403	44.599575632273286	19.26904251776651
225	tsk_3232	0.0022425511514621295	26.013445306309627	22.793301080953256
226	tsk_3314	0.0018550993312184594	26.69549707526528	43.82344432486215
227	tsk_2980	0.001443837553141927	44.220317657914016	42.21834569425866
228	tsk_9974	0.0013809841414875125	31.70308849433578	40.50456630428126
229	tsk_9156	0.008676947063403053	10.17876241880575	8.607260257440633
230	tsk_3265	0.0013781654780536563	32.40141837142327	21.176940003196968
231	tsk_10962	0.002124591781988876	26.395622614566715	28.337856213509724
232	tsk_998	0.001519701750100402	46.35146805678243	8.256248150647265
233	tsk_8230	0.0016736939952491884	28.16075036239365	40.020193218817255
234	tsk_9133	0.0014575518772653687	33.6228817289689	22.30707611856295
235	tsk_4917	0.002027543045956624	48.074005284408464	6.572201191783205
236	tsk_8167	0.0014866456924795127	34.06353070294442	46.716852897270094
237	tsk_4388	0.0014080935649960925	38.62110861998834	15.229710519013052
238	tsk_4637	0.0012852589565542673	43.38137578017708	36.90378853794184
239	tsk_7171	0.002544015849815142	49.01405426018511	36.75836493455633
240	tsk_9373	0.0016309327317255372	41.80207478887091	7.580963016825449
241	tsk_4818	0.010313555958430143	6.506969173985118	28.255479705850043
242	tsk_2182	0.002237107165705162	28.272555817722004	3.852508893386041
243	tsk_8005	0.005943643666092878	24.17946450379528	0.9296647824591237
244	tsk_3395	0.0014971047284067633	28.12800696780907	42.87152677067608
245	tsk_6536	0.002523935868672375	43.06668471207228	1.4505960367418125
246	tsk_4670	0.0015463986132409943	38.54833129805999	37.29827073987785
247	tsk_10025	0.002057183199767943	26.163223731855165	19.844148036839307
248	tsk_6655	0.0013573854883847543	29.103667332536563	11.843039554982225
249	tsk_6041	0.0014971924100418523	29.333849580971386	40.18177006547249
250	tsk_5516	0.0015750602393026889	47.8368091958344	10.312134527682684
251	tsk_8654	0.0024082868539133826	45.74800633053699	48.10867122059061
252	tsk_6547	0.0013126615629107526	37.75057847263298	20.241211852224456
253	tsk_1495	0.0017065972955437499	36.520597109674384	35.786502507478765
254	tsk_3890	0.001336709452901099	35.5312418844065	29.986678848211785
255	tsk_10400	0.0014136756887204128	27.47411011887572	8.662776471295558
256	tsk_11697	0.001371852173489194	44.89736462189356	17.086529740441456
257	tsk_3587	0.0035466062482089333	22.223506691520203	7.923474897684881
258	tsk_8862	0.0014429839417305986	42.7854764965835	30.517506076985413
259	tsk_8569	0.0018251853004626452	26.42280463772658	5.917011350483239
260	tsk_2903	0.0048960057453552195	22.012753075927463	41.69059558457513
261	tsk_4852	0.0012684264162162	37.7471800626974	19.24187909019573
262	tsk_3459	0.0013336981167476757	43.68730442389949	16.54140082701625
263	tsk_3572	0.0038530861472245268	35.158811321487875	1.5452607887608911
264	tsk_9054	0.0012715577250770784	35.098888951167915	19.80375018271846
265	tsk_2141	0.0021636129177097746	49.0088302581551	24.47938306955695
266	tsk_5537	0.0014188290172677752	44.646956223206494	23.375673954695102
267	tsk_238	0.00211345151461272	30.63442626286865	48.82101201184763
268	tsk_2672	0.001681417965926344	29.133071598993297	23.935254545668904
269	tsk_9901	0.001425064095305536	29.14963287220633	41.18422575497144
270	tsk_179	0.0013978049527031305	40.81642134424539	34.14512162314896
271	tsk_8755	0.0013109182423301868	35.40383088185106	15.690918927458965
272	tsk_5657	0.011661644740323017	12.0580609678791	26.36311180363401
273	tsk_550	0.002849912817762243	46.2601377907338	1.9682147059351904
274	tsk_101	0.004931128652495936	22.208609450060013	25.530977786634683
275	tsk_375	0.0018473050693951145	27.77583331725222	28.363413286596234
276	tsk_11465	0.0014281833714587014	44.1879808056363	41.92157735890942
277	tsk_10739	0.0018043133771265664	48.42959340338267	13.274044760008048
278	tsk_9985	0.001736581793494571	47.56777085404391	27.58630894690374
279	tsk_9034	0.0015771711472228212	27.328208302332865	15.23770501111418
280	tsk_4279	0.0014911483035354232	44.96894909447491	41.32293209676893
281	tsk_8291	0.0013152212062399209	34.09599122833346	15.548068322219027
282	tsk_5025	0.0013478890522981373	29.350079252712128	10.468079724873787
283	tsk_563	0.0013793185758049446	35.51131757888593	42.9186429047917
284	tsk_712	0.0017920154056826198	37.44249992595128	47.22991579980269
285	tsk_6702	0.0012684905222484558	41.72857920441684	19.51040761339632
286	tsk_10768	0.0014143962313734543	38.83864786072836	28.917594664682376
287	tsk_7061	0.0012706561076776955	33.91998448058979	19.70572067139821
288	tsk_2845	0.002200848387340841	41.89579807944173	2.384466885012665
289	tsk_713	0.0013444944386431996	43.63231136415612	40.64897063319783
290	tsk_6587	0.002784277273324527	25.171529502112868	32.430638307349845
291	tsk_2723	0.0019679222462524377	30.39248965650468	5.139029045005335
292	tsk_11309	0.00218197910594651	27.42287315858636	34.281352507098426
293	tsk_4903	0.0014013768332935132	45.03247645270991	15.689921945103684
294	tsk_406	0.0013504594499064513	29.44091598399598	10.90489751689139
295	tsk_2789	0.0015049547898941962	39.232676961687865	35.4315018248591
296	tsk_11817	0.0022803534637787512	25.865570071540592	44.8240797298137
297	tsk_3914	0.001296996411660782	41.53766037716374	20.710189602352035
298	tsk_10032	0.006586953080081894	14.262288644198955	45.24279565890883
299	tsk_10106	0.0016640947630069197	48.28081461370064	11.332650385750483
300	tsk_8028	0.00137991904501201	29.6895635221816	14.211238639966874
301	tsk_9505	0.0015127500168983514	29.750300282584018	21.493308810520247
302	tsk_11279	0.0014758689404306372	34.497017524763486	46.47250848897987
303	tsk_2445	0.0021742448379215963	24.57705141085666	12.652073788141452
304	tsk_1387	0.0012298915291741065	35.2376210224999	18.554842026316003
305	tsk_8872	0.013994600165064004	2.56203767208442	33.06317993261332
306	tsk_8879	0.0018763637564565515	25.68488478190056	6.535043729792773
307	tsk_66	0.003790071123092277	49.23047766823712	46.26758287116541
308	tsk_525	0.0025426668457414156	25.232765943255863	29.509728867014573
309	tsk_8560	0.0019347454060715224	48.10137620489473	21.165265797258048
310	tsk_10508	0.001354996723861145	34.370669564291376	42.23327491264598
311	tsk_10162	0.001441948500907568	29.460995295609777	40.62620247629447
312	tsk_1750	0.0012601173658836696	38.11040698748921	17.96337685515624
313	tsk_10846	0.00167413852904708	47.24645387849961	25.34498357096049
314	tsk_1956	0.0016769316393559748	26.32401270409581	13.471822488931473
315	tsk_10665	0.0014270528241055245	35.40911764743486	41.58061396542049
316	tsk_2654	0.0013721169171526239	41.60975047523685	33.49078528987934
317	tsk_7920	0.0018855167439690373	48.01287580415656	30.67212419706887
318	tsk_8084	0.0014640867705829049	35.17014150267339	13.859973292046362
319	tsk_10894	0.0013876332780835402	27.552908267269235	9.841366296383343
320	tsk_9289	0.0026849578508264613	43.23781690325321	1.1001684241491712
321	tsk_733	0.0014497460605022076	36.26417003418986	14.237289021993895
322	tsk_3626	0.0014643901194536717	43.75827279410485	9.257801246920597
323	tsk_5706	0.001494829499790948	32.31225307988669	31.570727794154013
324	tsk_7147	0.0013472057446035385	36.32967730782136	30.252189745636475
325	tsk_11266	0.0013185000067473913	40.03243076785519	20.643177742749344
326	tsk_2936	0.0012681699601758331	31.23621610127121	42.35600747037186
327	tsk_9299	0.0016740290333202982	46.80742231630367	36.00192814664836
328	tsk_9269	0.0014478391572703643	43.40390407721755	24.457611353305545
329	tsk_1271	0.006923468419533149	16.147503480913976	11.709884758432135
330	tsk_4230	0.0014844407515862432	39.26011410690747	44.69234458650121
331	tsk_7260	0.0013349230395089378	32.500951808839304	41.29234720844913
332	tsk_8092	0.0019281387786354363	27.359716654717563	25.09065806265607
333	tsk_10351	0.0021436681773848243	48.7919681151847	22.557043012316765
334	tsk_1338	0.0020152457479684954	30.95718707961262	48.69192889866474
335	tsk_9701	0.0013196580559036082	42.516448815343175	34.4053919983734
336	tsk_7985	0.011874517780314332	11.87256570214765	33.92063014797805
337	tsk_5382	0.0025113501295047237	40.461266610379	1.5393530558581432
338	tsk_4756	0.0012977821905739023	32.183183024927224	45.06015872380852
339	tsk_4403	0.0014597044345264429	42.26428384174435	30.126367008144165
340	tsk_536	0.004147439835845282	27.32377110552293	1.0634212700082772
341	tsk_5069	0.0015632470724285946	46.21137582877442	28.494951814873623
342	tsk_7213	0.0012873115456722719	42.61355016839678	39.02251067644048
343	tsk_4258	0.0016977996804799298	27.235796942406942	41.844534548462846
344	tsk_8296	0.0016011674574882336	46.622945877049965	27.791304756674403
345	tsk_3581	0.011009473128764618	15.15270233810162	19.537319397918264
346	tsk_8707	0.0035024024225979856	47.694269613615866	1.8382017712905625
347	tsk_6566	0.0016974730860332722	47.29959908560481	28.776771434278963
348	tsk_10448	0.0012296945804617689	35.69253709198393	18.41025387940669
349	tsk_9629	0.0017663577977474366	30.304310957913305	47.651371487614654
350	tsk_4158	0.00143719802482865	42.8136077674167	43.83031857700151
351	tsk_5734	0.0016950920751099695	30.73470368725552	47.57327648032745
352	tsk_5434	0.0015708718882888053	38.46700064708433	35.71452065668158
353	tsk_5650	0.0015269158064056996	39.37380675836644	25.2823134207906
354	tsk_5917	0.0017510257538743646	37.683130689410696	11.30907716502448
355	tsk_1780	0.011358822058997494	10.541663864388916	46.127001968017055
356	tsk_9292	0.001972889991076808	26.563399494616508	5.14621865900853
357	tsk_9131	0.0018468639850477415	27.780410206379003	28.730650050726503
358	tsk_11881	0.0013290016597492214	41.0637266045737	39.21975614224891
359	tsk_1832	0.0020125134140900995	47.15075012419227	41.63441124675408
360	tsk_2710	0.0012952287969311663	43.70978950278888	36.92657513540862
361	tsk_3682	0.002009861469341522	48.65411049599759	26.585625772162004
362	tsk_5287	0.0033058492404028452	48.32111869222198	2.8982695155098925
363	tsk_8492	0.0013094378431734942	31.52690484284987	19.041187980590315
364	tsk_7486	0.00152852786442479	29.45530547104265	21.32590342550981
365	tsk_8570	0.001323911738213741	43.52795472148357	40.02858008604811
366	tsk_2252	0.007934836295732986	18.637215231014505	48.75324408564133
367	tsk_8675	0.0013204919265763068	29.85564108168935	43.80213388872156
368	tsk_8037	0.0014248471735977734	31.79549594254477	46.43262739203275
369	tsk_3165	0.0015717603451726628	46.60448022759671	17.966241874889818
370	tsk_1143	0.0013469841856099999	33.97471833847279	15.061541648550802
371	tsk_9135	0.0015948841161276665	47.302343048915695	8.472130140768872
372	tsk_1530	0.0017468561688217387	28.97554205916029	5.538199027982291
373	tsk_10644	0.0013890673081218058	30.40294059370884	19.79560751048703
374	tsk_7231	0.0016751311337560107	35.62147744303487	47.28224179863871
375	tsk_6931	0.0014946890481067616	40.69642147880818	14.200170431486034
376	tsk_4679	0.0017692381192089342	28.51191728129953	25.536942987386485
377	tsk_8690	0.001841451863813156	32.61764178511555	7.278647988150989
378	tsk_7632	0.0024827958648312803	39.319073783587896	48.955449676462166
379	tsk_5183	0.0016769163103360605	40.41000419046036	10.087720938714751
380	tsk_11276	0.0013745997576706712	31.435205791687714	45.891429957154905
381	tsk_7316	0.0012843244069770862	42.701827023517154	38.6932816903425
382	tsk_3012	0.00151859335141817	40.75585033402386	25.27931415972972
383	tsk_6705	0.0013665053852793712	30.336017605454145	18.79643596548508
384	tsk_8989	0.0015453531477178702	45.951349555884384	26.967167594024403
385	tsk_3035	0.0014266734881570632	42.84129668252714	14.287119329419616
386	tsk_5060	0.0013398779430167764	31.629376076138804	40.996210374712696
387	tsk_281	0.001473167481227509	32.00600699163642	28.87569060685184
388	tsk_11156	0.003524079243794591	36.78007574804065	1.1166244815251465
389	tsk_6506	0.0014093689101753884	39.09100236497467	42.88941535658965
390	tsk_8144	0.009379569467103843	4.28429384639183	29.153446256254924
391	tsk_11149	0.0018545692024069678	38.93931952665357	6.843863508978563
392	tsk_19	0.0016653150160344096	40.82158866273184	8.547522094296836
393	tsk_6840	0.001727978592877567	48.14332078328991	8.61978479739852
394	tsk_8271	0.011487185773092191	12.234898247557007	16.862325482604625
395	tsk_3699	0.001473709484389423	44.87080251687341	8.33075097704435
396	tsk_6692	0.0013160160411658582	43.31289482742173	21.40186136606278
397	tsk_8728	0.019547837837431623	6.008007567246013	42.92905537122336
398	tsk_8289	0.0013578030850198118	34.4908210006773	28.945141034095684
399	tsk_7789	0.0013296252423811022	41.36139893089194	16.561473878823318
400	tsk_10191	0.0016441895588301606	40.936949065475766	9.573617614425306
401	tsk_9554	0.0012962834960150757	30.557063038680365	41.92728605690765
402	tsk_10986	0.001396766928913335	30.7861250207565	12.271562931510696
403	tsk_11800	0.0014665991510782923	45.1600148472894	8.43861355924442
404	tsk_7827	0.023908135298974034	3.992791087741221	48.81757051200179
