	sampleID	x	y
0	tsk_10758	10.021783878150972	48.66656905335884
1	tsk_5743		
2	tsk_11611		
3	tsk_7157	47.4391784758953	3.9797078295298216
4	tsk_11877		
5	tsk_362	8.506735646995235	15.534502271982134
6	tsk_6930		
7	tsk_3042	19.16591281361521	16.06058599389388
8	tsk_10823	43.54536231685772	47.54641766267118
9	tsk_10646	4.402544961167363	35.35180553626746
10	tsk_5543	32.7064737311725	15.490044488813036
11	tsk_3916		
12	tsk_10292	21.400011446199603	15.917747866026376
13	tsk_5561		
14	tsk_8959	31.884854190147617	26.69457953535101
15	tsk_1383	48.063540766464776	6.910942281414382
16	tsk_6144	47.29563817156664	11.543815227977396
17	tsk_5063	5.471732645537005	3.502800581120157
18	tsk_9689		
19	tsk_7885	26.712578207159577	2.8059185143348544
20	tsk_1400	9.310735554704518	37.45498048654604
21	tsk_8991		
22	tsk_495	28.224458405178883	5.1457092132381135
23	tsk_9050		
24	tsk_2006	0.8220572444159746	27.266155445348968
25	tsk_7429	45.55469648183271	29.63929238541627
26	tsk_801		
27	tsk_7259	22.663873828167297	41.88777888307461
28	tsk_3607	40.15769107568968	47.88629356949853
29	tsk_4747		
30	tsk_5410	31.567530893332727	35.2439096115141
31	tsk_6247	17.39610128563364	26.167067932684912
32	tsk_6580	25.391323867610403	30.24599086006488
33	tsk_3077		
34	tsk_2658	38.76674326550437	19.255079140726146
35	tsk_4567	33.99311709181354	15.84577873309405
36	tsk_1251	21.90839683804165	23.42587332418342
37	tsk_9333	30.71773136210987	6.476935336296929
38	tsk_11763	32.89135974229776	40.61515335045456
39	tsk_9845	46.26890958498825	8.588689419695813
40	tsk_3388	27.170435629514703	44.38818412549941
41	tsk_5139		
42	tsk_11684	8.903091733879116	25.179569932662243
43	tsk_6337	22.305406212196424	48.69282847334532
44	tsk_2943	15.067551679170135	23.06760486971809
45	tsk_11444	40.02888755344177	11.416318303457874
46	tsk_4686	20.580343881638587	28.408109814608235
47	tsk_8637	33.474860389303785	19.381269759634936
48	tsk_34	45.72532284993714	33.122122136084286
49	tsk_486	0.8569008471248445	43.902380676831264
50	tsk_4235	25.58617894696784	26.789958164115408
51	tsk_8880	10.502704893128191	17.89191738033316
52	tsk_374	20.58101820328712	19.05043956294344
53	tsk_6186	37.599724681516	3.951734200785451
54	tsk_8918	41.96336904193994	9.859754888617651
55	tsk_3575		
56	tsk_2461	29.96242094885148	39.64706650860447
57	tsk_8731	19.01368062620735	30.44544660252641
58	tsk_796	45.44019759594997	36.94710083287082
59	tsk_11856	21.00786890779906	33.80239190173856
60	tsk_5697	20.81501193804609	43.45801853577088
61	tsk_1286	6.594077576916262	40.57755925577112
62	tsk_6671	41.78735311500305	37.18006774826974
63	tsk_9327	15.30910242199834	19.43428965090397
64	tsk_755		
65	tsk_11007	49.40198496883981	2.257476823624634
66	tsk_351	47.611706589095554	40.9503573397118
67	tsk_11582	18.49541103639497	8.54921571133793
68	tsk_2377	32.70088928984436	28.41421835197785
69	tsk_4609		
70	tsk_10381	40.79650529516031	45.92452874785397
71	tsk_5899	4.468384498995743	32.72416256298413
72	tsk_9404	18.255646689314	12.007433254144358
73	tsk_1216	48.87014177747411	30.656410726007604
74	tsk_1834		
75	tsk_9920	25.19285914139976	3.2105631307955536
76	tsk_10682	47.27439797759278	40.995431775533206
77	tsk_9775	28.942327952973685	7.139419999142073
78	tsk_2409	8.171754623212248	33.46263229151945
79	tsk_3195	43.223983925658615	21.530252442319853
80	tsk_4253	26.63751750654497	9.04450372934239
81	tsk_6483	7.085217091854018	9.234871783751782
82	tsk_9468	46.72023763967721	25.01933298224271
83	tsk_7678	25.232631707885865	33.552556011857575
84	tsk_1674	27.121240473691792	48.11956947654921
85	tsk_2313		
86	tsk_9560	21.35323329779571	35.73014205258052
87	tsk_8498		
88	tsk_10880	15.562835572675134	41.53056964251235
89	tsk_4352	43.011287818976015	8.913221845728263
90	tsk_5898		
91	tsk_11813	38.71125456750929	23.57667807550421
92	tsk_1700	12.375222220972876	5.637440819711277
93	tsk_11797	11.985606450136869	46.479561655898166
94	tsk_7052	38.4901071368386	31.728060478924974
95	tsk_10842	20.162200989350083	6.191319645614084
96	tsk_3844	30.066568125702663	16.063814211636995
97	tsk_4803	42.37572866154154	18.16566310198719
98	tsk_11481	43.85848698852233	33.68515156912185
99	tsk_1108	47.86553561192934	45.50228704142386
100	tsk_7663	6.821331796939028	25.75387069905777
101	tsk_10206	33.44778188095936	24.41658087293916
102	tsk_7295	23.926849039817057	4.489725393592197
103	tsk_6436	4.903547775348648	7.848345175745983
104	tsk_546	19.37209450111647	19.388619067293728
105	tsk_11497	9.96850182641575	17.985573504947876
106	tsk_3324	2.8031397237009683	3.752757506622536
107	tsk_11935	37.66042230098192	45.28423284351801
108	tsk_1771	42.87274661139937	4.225240824539437
109	tsk_9415		
110	tsk_2930		
111	tsk_3431	17.772676271216273	44.00186690433412
112	tsk_11363	38.8380856640099	18.88737141687315
113	tsk_10613	6.50228592626588	14.32046849253544
114	tsk_7878	32.54641311352746	46.61016867604004
115	tsk_1682	28.90833691584457	12.05809724053753
116	tsk_6893	31.69652975925388	20.25650377658021
117	tsk_8915		
118	tsk_7237	3.240795772432713	13.605516364713344
119	tsk_7219	36.61045569811637	13.932493085810266
120	tsk_3149	27.931568598582057	12.445063249561413
121	tsk_8274	11.664316323521518	48.886008699362655
122	tsk_218	43.01066046846586	39.79675964685558
123	tsk_6368	3.670919657237942	10.126556626341612
124	tsk_3649		
125	tsk_10759	47.840477968542814	23.437261903931976
126	tsk_9228	36.30704274211057	39.43014595426027
127	tsk_2872		
128	tsk_2480	38.060597369801314	1.26720639689476
129	tsk_10923	44.86976041004025	40.59247825562232
130	tsk_9874	48.41388654272125	33.135026779514945
131	tsk_3984	35.80143815729085	37.211764150938365
132	tsk_10410	43.11517576562693	43.297706788856345
133	tsk_9083		
134	tsk_6517	37.75074672220632	2.5638776165796813
135	tsk_7098	30.032558140839285	31.655085073900285
136	tsk_7939	28.57949485773933	31.951540925936143
137	tsk_8266	3.1269634324502	24.758447023651403
138	tsk_397	9.601619489323108	1.2389083608310876
139	tsk_11455	10.64258296059032	14.438774354836836
140	tsk_2052	13.294039213270707	12.834642505528487
141	tsk_216	6.578069786982471	1.67070920672028
142	tsk_4452	35.48945417917189	27.94370673755791
143	tsk_6778	36.19556048186387	33.45461133175258
144	tsk_8287		
145	tsk_10089		
146	tsk_5800	30.98637014994716	15.173713341591212
147	tsk_5431	18.71969240114542	2.666381126188148
148	tsk_6196	18.9036104774598	22.950021340556987
149	tsk_2935	1.324312715088899	2.045965470928844
150	tsk_5141	41.22245477727674	13.618044666026211
151	tsk_7621	13.825723285271032	10.460740840564304
152	tsk_4733		
153	tsk_7508	43.63721196329264	28.502436027135293
154	tsk_3616	28.287265032384884	43.08763890967253
155	tsk_4044	33.1212748439385	5.38190052738572
156	tsk_7516	31.91631248909341	33.84310392909984
157	tsk_4666	39.07452679631179	25.65620631318802
158	tsk_3007	14.976154048849564	35.27940372210875
159	tsk_11739	42.79240078841278	23.064706243136136
160	tsk_1843	26.20834086484853	20.109716712254443
161	tsk_8095		
162	tsk_8761	46.50100788599832	14.21187736080235
163	tsk_5437	39.010107091295566	15.46699605001973
164	tsk_11577	1.5921396087173263	19.73415768035766
165	tsk_7017	47.04685523755664	48.103218318954895
166	tsk_6559	36.72819561090535	18.80586465192433
167	tsk_5205	1.9900686168138384	17.140981316375033
168	tsk_2559	46.98679788370784	10.255366106735908
169	tsk_2769	13.523385565076714	4.019508188125646
170	tsk_9290	25.202102134674945	16.91042236430075
171	tsk_1016	31.14888909146321	27.44164061241017
172	tsk_1830	9.533611218327373	24.804900865381345
173	tsk_7575	19.3198406587994	14.061611888251758
174	tsk_1292	7.289317225530165	31.025956581121232
175	tsk_2096	35.43557292226075	19.65776164429794
176	tsk_2024	2.2044486827208787	35.159320907705506
177	tsk_11177		
178	tsk_1907	2.2454151575425607	38.10169008964333
179	tsk_1758	27.09795500309157	28.03020680194456
180	tsk_10986		
181	tsk_1875	21.649066207443564	11.709987023033689
182	tsk_10595	34.836566130056454	36.63989314859081
183	tsk_11690	27.030295499734294	40.1350048536336
184	tsk_6689	34.3182986683467	11.599816380620991
185	tsk_9004	14.17922808310274	37.807752557585296
186	tsk_11822	29.86826508860748	46.43936404446328
187	tsk_8409	25.72045469583718	22.89006186068153
188	tsk_901	35.588485560313586	43.32022293621149
189	tsk_849		
190	tsk_2801	30.18593675564228	42.16268566046096
191	tsk_7818		
192	tsk_6796	21.76423058247516	45.61212159880076
193	tsk_5606	41.36512874405554	26.52620266342982
194	tsk_1991	19.39872255356285	41.39174644650636
195	tsk_3688		
196	tsk_7387	39.73004436566579	7.078474913842037
197	tsk_5837	23.81901122145597	23.65226128189989
198	tsk_8036	47.545731878158485	27.544144903679644
199	tsk_6782	8.876670635189203	42.45037685451715
200	tsk_163		
201	tsk_1545	46.43343052006615	26.789501037615945
202	tsk_2234	9.153858560829844	9.716921403284136
203	tsk_5328		
204	tsk_11424	45.92060658199053	18.21614935055436
205	tsk_4621	37.5039665901917	11.173042364091645
206	tsk_4298	48.50180654449085	37.46927052474452
207	tsk_6431	37.03055854714668	9.093493690924207
208	tsk_5618		
209	tsk_10639	12.673203118469983	41.75839765625726
210	tsk_85	25.00203761531209	36.49737760291027
211	tsk_4841	4.244798346065651	29.53778426454709
212	tsk_3740		
213	tsk_5519		
214	tsk_2148	33.521173478159774	8.990572440838994
215	tsk_11228	7.364566736233075	6.30806197140014
216	tsk_11789		
217	tsk_6722	16.112776528481795	27.754511168145186
218	tsk_11771	48.68482613098325	17.557578481799098
219	tsk_11069	26.85198211334973	37.34706357912755
220	tsk_2876	32.12267164556302	1.8816880431528964
221	tsk_899		
222	tsk_4455		
223	tsk_1399	46.60001189133376	20.707199375396986
224	tsk_7220		
225	tsk_1990	45.88720084276246	46.21930277744199
226	tsk_872		
227	tsk_8722		
228	tsk_692		
229	tsk_11199	31.22560131360472	48.677559666612
230	tsk_1125	28.10254904471229	16.904794502691466
231	tsk_958	40.27711588585391	6.432388997144889
232	tsk_10045	37.28057907483844	25.01495112489604
233	tsk_4433	31.27624110865133	29.91454184326677
234	tsk_5325		
235	tsk_2050	27.824106405604034	30.66160704079273
236	tsk_5101	15.868549899025126	32.42503707267132
237	tsk_9658	2.873581175450455	7.36003166805492
238	tsk_5729	39.32754501961532	40.959812041326856
239	tsk_999		
240	tsk_2302	38.00201165692445	29.76828059970608
241	tsk_4897	42.983723151552205	2.829912634206224
242	tsk_10735	27.15871240987916	14.845233487991637
243	tsk_124	36.66033032992769	47.329883341882265
244	tsk_1730	4.093190666361764	40.74149326633177
245	tsk_6518	3.664608260579313	43.67319616696111
246	tsk_9946	41.32236526693891	44.56204269035104
247	tsk_6809	5.560740400772573	22.229240852711104
248	tsk_7646	5.280797111250005	15.89406074184406
