	sampleID	x	y
0	tsk_4022	43.96248088283693	36.36244675259872
1	tsk_6965	33.17871569945142	29.748734909971127
2	tsk_3793	13.664451146253825	36.55384778872392
3	tsk_5565	32.23760887771148	19.41230843451733
4	tsk_7646	35.73457963789992	15.831130570974302
5	tsk_5497	29.90538925430538	47.034204829824255
6	tsk_2872	25.806089138888428	41.360778390099824
7	tsk_4125		
8	tsk_3340	47.45012497954955	38.759911864465735
9	tsk_9508	36.19102026057299	18.803310962733057
10	tsk_3224	26.809951604528	34.72264935215109
11	tsk_8971	45.98296480130842	13.328585188547192
12	tsk_10844	9.374809598728536	46.47867698270044
13	tsk_4127	40.29510644792153	8.546420590043727
14	tsk_898	36.647409108285146	15.510592255711964
15	tsk_11170	24.65763901406784	18.033139883496226
16	tsk_10884	36.96574350263107	22.986342713410405
17	tsk_9924	38.22006526698832	11.41288059433598
18	tsk_446	47.03765729691964	47.9531661474685
19	tsk_2082	10.07425461236059	18.91619227388525
20	tsk_300	5.500283707457213	13.835460668664346
21	tsk_10949	32.12397524007304	43.58336709774878
22	tsk_5342	27.677235272780383	13.464922210379148
23	tsk_9441		
24	tsk_5928	2.2251576466599063	19.26481023511788
25	tsk_360	28.7618105744938	22.16866603606232
26	tsk_10900	31.34871935278048	26.8221337133029
27	tsk_768	5.978047694341981	10.104009919575372
28	tsk_9343	1.8654093777887493	39.98221998052366
29	tsk_4810	11.064135932224778	25.436844710533062
30	tsk_2278	20.196164559310724	18.830615615165552
31	tsk_7687	2.6169063384787203	4.497149248196335
32	tsk_5080	44.78355495091376	12.481876176329925
33	tsk_6132	36.20180179892559	27.662666633425324
34	tsk_4213	33.128183336416136	6.068058566918364
35	tsk_11811	14.145008642583466	21.252727398835724
36	tsk_902		
37	tsk_885	7.901651113264423	40.681126972789976
38	tsk_8009	31.008431758030355	43.22757369876925
39	tsk_5475	9.523431992297962	11.631935619476742
40	tsk_6198		
41	tsk_5214		
42	tsk_928	15.127890911022847	36.98773221296531
43	tsk_877	5.377698933329689	33.402250729050834
44	tsk_2456	21.639269269157417	6.7257856455230005
45	tsk_9114	23.833832240503884	47.83626914744831
46	tsk_6346	27.822799708894337	31.57089700061419
47	tsk_6856	38.78157878877056	29.64601766846116
48	tsk_0		
49	tsk_4441	45.179600998204776	44.63495392761702
50	tsk_11667	28.338114905495875	10.116873979624083
51	tsk_708	26.31741053040364	44.84772805969386
52	tsk_81	29.42415224695052	1.2792255251609577
53	tsk_292	47.59619692502669	2.089065552363093
54	tsk_4571	11.231454367365735	31.23080748029202
55	tsk_2637	13.513488612378854	13.839344107104957
56	tsk_11436		
57	tsk_5422	14.24050075649243	45.70785273530938
58	tsk_4967		
59	tsk_9629	10.920963307789329	43.655153699063874
60	tsk_2176	4.682923509264339	38.87135537797467
61	tsk_499	29.67212093527746	40.634972875636365
62	tsk_2569	21.84572299579707	27.208471298399555
63	tsk_2010		
64	tsk_6027	25.55665203215751	48.57765219414845
65	tsk_704	22.98216536040152	45.21385147493726
66	tsk_1518	7.155166650890139	27.454199777519
67	tsk_5721	46.85005364102261	31.20579562401652
68	tsk_8200	47.11564425915563	26.03198888233928
69	tsk_1613	45.81453479975679	1.7820805631350858
70	tsk_2802	32.922581858383154	22.9108906321969
71	tsk_1602	5.199848534364887	17.18288331309535
72	tsk_4299		
73	tsk_591		
74	tsk_7557	48.57135400991758	34.6696506523536
75	tsk_1468	18.46179969611616	2.127997620785746
76	tsk_9750		
77	tsk_127	10.049781501301066	45.630272151368224
78	tsk_10721		
79	tsk_5779	38.1856010327217	15.0089082248102
80	tsk_2157	41.817873232607504	39.09343519392007
81	tsk_8693	43.626400685244136	38.80119396271485
82	tsk_10820	12.254757267044774	46.98617959700469
83	tsk_5009	8.537068671159423	23.018198098368785
84	tsk_9353	47.161256123121255	5.12192556105801
85	tsk_3077	19.659552005444507	2.122804365165812
86	tsk_2823	2.299533827416653	11.906189654871122
87	tsk_7985	16.90042017708742	38.2468163387087
88	tsk_3097	35.699141642495995	24.85079574730308
89	tsk_4575	17.71351033194103	19.53705495391917
90	tsk_8545		
91	tsk_2652	42.04909606415784	31.11661897237205
92	tsk_3032	48.56142634963664	15.651523224342933
93	tsk_795	1.2329211204051718	29.09356675788932
94	tsk_9395	46.933005920910055	30.168503141776
95	tsk_6090	27.72922597228939	12.339497374163482
96	tsk_11648	17.92675260453613	46.655657257064576
97	tsk_2623	12.650013914615313	27.651305593514973
98	tsk_1984		
99	tsk_10143	43.14249681353839	47.48669256774316
100	tsk_8623	44.76684647867762	7.180784794320394
101	tsk_3979	20.82820758779818	37.94123607824838
102	tsk_1281	45.45772827779893	21.90148008708147
103	tsk_5576	29.00063859351123	19.98830737537803
104	tsk_2239	27.73399884397929	6.416445850109994
105	tsk_8777		
106	tsk_1288	38.37507400568107	22.30433316377392
107	tsk_6069		
108	tsk_4408	30.55083059548771	26.49034865897941
109	tsk_10043	45.1085442559192	45.823115152769816
110	tsk_9142	29.80672029435048	13.516836199981736
111	tsk_10353	10.112013505676016	16.88685553758616
112	tsk_5140	39.848486018311256	46.904233573404206
113	tsk_7139	37.07613278167258	0.9416509786439462
114	tsk_1294	9.48924162256589	37.38076387646952
115	tsk_3185	21.38137005450379	41.809067530695565
116	tsk_250		
117	tsk_10009	30.04931137950204	28.46939906948337
118	tsk_463		
119	tsk_9408	32.87507227255952	45.95257173497764
120	tsk_10602	36.14503606180204	32.5765293655457
121	tsk_1885	32.72350955848159	38.91251426734311
122	tsk_1626	39.73472608173921	4.626068726334412
123	tsk_1652	3.613992455150445	7.325960851390166
124	tsk_6284	1.2887661050845465	33.723105699365654
125	tsk_6139		
126	tsk_9827	30.587974451648552	18.535918862411368
127	tsk_2183	43.56488066902494	4.502261165618317
128	tsk_8097	43.6366277741268	17.383781191449746
129	tsk_1080	48.17973595679791	9.395229276692213
130	tsk_5697	48.11879781498511	44.85749761828441
131	tsk_2100	38.525437935528686	45.01208212482321
132	tsk_2962	37.207452471957794	36.29437166942466
133	tsk_4782	16.53925746282598	30.819233170212105
134	tsk_7069	22.86759405038152	2.834640928391285
135	tsk_2455	3.847188540216529	45.52418622443418
136	tsk_11493		
137	tsk_5509	4.2468459533014205	24.14787945789041
138	tsk_9670	12.624841191461906	3.8449886296546834
139	tsk_3553		
140	tsk_1383	34.77670413510345	46.75370169427698
141	tsk_9218	40.649853631343	44.34074248929024
142	tsk_11223	13.760766737848298	41.92137068194201
143	tsk_349	6.45215309754755	35.64129421480749
144	tsk_9032	40.14605110525445	2.6414103210908384
145	tsk_3137	27.94004643450184	2.871609334847139
146	tsk_4726	41.43089658493689	28.216970545393444
147	tsk_5378	46.473063762242255	24.263532460421416
148	tsk_5258	13.135641769447902	10.710071572268772
149	tsk_5714	21.33294499337854	35.51411862136066
150	tsk_4269		
151	tsk_5547	17.546271038175274	16.652570960216316
152	tsk_9409	26.41614262967837	38.37562235482413
153	tsk_5056	2.370831230541812	36.76567762046134
154	tsk_4280	11.064161405615662	9.408485874570044
155	tsk_4323	41.77926837186211	17.95978021766219
156	tsk_7340		
157	tsk_174	39.55228574193549	19.294558929469247
158	tsk_10281	4.810264122692181	41.9588193461904
159	tsk_897	16.059689664565308	46.61364478098168
160	tsk_10841	47.15034221114202	20.66443846383324
161	tsk_2037		
162	tsk_3870		
163	tsk_3318	18.93987774158508	23.073839395346127
164	tsk_11119		
165	tsk_2470	7.106740549941779	1.989723283792797
166	tsk_2906	31.46231732129964	2.55703387320819
167	tsk_1978	11.619984632284517	23.39667683873162
168	tsk_9599	20.221278554972468	30.38862157971978
169	tsk_2750	14.956065040109644	8.06634660888056
170	tsk_2352	2.5050247040413094	32.66660748312401
171	tsk_10427	28.293268347988	32.09687365360029
172	tsk_4658		
173	tsk_394	3.461404274018145	47.78652859855912
174	tsk_2012	41.642160813006846	18.70376381009809
175	tsk_6639	27.76853544298758	27.8312667333634
176	tsk_8278	10.868899544532113	36.9253079658562
177	tsk_1398	21.056816683102767	46.520057533459706
178	tsk_7526		
179	tsk_2628		
180	tsk_7259	27.05403435893897	16.50047674840326
181	tsk_7362	44.27552977129418	28.85654807633361
182	tsk_8034		
183	tsk_7265	5.110979364841582	28.0815149405648
184	tsk_1632	18.68194606603689	35.73606168070977
185	tsk_10562	17.91997173127994	41.99703650359688
186	tsk_2148	29.68985153387633	8.363373679835167
187	tsk_5716	4.695803186522272	44.534191365468224
188	tsk_4633	15.603403854296053	28.330120620593885
189	tsk_8261	23.286165398519344	27.15681684238893
190	tsk_7328	28.29193241925241	35.83221099273786
191	tsk_4724	37.72976566328099	25.28183218028175
192	tsk_6999	32.57577373158991	36.21131529265527
193	tsk_177		
194	tsk_11317		
195	tsk_7703	38.71949203564805	40.1975911593482
196	tsk_9556	36.47024877254406	9.803743784797224
197	tsk_6156	9.251028734127598	29.991140638794047
198	tsk_9907	44.20124921887616	40.36336671885179
199	tsk_9332		
200	tsk_1052		
201	tsk_2593		
202	tsk_7357	33.20662420680555	9.567684330405966
203	tsk_10313	40.89659095616873	27.031430704035504
204	tsk_6078		
205	tsk_6422	41.67576023675792	14.23202384831778
206	tsk_8594	44.25675866487032	26.94261260002438
207	tsk_4919	8.849342251459598	17.62724345752708
208	tsk_5613		
209	tsk_3231	2.845736244789969	2.4056965429236383
210	tsk_10645	24.72554453701512	19.824613790217136
211	tsk_8603		
212	tsk_4124	10.47177216905667	35.426605115651014
213	tsk_7972		
214	tsk_2717	7.705679906672283	8.296864790760157
215	tsk_10756	33.3790090879102	6.716749704086199
216	tsk_4928	37.602370893458186	16.713244131433004
217	tsk_1096	42.73798269509052	42.37975604561264
218	tsk_10378	36.39701324318117	9.066000091475852
219	tsk_7937	2.772075127699471	23.17376752010685
220	tsk_5809	20.43102833553351	23.519650321890023
221	tsk_8285	2.018013261864618	14.14681317501604
222	tsk_3835	31.845655444921988	39.93381321335814
223	tsk_4699	35.8754789170319	40.14209515923269
224	tsk_10736	4.555029459267183	19.585017395261765
225	tsk_6781	5.931048497770566	25.814251492284203
226	tsk_11430	36.84476046429005	37.275084581878296
227	tsk_2033		
228	tsk_5803	25.601580448828347	20.446516100576385
229	tsk_9222	25.72668041657109	26.21391298785588
230	tsk_8115		
231	tsk_1255	8.026573823856612	14.938548640770213
232	tsk_3848	30.29472037373492	37.62479021318691
233	tsk_8022	44.2514557902775	19.349200516813266
234	tsk_9466		
235	tsk_6544	22.660047029414947	30.912143703170848
236	tsk_11379	42.19358991200166	6.288034106448479
237	tsk_6581	35.55445792625936	43.835513959429086
238	tsk_10310	6.730354187755031	1.189238245867055
239	tsk_2337		
240	tsk_11418	14.578825208801902	16.047928205219954
241	tsk_10273	23.6454614093265	34.82496006324211
242	tsk_5237		
243	tsk_1807	15.77585754010073	26.312821505066047
244	tsk_311	9.179525993594227	36.63671410337227
245	tsk_5031	39.50585789142038	34.204152669995985
246	tsk_6536	39.62459948015496	32.216226296384846
247	tsk_1404		
248	tsk_2291	31.8626994950972	31.98143315642664
249	tsk_11105		
250	tsk_5404	24.042098156530525	10.889699661463167
251	tsk_4938		
252	tsk_5285	38.92967165934501	37.74860608157325
253	tsk_5982		
254	tsk_715	6.838774233015124	48.24696439370194
255	tsk_4477	47.73018389897292	40.54089138185667
256	tsk_7792	19.61792077407882	15.423266771776698
257	tsk_4895	41.7678216409188	10.141021535790088
258	tsk_10243	21.537726593298142	4.698083783898588
259	tsk_899	12.184248095308508	10.5722571446882
