	Unnamed: 0	sampleID	x	y
0	0	BQ0046-C	35.299	-23.716
1	1	BQ0047-C	35.299	-23.716
2	2	BQ0049-C	35.299	-23.716
3	3	BQ0050-C	35.299	-23.716
4	4	BQ0051-C	35.299	-23.716
5	5	BQ0052-C	35.299	-23.716
6	6	BQ0053-C	35.299	-23.716
7	7	BQ0054-C		
8	8	BQ0055-C	35.299	-23.716
9	9	BQ0056-C	35.299	-23.716
10	10	BQ0057-C	35.299	-23.716
11	11	BQ0058-C		
12	12	BQ0059-C		
13	13	BQ0060-C	35.299	-23.716
14	14	BQ0062-C	35.299	-23.716
15	15	BQ0064-C	35.299	-23.716
16	16	BQ0065-C	35.299	-23.716
17	17	BQ0066-C	35.299	-23.716
18	18	BQ0067-C	35.299	-23.716
19	19	BQ0068-C	35.299	-23.716
20	20	BQ0069-C	35.299	-23.716
21	21	BQ0070-C	35.299	-23.716
22	22	BQ0071-C	35.299	-23.716
23	23	BQ0072-C	35.299	-23.716
24	24	BQ0073-C	35.299	-23.716
25	25	BQ0074-C	35.299	-23.716
26	26	BQ0075-C	35.299	-23.716
27	27	BQ0076-C	35.299	-23.716
28	28	BQ0077-C	35.299	-23.716
29	29	BQ0078-C	35.299	-23.716
30	30	BQ0079-C	35.299	-23.716
31	31	BQ0080-C	35.299	-23.716
32	32	BQ0081-C	35.299	-23.716
33	33	BQ0082-C	35.299	-23.716
34	34	BQ0083-C		
35	35	BQ0084-C	35.299	-23.716
36	36	BQ0085-C	35.299	-23.716
37	37	BQ0086-C	35.299	-23.716
38	38	BQ0087-C	35.299	-23.716
39	39	BQ0088-C	35.299	-23.716
40	40	BQ0089-C	35.299	-23.716
41	41	BQ0090-C		
42	42	BQ0091-C		
43	43	BQ0092-C	35.299	-23.716
44	44	BQ0093-C	35.299	-23.716
45	45	BQ0094-C	35.299	-23.716
46	46	BQ0095-C	35.299	-23.716
47	47	BQ0096-C	35.299	-23.716
48	48	BQ0097-C	35.299	-23.716
49	49	BQ0098-C	35.299	-23.716
50	50	BQ0099-C	35.299	-23.716
51	51	BQ0100-C	35.299	-23.716
52	52	BQ0102-C	35.299	-23.716
53	53	BQ0103-C	35.299	-23.716
54	54	BQ0106-C	35.299	-23.716
55	55	BQ0107-C		
56	56	BQ0108-C	35.299	-23.716
57	57	BQ0109-C	35.299	-23.716
58	58	BQ0110-C	35.299	-23.716
59	59	BQ0111-C	35.299	-23.716
60	60	BQ0114-C	35.299	-23.716
61	61	BQ0115-C	35.299	-23.716
62	62	BQ0116-C	35.299	-23.716
63	63	BQ0117-C	35.299	-23.716
64	64	BQ0118-C	35.299	-23.716
65	65	BQ0119-C	35.299	-23.716
66	66	BQ0120-C	35.299	-23.716
67	67	BQ0121-C	35.299	-23.716
68	68	BQ0122-C	35.299	-23.716
69	69	BQ0123-C	35.299	-23.716
70	70	BQ0125-C	35.299	-23.716
71	71	BQ0126-C	35.299	-23.716
72	72	BQ0129-C	35.299	-23.716
73	73	BQ0130-C	35.299	-23.716
74	13	AK0062-C	39.909	-3.511
75	14	AK0063-C	39.909	-3.511
76	33	AK0088-C	39.909	-3.511
77	41	AK0099-C	39.909	-3.511
78	43	AK0102-C	39.909	-3.511
79	46	AK0106-C	39.909	-3.511
80	50	AK0116-C	39.909	-3.511
81	54	AK0045-Cx	39.909	-3.511
82	63	AK0109-Cx	39.909	-3.511
83	64	AK0177-C	39.909	-3.511
84	65	AK0203-C	39.909	-3.511
85	66	AK0207-C		
86	67	AK0211-C		
87	68	AK0212-C	39.909	-3.511
88	69	AK0213-C	39.909	-3.511
89	70	AK0214-C	39.909	-3.511
90	71	AK0215-C	39.909	-3.511
91	72	AK0226-C	39.909	-3.511
92	73	AK0235-C	39.909	-3.511
93	74	AK0236-C	39.909	-3.511
94	75	AK0237-C	39.909	-3.511
95	76	AK0238-C	39.909	-3.511
96	77	AK0239-C	39.909	-3.511
97	78	AK0274-C	39.909	-3.511
98	79	AK0278-C	39.909	-3.511
99	80	AK0279-C	39.909	-3.511
100	81	AK0280-C	39.909	-3.511
101	82	AK0281-C	39.909	-3.511
102	10	AG0058-C	-14.917	13.567
103	32	AG0074-C	-14.917	13.567
104	0	AV0043-C	-9.53	8.48
105	1	AV0036-C	-9.53	8.48
106	2	AV0025-C		
107	3	AV0037-C	-9.53	8.48
108	4	AV0026-C	-9.53	8.48
109	5	AV0006-C		
110	6	AV0008-C		
111	7	AV0015-C	-10.03	9.28
112	8	AV0010-C	-10.03	9.28
113	9	AV0032-C		
114	11	AV0035-C	-9.53	8.48
115	12	AV0012-C	-10.03	9.28
116	13	AV0024-C		
117	14	AV0031-C	-9.53	8.48
118	15	AV0002-C	-10.03	9.28
119	16	AV0014-C	-10.03	9.28
120	17	AV0013-C	-10.03	9.28
121	18	AV0005-C	-10.03	9.28
122	19	AV0011-C	-10.03	9.28
123	20	AV0027-C		
124	21	AV0018-C	-10.03	9.28
125	22	AV0047-C	-9.53	8.48
126	25	AV0039-C		
127	26	AV0009-C	-10.03	9.28
128	27	AV0001-C	-10.03	9.28
129	28	AV0041-C	-9.53	8.48
130	29	AV0033-C	-9.53	8.48
131	30	AV0045-C	-9.53	8.48
132	31	AV0017-C	-10.03	9.28
133	32	AV0022-C	-10.03	9.28
134	33	AV0020-C	-10.03	9.28
135	34	AV0021-C	-10.03	9.28
136	35	AV0028-C	-9.53	8.48
137	36	AV0023-C	-10.03	9.28
138	38	AV0044-Cx	-9.53	8.48
139	39	AV0004-Cx		
140	40	AV0030-Cx		
141	42	AV0029-Cx	-9.53	8.48
142	43	AV0034-Cx	-9.53	8.48
143	44	AV0003-Cx	-10.03	9.28
144	0	BP0009-C	21.017	4.283
145	1	BP0010-C		
146	2	BP0011-C		
147	3	BP0012-C	21.017	4.283
148	4	BP0013-C	21.017	4.283
149	5	BP0015-C	21.017	4.283
150	6	BP0016-C	21.017	4.283
151	7	BP0017-C	21.017	4.283
152	8	BP0018-C	21.017	4.283
153	9	BP0019-C	21.017	4.283
154	10	BP0020-C	21.017	4.283
155	11	BP0021-C		
156	12	BP0022-C	21.017	4.283
157	13	BP0023-C		
158	14	BP0024-C	21.017	4.283
159	15	BP0025-C	21.017	4.283
160	16	BP0026-C	21.017	4.283
161	17	BP0027-C	21.017	4.283
162	18	BP0028-C	21.017	4.283
163	19	BP0029-C	21.017	4.283
164	20	BP0030-C	21.017	4.283
165	21	BP0031-C	21.017	4.283
166	22	BP0032-C	21.017	4.283
167	23	BP0033-C	21.017	4.283
168	24	BP0034-C	21.017	4.283
169	25	BP0035-C	21.017	4.283
170	26	BP0036-C	21.017	4.283
171	27	BP0037-C	21.017	4.283
172	28	BP0038-C	21.017	4.283
173	29	BP0039-C		
174	30	BP0040-C	21.017	4.283
175	31	BP0041-C	21.017	4.283
176	32	BP0042-C	21.017	4.283
177	33	BP0043-C	21.017	4.283
178	34	BP0044-C	21.017	4.283
179	35	BP0045-C	21.017	4.283
180	36	BP0046-C	21.017	4.283
181	37	BP0047-C	21.017	4.283
182	38	BP0048-C	21.017	4.283
183	39	BP0049-C	21.017	4.283
184	40	BP0050-C	21.017	4.283
185	41	BP0051-C	21.017	4.283
186	42	BP0052-C	21.017	4.283
187	43	BP0053-C	21.017	4.283
188	44	BP0054-C	21.017	4.283
189	45	BP0055-C		
190	46	BP0056-C	21.017	4.283
191	47	BP0057-C	21.017	4.283
192	48	BP0058-C	21.017	4.283
193	49	BP0059-C	21.017	4.283
194	50	BP0060-C	21.017	4.283
195	51	BP0061-C	21.017	4.283
196	52	BP0062-C	21.017	4.283
197	53	BP0064-C	21.017	4.283
198	54	BP0065-C		
199	55	BP0066-C	21.017	4.283
200	56	BP0067-C	21.017	4.283
201	57	BP0069-C	21.017	4.283
202	58	BP0070-C	21.017	4.283
203	59	BP0071-C	21.017	4.283
204	60	BP0072-C	21.017	4.283
205	61	BP0074-C	21.017	4.283
206	62	BP0075-C	21.017	4.283
207	63	BP0076-C	21.017	4.283
208	64	BP0077-C	21.017	4.283
209	65	BP0078-C	21.017	4.283
210	66	BP0079-C	21.017	4.283
211	67	BP0080-C	21.017	4.283
212	68	BP0081-C	21.017	4.283
213	69	BP0001-C		
214	70	BP0002-C	21.017	4.283
215	71	BP0003-C	21.017	4.283
216	72	BP0004-C	21.017	4.283
217	73	BP0006-C	21.017	4.283
218	74	BP0007-C	21.017	4.283
219	75	BP0008-C	21.017	4.283
220	9	AC0310-C	-2.969	53.409
221	14	AC0315-C	-2.969	53.409
222	15	AC0316-C	-2.969	53.409
223	17	AC0318-C	-2.969	53.409
224	19	AC0320-C	-2.969	53.409
225	23	AC0324-C	-2.969	53.409
226	24	AC0325-C	-2.969	53.409
227	25	AC0326-C	-2.969	53.409
228	28	AC0329-C		
229	29	AC0330-C	-2.969	53.409
230	30	AC0331-C	-2.969	53.409
231	31	AC0332-C	-2.969	53.409
232	32	AC0333-C	-2.969	53.409
233	34	AC0335-C	-2.969	53.409
234	35	AC0336-C	-2.969	53.409
235	36	AC0337-C	-2.969	53.409
236	37	AC0338-C	-2.969	53.409
237	40	AC0341-C	-2.969	53.409
238	44	AC0345-C	-2.969	53.409
239	45	AC0346-C	-2.969	53.409
240	46	AC0347-C	-2.969	53.409
241	48	AC0349-C	-2.969	53.409
242	49	AC0382-C	-2.969	53.409
243	51	AC0384-C	-2.969	53.409
244	53	AC0386-C	-2.969	53.409
245	55	AC0388-C		
246	57	AC0390-C	-2.969	53.409
247	58	AC0391-C	-2.969	53.409
248	61	AC0398-C		
249	62	AC0406-C	-2.969	53.409
250	130	AD0283-C		
251	131	AD0284-C		
252	132	AD0285-C	-2.969	53.409
253	133	AD0286-C	-2.969	53.409
254	134	AD0287-C	-2.969	53.409
255	135	AD0288-C		
256	137	AD0290-C	-2.969	53.409
257	138	AD0291-C	-2.969	53.409
258	139	AD0292-C	-2.969	53.409
259	140	AD0293-C	-2.969	53.409
260	141	AD0294-C	-2.969	53.409
261	142	AD0295-C		
262	143	AD0296-C	-2.969	53.409
263	144	AD0297-C	-2.969	53.409
264	146	AD0299-C	-2.969	53.409
265	147	AD0300-C	-2.969	53.409
266	148	AD0301-C	-2.969	53.409
267	149	AD0302-C	-2.969	53.409
268	190	AD0347-C	-2.969	53.409
269	0	AZ0253-C	-8.2	12.2
270	1	AZ0254-C	-8.2	12.2
271	2	AZ0255-C	-8.2	12.2
272	3	AZ0256-C	-8.2	12.2
273	4	AZ0258-C	-8.2	12.2
274	5	AZ0259-C		
275	6	AZ0260-C	-8.2	12.2
276	7	AZ0261-C	-8.2	12.2
277	8	AZ0263-C	-8.45	11.88
278	9	AZ0267-C	-6.13	13.2
279	21	AZ0279-C		
280	25	AZ0283-C	-8.2	12.2
281	50	VBS02077-4431STDY6772805	-8.45	11.88
282	51	VBS02083-4431STDY6772806	-8.45	11.88
283	52	VBS02088-4431STDY6772808	-8.45	11.88
284	53	VBS02090-4431STDY6772809	-8.45	11.88
285	54	VBS02093-4431STDY6772811	-8.45	11.88
286	55	VBS02094-4431STDY6772812	-8.45	11.88
287	56	VBS02095-4431STDY6772813	-8.45	11.88
288	57	VBS02097-4431STDY6772815	-8.45	11.88
289	58	VBS02101-4431STDY6772818	-8.45	11.88
290	59	VBS02103-4431STDY6772819	-8.45	11.88
291	60	VBS02104-4431STDY6772820	-8.45	11.88
292	61	VBS02106-4431STDY6772821		
293	62	VBS02107-4431STDY6772822	-8.45	11.88
294	63	VBS02109-4431STDY6772823		
295	64	VBS02110-4431STDY6772824	-8.45	11.88
296	65	VBS02112-4431STDY6772826	-8.45	11.88
297	66	VBS02119-4431STDY6772831	-8.45	11.88
298	67	VBS02121-4431STDY6772832	-8.45	11.88
299	68	VBS02127-4431STDY6772833	-8.45	11.88
300	69	VBS02129-4431STDY6772835	-8.45	11.88
301	70	VBS02130-4431STDY6772836	-8.45	11.88
302	0	AN0007-C	13.558	4.341
303	1	AN0008-C		
304	2	AN0009-C	13.558	4.341
305	3	AN0010-C	13.558	4.341
306	4	AN0011-C	13.558	4.341
307	5	AN0012-C	13.558	4.341
308	6	AN0013-C	13.558	4.341
309	7	AN0014-C	13.558	4.341
310	8	AN0015-C	13.558	4.341
311	9	AN0016-C	13.558	4.341
312	10	AN0017-Cx	13.558	4.341
313	11	AN0018-C	13.558	4.341
314	12	AN0019-C	13.558	4.341
315	13	AN0020-C	13.558	4.341
316	14	AN0021-C	13.558	4.341
317	15	AN0022-C	14.442	5.747
318	16	AN0023-C	14.442	5.747
319	17	AN0024-C	14.442	5.747
320	18	AN0025-Cx	14.442	5.747
321	19	AN0026-Cx	14.442	5.747
322	20	AN0027-C	14.442	5.747
323	21	AN0028-C	14.442	5.747
324	22	AN0029-C	14.442	5.747
325	23	AN0030-C		
326	24	AN0031-C	14.442	5.747
327	25	AN0032-C	14.442	5.747
328	26	AN0033-C	14.442	5.747
329	27	AN0034-C	14.442	5.747
330	28	AN0035-C	14.442	5.747
331	29	AN0036-C	14.442	5.747
332	30	AN0037-C		
333	31	AN0038-C	14.442	5.747
334	32	AN0039-C	14.442	5.747
335	33	AN0040-C	14.442	5.747
336	34	AN0041-C	14.442	5.747
337	35	AN0042-C	14.442	5.747
338	36	AN0043-C	14.442	5.747
339	37	AN0044-C	14.442	5.747
340	38	AN0045-C	14.442	5.747
341	39	AN0046-C	14.442	5.747
342	40	AN0047-C	14.442	5.747
343	41	AN0048-C	14.442	5.747
344	42	AN0049-C		
345	43	AN0050-C	14.442	5.747
346	44	AN0051-C	14.442	5.747
347	45	AN0053-C	14.442	5.747
348	46	AN0054-C	14.442	5.747
349	47	AN0055-C	14.442	5.747
350	48	AN0056-C	14.442	5.747
351	49	AN0057-C	14.442	5.747
352	50	AN0058-C	14.442	5.747
353	51	AN0059-C	14.442	5.747
354	52	AN0060-C	14.442	5.747
355	53	AN0061-Cx	14.442	5.747
356	54	AN0062-C	14.442	5.747
357	55	AN0063-Cx	14.442	5.747
358	56	AN0064-C	14.442	5.747
359	57	AN0065-Cx	14.442	5.747
360	58	AN0066-C	14.442	5.747
361	59	AN0067-Cx	14.442	5.747
362	60	AN0068-Cx	14.442	5.747
363	61	AN0069-C	14.442	5.747
364	62	AN0070-C	14.442	5.747
365	63	AN0071-C	14.442	5.747
366	64	AN0072-Cx	14.442	5.747
367	65	AN0073-C	14.442	5.747
368	66	AN0074-C	14.442	5.747
369	67	AN0075-Cx	14.442	5.747
370	68	AN0076-C		
371	69	AN0077-C	14.442	5.747
372	70	AN0078-C	14.442	5.747
373	71	AN0079-C	14.442	5.747
374	72	AN0080-C	14.442	5.747
375	73	AN0081-C	14.442	5.747
376	74	AN0082-C	14.442	5.747
377	75	AN0083-C	14.442	5.747
378	76	AN0084-C	14.442	5.747
379	77	AN0085-C	14.442	5.747
380	78	AN0086-C	14.442	5.747
381	79	AN0087-C	14.442	5.747
382	80	AN0088-C	14.442	5.747
383	81	AN0089-C	14.442	5.747
384	82	AN0090-C		
385	83	AN0091-C		
386	84	AN0092-C	14.442	5.747
387	85	AN0093-C	14.442	5.747
388	86	AN0094-C	14.442	5.747
389	87	AN0095-C	14.442	5.747
390	88	AN0096-C	14.442	5.747
391	89	AN0097-C	14.442	5.747
392	90	AN0098-C	14.442	5.747
393	91	AN0099-C		
394	92	AN0100-C		
395	93	AN0101-Cx	14.442	5.747
396	94	AN0102-C	14.442	5.747
397	95	AN0103-C	14.442	5.747
398	96	AN0104-C	14.442	5.747
399	97	AN0105-C	14.442	5.747
400	98	AN0106-C	14.442	5.747
401	99	AN0107-C	14.442	5.747
402	100	AN0108-C	14.442	5.747
403	101	AN0109-C	14.442	5.747
404	102	AN0111-C	14.442	5.747
405	103	AN0112-Cx	14.442	5.747
406	104	AN0113-C	14.442	5.747
407	105	AN0114-C	14.442	5.747
408	106	AN0115-C	14.442	5.747
409	107	AN0117-C	14.442	5.747
410	108	AN0118-Cx	14.442	5.747
411	109	AN0119-C	14.442	5.747
412	110	AN0120-C	14.442	5.747
413	111	AN0121-Cx	14.442	5.747
414	112	AN0122-C	13.558	4.341
415	113	AN0123-Cx	13.558	4.341
416	114	AN0124-C	13.558	4.341
417	115	AN0125-Cx	13.558	4.341
418	116	AN0126-C	13.558	4.341
419	117	AN0127-Cx	13.558	4.341
420	118	AN0128-C	13.558	4.341
421	119	AN0129-C	13.558	4.341
422	120	AN0130-C	13.558	4.341
423	121	AN0131-C	13.558	4.341
424	122	AN0132-Cx	13.558	4.341
425	123	AN0133-Cx	13.558	4.341
426	124	AN0134-Cx		
427	125	AN0135-Cx	13.558	4.341
428	126	AN0136-Cx	13.558	4.341
429	127	AN0137-C		
430	128	AN0138-C		
431	129	AN0139-C		
432	130	AN0140-C	13.558	4.341
433	131	AN0141-C	13.558	4.341
434	132	AN0142-C	13.558	4.341
435	133	AN0143-C	13.558	4.341
436	134	AN0144-C	13.558	4.341
437	135	AN0146-C	13.558	4.341
438	136	AN0147-C	13.558	4.341
439	137	AN0148-C	13.558	4.341
440	138	AN0149-C	13.558	4.341
441	139	AN0151-C	13.558	4.341
442	140	AN0152-C	13.558	4.341
443	141	AN0153-C	13.558	4.341
444	142	AN0154-C	13.558	4.341
445	143	AN0155-C	13.558	4.341
446	144	AN0156-C	13.558	4.341
447	145	AN0157-Cx	13.558	4.341
448	146	AN0158-C	13.558	4.341
449	147	AN0159-Cx	13.558	4.341
450	148	AN0160-Cx	13.558	4.341
451	149	AN0162-Cx	13.558	4.341
452	150	AN0163-C	13.558	4.341
453	151	AN0164-C	13.558	4.341
454	152	AN0165-C	13.558	4.341
455	153	AN0166-C	13.558	4.341
456	154	AN0167-C		
457	155	AN0168-C		
458	156	AN0169-C	13.558	4.341
459	157	AN0170-C	13.558	4.341
460	158	AN0171-C	13.558	4.341
461	159	AN0172-C	13.558	4.341
462	160	AN0173-C	13.558	4.341
463	161	AN0174-Cx	13.558	4.341
464	162	AN0175-C	13.558	4.341
465	163	AN0176-C	13.558	4.341
466	164	AN0177-C	13.558	4.341
467	165	AN0178-C	13.558	4.341
468	166	AN0179-C	13.558	4.341
469	167	AN0180-C	13.558	4.341
470	168	AN0181-C	13.558	4.341
471	169	AN0182-C	13.558	4.341
472	170	AN0183-C	13.558	4.341
473	171	AN0184-C	13.558	4.341
474	172	AN0185-C	13.558	4.341
475	173	AN0186-Cx	13.558	4.341
476	174	AN0187-C	13.558	4.341
477	175	AN0188-C	13.558	4.341
478	176	AN0189-C	13.558	4.341
479	177	AN0190-C	13.558	4.341
480	178	AN0191-C	13.558	4.341
481	179	AN0192-C	13.558	4.341
482	180	AN0193-Cx	13.558	4.341
483	181	AN0194-C	13.558	4.341
484	182	AN0195-Cx	13.558	4.341
485	183	AN0196-C		
486	184	AN0197-Cx	13.558	4.341
487	185	AN0198-C	13.558	4.341
488	186	AN0199-C	13.558	4.341
489	187	AN0200-C	13.558	4.341
490	188	AN0201-Cx	13.558	4.341
491	189	AN0202-Cx	13.558	4.341
492	190	AN0203-Cx	13.558	4.341
493	191	AN0204-C	13.558	4.341
494	192	AN0205-C	13.558	4.341
495	193	AN0206-C	13.558	4.341
496	194	AN0207-C	13.558	4.341
497	195	AN0208-C	13.558	4.341
498	196	AN0209-C	13.558	4.341
499	197	AN0210-Cx	13.558	4.341
500	198	AN0212-C	13.558	4.341
501	199	AN0213-C	13.558	4.341
502	200	AN0214-C	13.558	4.341
503	201	AN0215-C	13.558	4.341
504	202	AN0217-C		
505	203	AN0218-C	13.558	4.341
506	204	AN0219-C	13.558	4.341
507	205	AN0220-C	13.558	4.341
508	206	AN0221-C	13.558	4.341
509	207	AN0222-Cx	13.844	4.777
510	208	AN0223-C	13.844	4.777
511	209	AN0224-Cx	13.844	4.777
512	210	AN0225-Cx	13.844	4.777
513	211	AN0226-Cx	13.844	4.777
514	212	AN0227-Cx	13.844	4.777
515	213	AN0228-C		
516	214	AN0229-Cx	13.844	4.777
517	215	AN0230-Cx	13.844	4.777
518	216	AN0231-Cx	13.844	4.777
519	217	AN0232-C	13.844	4.777
520	218	AN0233-C	13.844	4.777
521	219	AN0234-C		
522	220	AN0235-C	13.844	4.777
523	221	AN0236-Cx	13.844	4.777
524	222	AN0237-Cx	13.844	4.777
525	223	AN0238-C	13.844	4.777
526	224	AN0239-C	13.844	4.777
527	225	AN0240-C	13.844	4.777
528	226	AN0241-C	13.844	4.777
529	227	AN0242-C	13.844	4.777
530	228	AN0243-C	13.844	4.777
531	229	AN0244-C		
532	230	AN0245-C	13.844	4.777
533	231	AN0246-C	13.844	4.777
534	232	AN0247-C	13.844	4.777
535	233	AN0248-C	13.844	4.777
536	234	AN0250-C	13.844	4.777
537	235	AN0251-C	13.844	4.777
538	236	AN0252-C	13.844	4.777
539	237	AN0253-C	13.844	4.777
540	238	AN0254-C	13.844	4.777
541	239	AN0255-C	13.844	4.777
542	240	AN0256-C	13.844	4.777
543	241	AN0258-C	13.844	4.777
544	242	AN0259-Cx	13.844	4.777
545	243	AN0260-C	13.844	4.777
546	244	AN0261-Cx	13.844	4.777
547	245	AN0262-C	13.844	4.777
548	246	AN0263-Cx	13.844	4.777
549	247	AN0264-C	13.844	4.777
550	248	AN0265-C	13.844	4.777
551	249	AN0266-C	13.844	4.777
552	250	AN0267-Cx	13.844	4.777
553	251	AN0268-C	13.844	4.777
554	252	AN0269-C	13.844	4.777
555	253	AN0270-C	13.844	4.777
556	254	AN0271-C	13.844	4.777
557	255	AN0272-C	13.844	4.777
558	256	AN0275-C	13.844	4.777
559	257	AN0276-C	13.844	4.777
560	258	AN0277-C	13.844	4.777
561	259	AN0278-C	13.844	4.777
562	260	AN0279-C	13.844	4.777
563	261	AN0280-C	13.844	4.777
564	262	AN0281-C	13.844	4.777
565	263	AN0282-Cx	13.844	4.777
566	264	AN0283-Cx		
567	265	AN0284-Cx	13.844	4.777
568	266	AN0285-C	13.844	4.777
569	267	AN0286-Cx	13.844	4.777
570	268	AN0287-Cx	13.844	4.777
571	269	AN0288-Cx	13.844	4.777
572	270	AN0289-C	13.844	4.777
573	271	AN0290-Cx	13.844	4.777
574	272	AN0291-Cx	13.844	4.777
575	273	AN0292-C	13.844	4.777
576	274	AN0293-Cx	13.844	4.777
577	275	AN0294-C	13.844	4.777
578	276	AN0295-C	13.844	4.777
579	277	AN0296-Cx	13.844	4.777
580	278	AN0297-C	13.844	4.777
581	279	AN0298-Cx	13.844	4.777
582	280	AN0299-C	13.844	4.777
583	281	AN0300-C	13.844	4.777
584	282	AN0301-Cx		
585	283	AN0302-C	13.844	4.777
586	284	AN0303-C	13.844	4.777
587	285	AN0304-C	13.844	4.777
588	286	AN0305-C		
589	287	AN0306-C	13.844	4.777
590	288	AN0307-C	13.844	4.777
591	289	AN0308-C	13.844	4.777
592	290	AN0309-Cx	13.844	4.777
593	291	AN0310-C	13.844	4.777
594	292	AN0311-C	13.844	4.777
595	293	AN0312-C	13.844	4.777
596	294	AN0313-C	13.844	4.777
597	295	AN0314-C	13.844	4.777
598	296	AN0315-C	13.844	4.777
599	297	AN0316-C	13.844	4.777
600	298	AN0317-C	13.844	4.777
601	299	AN0318-C	13.844	4.777
602	300	AN0319-C	13.844	4.777
603	301	AN0320-C	13.844	4.777
604	302	AN0321-C		
605	0	AQ0009-C	8.7	3.7
606	1	AQ0001-C	8.7	3.7
607	2	AQ0002-C		
608	3	AQ0005-C	8.7	3.7
609	4	AQ0004-C	8.7	3.7
610	5	AQ0015-C	8.7	3.7
611	6	AQ0011-C	8.7	3.7
612	7	AQ0012-C	8.7	3.7
613	8	AQ0014-C	8.7	3.7
614	9	AQ0013-C	8.7	3.7
615	0	AP0007-C	45.081	-12.703
616	1	AP0021-C	45.122	-12.797
617	2	AP0019-C	45.156	-12.991
618	3	AP0020-C		
619	4	AP0009-C	45.143	-12.779
620	5	AP0002-C	45.143	-12.779
621	6	AP0034-C	45.104	-12.852
622	7	AP0035-C		
623	8	AP0031-C	45.156	-12.991
624	9	AP0008-C	45.143	-12.779
625	10	AP0011-C	45.143	-12.779
626	11	AP0032-C	45.156	-12.991
627	12	AP0010-C	45.143	-12.779
628	13	AP0025-C	45.104	-12.852
629	14	AP0022-C	45.122	-12.797
630	15	AP0006-C	45.156	-12.991
631	16	AP0030-C	45.155	-12.857
632	17	AP0023-C	45.156	-12.991
633	18	AP0033-C	45.122	-12.797
634	19	AP0005-C	45.142	-12.738
635	20	AP0014-Cx	45.155	-12.857
636	21	AP0013-Cx	45.143	-12.779
637	22	AP0017-Cx	45.156	-12.991
638	0	AB0298-C		
639	1	AB0299-C	-1.17	12.06
640	2	AB0301-C	-1.17	12.06
641	3	AB0302-C	-1.17	12.06
642	4	AB0303-C	-1.17	12.06
643	5	AB0309-C	-1.17	12.06
644	6	AB0312-C		
645	7	AB0313-C	-1.17	12.06
646	8	AB0314-C	-1.17	12.06
647	9	AB0315-C	-1.17	12.06
648	10	AB0316-C	-1.17	12.06
649	11	AB0318-C	-1.17	12.06
650	12	AB0325-C	-1.17	12.06
651	7	AZ0300-C	-8.15	12.89
652	8	AZ0301-C	-8.15	12.89
653	9	AZ0302-C	-8.15	12.89
654	10	AZ0304-C	-8.15	12.89
655	11	AZ0305-C		
656	12	AZ0306-C	-8.15	12.89
657	13	AZ0307-C	-8.15	12.89
658	14	AZ0308-C	-8.15	12.89
659	15	AZ0309-C	-8.15	12.89
660	16	AZ0310-C	-8.15	12.89
661	17	AZ0311-C		
662	18	AZ0313-C	-8.15	12.89
663	19	AZ0314-C	-8.15	12.89
664	20	AZ0316-C	-8.15	12.89
665	21	AZ0317-C	-8.15	12.89
666	22	AZ0318-C	-8.15	12.89
667	23	AZ0319-C	-8.15	12.89
668	24	AZ0320-C	-8.15	12.89
669	25	AZ0321-C		
670	26	AZ0322-C	-8.15	12.89
671	27	AZ0323-C	-8.15	12.89
672	28	AZ0325-C	-8.15	12.89
673	29	AZ0326-C		
674	30	AZ0328-C	-8.15	12.89
675	31	AZ0329-C	-8.15	12.89
676	32	AZ0330-C	-8.15	12.89
677	33	AZ0331-C	-8.15	12.89
678	41	AZ0312-C	-8.15	12.89
679	43	AZ0336-C		
680	44	AZ0337-C	-8.16	12.9
681	45	AZ0338-C	-8.16	12.9
682	52	AZ0350-C		
683	58	AZ0484-CW	-8.08	12.81
684	0	AV0069-CW		
685	3	AV0235-CW	-9.53	8.48
686	4	AV0132-C	-10.03	9.28
687	5	AV0061-C	-10.03	9.28
688	6	AV0109-C	-10.03	9.28
689	7	AV0074-C	-10.03	9.28
690	8	AV0086-C	-10.03	9.28
691	9	AV0098-C	-10.03	9.28
692	10	AV0134-C	-10.03	9.28
693	11	AV0113-C	-10.03	9.28
694	12	AV0137-C	-10.03	9.28
695	13	AV0078-C	-10.03	9.28
696	14	AV0055-C	-10.03	9.28
697	15	AV0067-C	-10.03	9.28
698	16	AV0091-C	-10.03	9.28
699	17	AV0115-C		
700	18	AV0068-C	-10.03	9.28
701	19	AV0080-C	-10.03	9.28
702	20	AV0092-C	-10.03	9.28
703	21	AV0104-C	-10.03	9.28
704	22	AV0116-C	-10.03	9.28
705	23	AV0128-C	-10.03	9.28
706	24	AV0140-C	-10.03	9.28
707	25	AV0129-C		
708	26	AV0141-C	-10.03	9.28
709	27	AV0058-C	-10.03	9.28
710	28	AV0070-C	-10.03	9.28
711	29	AV0082-C	-10.03	9.28
712	30	AV0094-C	-10.03	9.28
713	31	AV0106-C	-10.03	9.28
714	32	AV0130-C	-10.03	9.28
715	33	AV0059-C	-10.03	9.28
716	34	AV0083-C	-10.03	9.28
717	35	AV0095-C	-10.03	9.28
718	36	AV0107-C	-10.03	9.28
719	37	AV0119-C	-10.03	9.28
720	38	AV0131-C	-10.03	9.28
721	39	AV0142-C	-9.53	8.48
722	40	AV0154-C	-9.53	8.48
723	41	AV0226-C	-9.53	8.48
724	42	AV0143-C		
725	43	AV0179-C		
726	44	AV0191-C	-9.53	8.48
727	45	AV0180-C	-9.53	8.48
728	46	AV0192-C	-9.53	8.48
729	47	AV0170-C	-9.53	8.48
730	48	AV0194-C	-9.53	8.48
731	49	AV0206-C	-9.53	8.48
732	50	AV0218-C	-9.53	8.48
733	51	AV0171-C	-9.53	8.48
734	52	AV0195-C	-9.53	8.48
735	54	AV0330-C	-7.81	10.83
736	55	AV0342-C	-7.81	10.83
737	56	AV0354-C	-7.81	10.83
738	58	AV0377-C	-7.81	10.83
739	59	AV0387-C	-7.81	10.83
740	60	AV0407-C	-7.81	10.83
741	62	AV0367-C	-7.81	10.83
742	63	AV0378-C	-7.81	10.83
743	64	AV0408-C	-7.81	10.83
744	65	AV0332-C	-7.81	10.83
745	66	AV0344-C	-7.81	10.83
746	67	AV0356-C		
747	68	AV0368-C	-7.81	10.83
748	69	AV0389-C	-7.81	10.83
749	70	AV0409-C	-7.81	10.83
750	71	AV0333-C	-7.81	10.83
751	72	AV0380-C	-7.81	10.83
752	73	AV0390-C	-7.81	10.83
753	74	AV0400-C	-7.81	10.83
754	75	AV0410-C	-7.81	10.83
755	76	AV0334-C		
756	77	AV0346-C	-7.81	10.83
757	78	AV0358-C	-7.81	10.83
758	79	AV0381-C	-7.81	10.83
759	80	AV0391-C	-7.81	10.83
760	81	AV0401-C	-7.81	10.83
761	82	AV0335-C	-7.81	10.83
762	83	AV0347-C	-7.81	10.83
763	84	AV0359-C	-7.81	10.83
764	85	AV0371-C	-7.81	10.83
765	86	AV0382-C	-7.81	10.83
766	87	AV0392-C	-7.81	10.83
767	88	AV0402-C	-7.81	10.83
768	89	AV0412-C	-7.81	10.83
769	90	AV0336-C	-7.81	10.83
770	91	AV0360-C	-7.81	10.83
771	92	AV0372-C		
772	93	AV0383-C	-7.81	10.83
773	94	AV0393-C	-7.81	10.83
774	95	AV0403-C	-7.81	10.83
775	96	AV0337-C	-7.81	10.83
776	97	AV0349-C	-7.81	10.83
777	98	AV0361-C	-7.81	10.83
778	99	AV0373-C		
779	100	AV0384-C	-7.81	10.83
780	101	AV0394-C	-7.81	10.83
781	102	AV0404-C	-7.81	10.83
782	103	AV0414-C	-7.81	10.83
783	104	AV0338-C	-7.81	10.83
784	105	AV0350-C	-7.81	10.83
785	106	AV0362-C	-7.81	10.83
786	107	AV0405-C	-7.81	10.83
787	108	AV0415-C	-7.81	10.83
788	109	AV0351-C	-7.81	10.83
789	110	AV0363-C		
790	111	AV0375-C	-7.81	10.83
791	112	AV0386-C	-7.81	10.83
792	113	AV0396-C	-7.81	10.83
793	114	AV0406-C	-7.81	10.83
794	116	AV0352-C	-10.03	9.28
795	117	AV0364-C	-9.53	8.48
796	118	AV0376-C	-7.81	10.83
797	119	AV0341-C		
798	120	AV0353-C	-9.53	8.48
799	121	AV0219-C	-9.53	8.48
800	122	AV0231-C	-9.53	8.48
801	123	AV0160-C	-9.53	8.48
802	124	AV0196-C		
803	125	AV0208-C	-9.53	8.48
804	131	AV0185-C	-9.53	8.48
805	132	AV0150-C	-9.53	8.48
806	133	AV0162-C	-9.53	8.48
807	134	AV0174-C		
808	135	AV0186-C	-9.53	8.48
809	136	AV0198-C	-9.53	8.48
810	137	AV0210-C	-9.53	8.48
811	138	AV0222-C	-9.53	8.48
812	139	AV0234-C	-9.53	8.48
813	140	AV0199-C	-9.53	8.48
814	141	AV0211-C	-9.53	8.48
815	142	AV0223-C		
816	143	AV0152-C	-9.53	8.48
817	144	AV0164-C	-9.53	8.48
818	145	AV0176-C	-9.53	8.48
819	146	AV0188-C	-9.53	8.48
820	147	AV0200-C	-9.53	8.48
821	148	AV0165-C	-9.53	8.48
822	149	AV0177-C		
823	150	AV0189-C	-9.53	8.48
824	151	AV0201-C	-9.53	8.48
825	152	AV0213-C	-9.53	8.48
826	153	AV0225-C	-9.53	8.48
827	163	AV0263-C	-8.33	11.47
828	165	AV0287-C	-8.33	11.47
829	170	AV0277-C	-8.33	11.47
830	171	AV0325-C	-8.33	11.47
831	174	AV0314-C	-8.33	11.47
832	0	BK0001-C	18.583	4.367
833	3	BK0005-C	18.583	4.367
834	7	BK0009-C	18.583	4.367
835	8	BK0010-C	18.583	4.367
836	9	BK0011-C	18.583	4.367
837	10	BK0013-C		
838	13	BK0016-C	18.583	4.367
839	15	BK0018-C		
840	16	BK0019-C	18.583	4.367
841	18	BK0022-C	18.583	4.367
842	19	BK0023-C	18.583	4.367
843	22	BK0026-C	18.583	4.367
844	23	BK0027-C	18.583	4.367
845	24	BK0029-C	18.583	4.367
846	25	BK0030-C		
847	27	BK0032-C	18.583	4.367
848	28	BK0033-C	18.583	4.367
849	29	BK0034-C	18.583	4.367
850	31	BK0037-C	18.583	4.367
851	32	BK0038-C	18.583	4.367
852	33	BK0039-C	18.583	4.367
853	34	BK0040-C	18.583	4.367
854	37	BK0043-C	18.583	4.367
855	38	BK0045-C	18.583	4.367
856	39	BK0046-C	18.583	4.367
857	40	BK0047-C	18.583	4.367
858	41	BK0048-C	18.583	4.367
859	42	BK0049-C	18.583	4.367
860	43	BK0050-C	18.583	4.367
861	44	BK0051-C	18.583	4.367
862	45	BK0053-C	18.583	4.367
863	46	BK0054-C	18.583	4.367
864	47	BK0055-C	18.583	4.367
865	48	BK0056-C	18.583	4.367
866	49	BK0057-C	18.583	4.367
867	50	BK0058-C	18.583	4.367
868	51	BK0059-C	18.583	4.367
869	52	BK0061-C	18.583	4.367
870	53	BK0062-C	18.583	4.367
871	54	BK0063-C	18.583	4.367
872	55	BK0064-C	18.583	4.367
873	57	BK0066-C	18.583	4.367
874	59	BK0069-C	18.583	4.367
875	60	BK0070-C	18.583	4.367
876	61	BK0071-C	18.583	4.367
877	62	BK0072-C	18.583	4.367
878	63	BK0074-C	18.583	4.367
879	64	BK0077-C		
880	65	BK0078-C	18.583	4.367
881	66	BK0080-C		
882	68	BK0082-C	18.583	4.367
883	69	BK0083-C		
884	70	BK0085-C	18.583	4.367
885	71	BK0086-C	18.583	4.367
886	72	BK0094-CW	18.583	4.367
887	81	AC0089-Cx		
888	82	AC0090-C	34.026	0.77
889	83	AC0091-Cx	34.026	0.77
890	84	AC0092-C	34.026	0.77
891	85	AC0093-C	34.026	0.77
892	86	AC0094-C		
893	87	AC0095-C	34.026	0.77
894	88	AC0096-Cx	34.026	0.77
895	89	AC0097-C	34.026	0.77
896	90	AC0098-C		
897	91	AC0099-C	34.026	0.77
898	92	AC0100-C	34.026	0.77
899	93	AC0101-C	34.026	0.77
900	94	AC0102-Cx		
901	95	AC0103-Cx	34.026	0.77
902	96	AC0104-Cx		
903	97	AC0105-C	34.026	0.77
904	98	AC0106-C	34.026	0.77
905	99	AC0107-C	34.026	0.77
906	100	AC0108-C		
907	101	AC0109-C	34.026	0.77
908	102	AC0110-Cx	34.026	0.77
909	103	AC0111-Cx	34.026	0.77
910	104	AC0112-C		
911	105	AC0113-Cx	34.026	0.77
912	106	AC0114-C	34.026	0.77
913	107	AC0115-C	34.026	0.77
914	108	AC0116-C	34.026	0.77
915	109	AC0117-Cx	34.026	0.77
916	110	AC0118-C	34.026	0.77
917	111	AC0119-C	34.026	0.77
918	112	AC0120-C	34.026	0.77
919	113	AC0121-C	34.026	0.77
920	114	AC0122-C	34.026	0.77
921	115	AC0123-C	34.026	0.77
922	116	AC0124-C	34.026	0.77
923	117	AC0125-C	34.026	0.77
924	118	AC0126-Cx	34.026	0.77
925	119	AC0127-C		
926	120	AC0128-Cx	34.026	0.77
927	121	AC0129-C	34.026	0.77
928	122	AC0130-C	34.026	0.77
929	123	AC0131-C	34.026	0.77
930	124	AC0132-C	34.026	0.77
931	125	AC0133-C	34.026	0.77
932	126	AC0134-Cx		
933	127	AC0135-C	34.026	0.77
934	128	AC0136-C	34.026	0.77
935	129	AC0137-C	34.026	0.77
936	130	AC0138-Cx		
937	131	AC0139-C	34.026	0.77
938	132	AC0140-C	34.026	0.77
939	133	AC0141-C	34.026	0.77
940	134	AC0142-C	34.026	0.77
941	135	AC0143-C	34.026	0.77
942	136	AC0144-Cx	34.026	0.77
943	137	AC0145-Cx	34.026	0.77
944	138	AC0146-C	34.026	0.77
945	139	AC0147-Cx	34.026	0.77
946	140	AC0148-C	34.026	0.77
947	141	AC0149-Cx	34.026	0.77
948	142	AC0150-C	34.026	0.77
949	143	AC0151-C	34.026	0.77
950	144	AC0152-C	34.026	0.77
951	145	AC0153-C	34.026	0.77
952	146	AC0154-C	34.026	0.77
953	147	AC0155-C	34.026	0.77
954	148	AC0156-C	34.026	0.77
955	149	AC0157-C	34.026	0.77
956	150	AC0158-C	34.026	0.77
957	151	AC0159-C	34.026	0.77
958	152	AC0160-C		
959	153	AC0161-C	34.026	0.77
960	154	AC0162-Cx	34.026	0.77
961	155	AC0163-C	34.026	0.77
962	156	AC0164-C	34.026	0.77
963	157	AC0166-C	34.026	0.77
964	158	AC0167-C	34.026	0.77
965	159	AC0168-Cx		
966	160	AC0169-C	34.026	0.77
967	161	AC0170-C	34.026	0.77
968	162	AC0171-C	34.026	0.77
969	163	AC0172-C	34.026	0.77
970	164	AC0173-C	34.026	0.77
971	165	AC0174-Cx	34.026	0.77
972	166	AC0176-Cx	34.026	0.77
973	167	AC0177-C	34.026	0.77
974	168	AC0178-C	34.026	0.77
975	169	AC0179-C	34.026	0.77
976	170	AC0180-C	34.026	0.77
977	171	AC0181-C	34.026	0.77
978	172	AC0182-C	34.026	0.77
979	173	AC0183-C	34.026	0.77
980	174	AC0184-C		
981	175	AC0185-C	34.026	0.77
982	176	AC0186-C	34.026	0.77
983	177	AC0187-C	34.026	0.77
984	178	AC0188-C	34.026	0.77
985	179	AC0189-C	34.026	0.77
986	180	AC0190-C	34.026	0.77
987	181	AC0191-C	34.026	0.77
988	182	AC0192-C	34.026	0.77
989	183	AC0193-C	34.026	0.77
990	184	AC0194-C	34.026	0.77
991	185	AC0195-C	34.026	0.77
992	186	AC0196-C	34.026	0.77
993	187	AC0197-Cx	34.026	0.77
994	189	AC0199-C	34.026	0.77
995	190	AC0200-C	34.026	0.77
996	191	AC0201-Cx	34.026	0.77
997	192	AC0202-Cx	34.026	0.77
998	193	AC0203-C	34.026	0.77
999	194	AC0204-C	29.701	-0.751
1000	196	AC0206-C	29.701	-0.751
1001	197	AC0207-C	29.701	-0.751
1002	198	AC0208-C	29.701	-0.751
1003	199	AC0209-C	29.701	-0.751
1004	200	AC0210-C	29.701	-0.751
1005	201	AC0211-C	29.701	-0.751
1006	202	AC0212-C		
1007	203	AC0213-C	29.701	-0.751
1008	204	AC0214-C	29.701	-0.751
1009	205	AC0215-C	29.701	-0.751
1010	206	AC0216-C	29.701	-0.751
1011	207	AC0217-C		
1012	208	AC0218-C	29.701	-0.751
1013	209	AC0219-C	29.701	-0.751
1014	210	AC0220-C	29.701	-0.751
1015	211	AC0221-C	29.701	-0.751
1016	212	AC0222-C	29.701	-0.751
1017	213	AC0223-C	29.701	-0.751
1018	214	AC0224-C	29.701	-0.751
1019	215	AC0225-C	29.701	-0.751
1020	216	AC0226-C	29.701	-0.751
1021	217	AC0227-C	29.701	-0.751
1022	218	AC0228-C	29.701	-0.751
1023	219	AC0229-C	29.701	-0.751
1024	220	AC0230-C	29.701	-0.751
1025	221	AC0231-C	29.701	-0.751
1026	222	AC0232-C	29.701	-0.751
1027	223	AC0233-C	29.701	-0.751
1028	224	AC0234-C	29.701	-0.751
1029	225	AC0235-C	29.701	-0.751
1030	226	AC0236-C	29.701	-0.751
1031	227	AC0237-C	29.701	-0.751
1032	228	AC0238-C	29.701	-0.751
1033	229	AC0239-C		
1034	230	AC0240-C	29.701	-0.751
1035	231	AC0241-C	29.701	-0.751
1036	232	AC0242-C	29.701	-0.751
1037	233	AC0243-C	29.701	-0.751
1038	234	AC0244-C		
1039	235	AC0245-C	29.701	-0.751
1040	236	AC0246-C	29.701	-0.751
1041	237	AC0247-C	29.701	-0.751
1042	238	AC0248-C	29.701	-0.751
1043	239	AC0249-C		
1044	240	AC0250-C		
1045	241	AC0251-C		
1046	242	AC0252-C	29.701	-0.751
1047	243	AC0253-C	29.701	-0.751
1048	244	AC0254-C	29.701	-0.751
1049	245	AC0255-C	29.701	-0.751
1050	246	AC0256-C	29.701	-0.751
1051	247	AC0257-C	29.701	-0.751
1052	248	AC0258-C	29.701	-0.751
1053	249	AC0259-C	29.701	-0.751
1054	250	AC0260-C	29.701	-0.751
1055	251	AC0261-C	29.701	-0.751
1056	252	AC0262-C	29.701	-0.751
1057	253	AC0263-C	29.701	-0.751
1058	254	AC0264-C	29.701	-0.751
1059	255	AC0265-C	29.701	-0.751
1060	256	AC0266-C	29.701	-0.751
1061	257	AC0267-C	29.701	-0.751
1062	258	AC0268-C	29.701	-0.751
1063	259	AC0269-C	29.701	-0.751
1064	260	AC0270-C		
1065	261	AC0271-C	29.701	-0.751
1066	262	AC0272-C	29.701	-0.751
1067	263	AC0273-C	29.701	-0.751
1068	264	AC0274-C	29.701	-0.751
1069	265	AC0275-C	29.701	-0.751
1070	266	AC0276-C	29.701	-0.751
1071	267	AC0277-C		
1072	268	AC0278-C	29.701	-0.751
1073	269	AC0279-C	29.701	-0.751
1074	270	AC0280-C	29.701	-0.751
1075	271	AC0281-C	29.701	-0.751
1076	272	AC0282-C		
1077	273	AC0283-C	29.701	-0.751
1078	274	AC0284-C	29.701	-0.751
1079	275	AC0285-C	29.701	-0.751
1080	276	AC0286-C	29.701	-0.751
1081	277	AC0287-C	29.701	-0.751
1082	278	AC0288-C	29.701	-0.751
1083	279	AC0289-C	29.701	-0.751
1084	280	AC0290-C	29.701	-0.751
1085	281	AC0291-C	29.701	-0.751
1086	282	AC0292-C	29.701	-0.751
1087	283	AC0293-C	29.701	-0.751
1088	284	AC0294-C	29.701	-0.751
1089	285	AC0295-C	29.701	-0.751
1090	286	AC0296-C		
1091	287	AC0297-C	29.701	-0.751
1092	288	AC0298-C		
1093	289	AC0299-C	29.701	-0.751
1094	5	BL0052-C	31.621	-1.962
1095	6	BL0054-C	31.621	-1.962
1096	8	BL0058-C	31.621	-1.962
1097	13	BL0063-C	31.621	-1.962
1098	14	BL0065-C	31.621	-1.962
1099	25	BL0078-C	31.621	-1.962
1100	26	BL0079-C	31.621	-1.962
1101	45	BL0100-C	31.621	-1.962
1102	46	BL0101-C	31.621	-1.962
1103	47	BL0102-C	31.621	-1.962
1104	48	BL0103-C	31.621	-1.962
1105	49	BL0105-C	31.621	-1.962
1106	50	BL0106-C	31.621	-1.962
1107	51	BL0107-C	31.621	-1.962
1108	52	BL0108-C	31.621	-1.962
1109	53	BL0109-C		
1110	54	BL0110-C	31.621	-1.962
1111	55	BL0111-C	31.621	-1.962
1112	56	BL0112-C	31.621	-1.962
1113	58	BL0114-C		
1114	59	BL0115-C	31.621	-1.962
1115	60	BL0116-C	31.621	-1.962
1116	61	BL0117-C	31.621	-1.962
1117	96	BL0119-C	31.621	-1.962
1118	97	BL0120-C	31.621	-1.962
1119	98	BL0121-C	31.621	-1.962
1120	99	BL0124-C	31.621	-1.962
1121	100	BL0125-C	31.621	-1.962
1122	103	BL0128-C	31.621	-1.962
1123	109	BL0137-C	31.621	-1.962
1124	110	BL0138-C	31.621	-1.962
1125	114	BL0142-C	31.621	-1.962
1126	256	BL0346-C	38.948	-4.94
1127	257	BL0347-C	38.948	-4.94
1128	258	BL0348-C	38.948	-4.94
1129	259	BL0350-C	38.948	-4.94
1130	260	BL0351-C	38.948	-4.94
1131	262	BL0353-C	38.948	-4.94
1132	263	BL0354-C	38.948	-4.94
1133	264	BL0356-C	38.948	-4.94
1134	265	BL0357-C	38.948	-4.94
1135	267	BL0359-C	38.948	-4.94
1136	269	BL0361-C	38.948	-4.94
1137	270	BL0362-C	38.948	-4.94
1138	271	BL0363-C	38.948	-4.94
1139	273	BL0366-C	38.948	-4.94
1140	275	BL0368-C	38.948	-4.94
1141	276	BL0370-C	38.948	-4.94
1142	277	BL0371-C	38.948	-4.94
1143	278	BL0372-C	38.948	-4.94
1144	280	BL0375-C		
1145	281	BL0376-C	38.948	-4.94
1146	282	BL0377-C	38.948	-4.94
1147	283	BL0378-C	38.948	-4.94
1148	284	BL0379-C		
1149	285	BL0380-C	38.948	-4.94
1150	286	BL0381-C	38.948	-4.94
1151	287	BL0382-C	38.948	-4.94
1152	288	BL0383-C	38.948	-4.94
1153	289	BL0384-C	38.948	-4.94
1154	290	BL0385-C		
1155	291	BL0386-C		
1156	292	BL0387-C	38.948	-4.94
1157	293	BL0388-C	38.948	-4.94
1158	294	BL0389-C	38.948	-4.94
1159	295	BL0391-C	38.948	-4.94
1160	296	BL0392-C	38.948	-4.94
1161	297	BL0393-C	38.948	-4.94
1162	2	AN0325-C	12.629	6.469
1163	3	AN0408-C	11.516	3.972
1164	5	AN0326-C	12.629	6.469
1165	10	AN0585-CW	10.868	5.726
1166	11	AN0577-CW	10.868	5.726
1167	12	AN0586-CW	10.868	5.726
1168	16	AN0578-CW	10.868	5.726
1169	17	AN0587-CW	10.868	5.726
1170	19	AN0579-CW	10.868	5.726
1171	20	AN0588-CW		
1172	22	AN0580-CW	10.868	5.726
1173	24	AN0581-CW		
1174	26	AN0574-CW	9.983	2.367
1175	27	AN0582-CW	10.868	5.726
1176	29	AN0626-CW	11.516	3.972
1177	30	AN0398-CW	11.516	3.972
1178	32	AN0405-CW	11.516	3.972
1179	37	AN0624-CW	11.516	3.972
1180	38	AN0643-CW	11.11	5.88
1181	39	AN0495-CW	11.141	6.097
1182	40	AN0499-CW	10.868	5.726
1183	41	AN0500-CW	10.868	5.726
1184	42	AN0503-CW	10.868	5.726
1185	0	AB0085-Cx	-4.235	11.151
1186	1	AB0086-Cx	-4.235	11.151
1187	10	AB0096-C	-4.472	11.233
1188	16	AB0103-C	-4.472	11.233
1189	17	AB0104-Cx	-4.472	11.233
1190	25	AB0116-C	-4.472	11.233
1191	26	AB0117-C	-4.472	11.233
1192	27	AB0118-C	-4.472	11.233
1193	28	AB0119-C	-4.472	11.233
1194	33	AB0126-Cx	-4.472	11.233
1195	34	AB0127-C	-4.472	11.233
1196	35	AB0128-C	-4.472	11.233
1197	36	AB0129-C	-4.472	11.233
1198	37	AB0130-Cx	-4.472	11.233
1199	40	AB0133-C	-4.235	11.238
1200	41	AB0134-C	-4.235	11.238
1201	42	AB0135-C	-4.235	11.238
1202	43	AB0136-Cx		
1203	49	AB0143-Cx	-4.235	11.238
1204	50	AB0144-C	-4.235	11.238
1205	51	AB0145-C	-4.235	11.238
1206	52	AB0146-Cx	-4.235	11.238
1207	53	AB0147-C	-4.235	11.238
1208	54	AB0148-Cx	-4.235	11.238
1209	55	AB0150-Cx	-4.472	11.233
1210	56	AB0151-Cx	-4.472	11.233
1211	57	AB0153-C	-4.472	11.233
1212	58	AB0155-Cx	-4.472	11.233
1213	59	AB0157-Cx	-4.472	11.233
1214	60	AB0158-Cx	-4.472	11.233
1215	61	AB0159-C	-4.472	11.233
1216	62	AB0160-Cx	-4.472	11.233
1217	63	AB0161-C	-4.472	11.233
1218	64	AB0162-C	-4.235	11.151
1219	65	AB0164-C	-4.235	11.151
1220	66	AB0165-C	-4.235	11.151
1221	67	AB0166-C	-4.235	11.151
1222	68	AB0167-C	-4.235	11.151
1223	69	AB0169-C	-4.235	11.151
1224	70	AB0170-C	-4.235	11.151
1225	71	AB0171-Cx	-4.235	11.151
1226	72	AB0172-Cx	-4.235	11.151
1227	73	AB0173-C	-4.235	11.151
1228	74	AB0174-C	-4.235	11.151
1229	75	AB0175-Cx	-4.235	11.151
1230	76	AB0176-Cx	-4.235	11.151
1231	77	AB0177-C	-4.235	11.151
1232	78	AB0178-C	-4.235	11.151
1233	79	AB0179-Cx		
1234	80	AB0180-Cx	-4.235	11.151
1235	96	AB0197-C	-4.235	11.151
1236	97	AB0198-C	-4.235	11.151
1237	98	AB0199-C		
1238	99	AB0200-C	-4.235	11.151
1239	100	AB0201-Cx	-4.235	11.151
1240	101	AB0202-Cx	-4.235	11.151
1241	102	AB0203-C	-4.235	11.151
1242	104	AB0205-C	-4.235	11.151
1243	105	AB0206-C	-4.235	11.151
1244	106	AB0207-C	-4.235	11.238
1245	107	AB0208-C	-4.235	11.238
1246	110	AB0211-C	-4.472	11.233
1247	116	AB0217-C		
1248	117	AB0218-C	-4.235	11.238
1249	123	AB0225-C	-4.235	11.238
1250	126	AB0228-C	-4.235	11.238
1251	129	AB0231-C	-4.235	11.238
1252	130	AB0232-Cx	-4.235	11.238
1253	131	AB0233-C	-4.235	11.238
1254	133	AB0235-C		
1255	134	AB0236-Cx	-4.235	11.238
1256	136	AB0238-C	-4.235	11.238
1257	137	AB0239-C		
1258	139	AB0241-C	-4.235	11.238
1259	142	AB0244-C	-4.235	11.238
1260	148	AB0251-C	-4.235	11.238
1261	149	AB0252-C	-4.235	11.238
1262	150	AB0253-C	-4.235	11.238
1263	151	AB0255-C	-4.235	11.151
1264	152	AB0256-C	-4.235	11.151
1265	156	AB0260-C	-4.235	11.151
1266	157	AB0261-Cx	-4.235	11.151
1267	160	AB0264-C	-4.235	11.151
1268	161	AB0265-C	-4.235	11.151
1269	164	AB0268-C	-4.235	11.151
1270	165	AB0269-Cx		
1271	166	AB0270-C	-4.235	11.151
1272	167	AB0271-Cx	-4.235	11.151
1273	168	AB0272-Cx	-4.235	11.151
1274	169	AB0273-Cx	-4.235	11.151
1275	170	AB0274-C	-4.235	11.151
1276	171	AB0275-C	-4.235	11.151
1277	173	AB0277-C	-4.235	11.151
1278	174	AB0278-C	-4.235	11.151
1279	176	AB0280-Cx	-4.235	11.151
1280	177	AB0281-Cx		
1281	179	AB0283-C	-4.235	11.151
1282	180	AB0284-C	-4.235	11.151
1283	3	AA0050-C	-0.219	5.668
1284	13	AA0059-C	-0.261	6.094
1285	14	AA0084-C	-0.219	5.668
1286	16	AA0106-C	-0.261	6.094
1287	18	AA0060-C	-0.219	5.668
1288	24	AA0119-C	-0.261	6.094
1289	25	AA0061-C	-0.219	5.668
1290	32	AA0105-C	-0.261	6.094
1291	33	AA0070-C	-0.261	6.094
1292	39	AA0093-C	-0.261	6.094
1293	43	AA0129-C		
1294	44	AA0094-C	-0.261	6.094
1295	45	AA0118-C		
1296	46	AA0071-C	-0.261	6.094
1297	49	AA0047-C	-0.261	6.094
1298	52	AA0046-C	-0.261	6.094
1299	53	AA0095-C	-0.261	6.094
1300	58	AA0069-C	-0.261	6.094
1301	60	AA0133-C	-0.219	5.668
1302	66	AA0117-C	-0.261	6.094
1303	67	AA0131-C	-0.261	6.094
1304	68	AA0096-C	-0.219	5.668
1305	71	AA0130-C	-0.261	6.094
1306	73	AA0085-C	-0.219	5.668
1307	74	AA0048-C	-0.219	5.668
1308	77	AA0058-C	-0.261	6.094
1309	79	AA0062-C	-0.219	5.668
1310	83	AA0081-C	-0.261	6.094
1311	84	AA0082-C	-0.261	6.094
1312	86	AA0122-C	-0.219	5.668
1313	87	AA0137-C	-0.261	6.094
1314	91	AA0086-C	-0.219	5.668
1315	94	AA0057-C	-0.261	6.094
1316	97	AA0045-C	-0.261	6.094
1317	98	AA0072-C		
1318	99	AA0108-C	-0.219	5.668
1319	36	AB0373-C	-4.472	11.233
1320	37	AB0374-C	-4.472	11.233
1321	38	AB0375-C	-4.472	11.233
1322	39	AB0378-C	-4.472	11.233
1323	40	AB0379-C	-4.472	11.233
1324	41	AB0381-C		
1325	42	AB0386-C	-4.472	11.233
1326	43	AB0388-C	-4.472	11.233
1327	44	AB0389-C	-4.472	11.233
1328	56	AB0432-C	-4.472	11.233
1329	57	AB0433-C	-4.472	11.233
1330	58	AB0435-C	-4.472	11.233
1331	59	AB0436-C	-4.472	11.233
1332	60	AB0439-C	-4.472	11.233
1333	61	AB0440-C	-4.472	11.233
1334	63	AB0458-C	-4.235	11.151
1335	64	AB0459-C	-4.235	11.151
1336	65	AB0460-C	-4.235	11.151
1337	66	AB0462-C	-4.235	11.151
1338	67	AB0463-C	-4.235	11.151
1339	68	AB0465-C	-4.235	11.151
1340	69	AB0466-C	-4.235	11.151
1341	70	AB0467-C	-4.235	11.151
1342	71	AB0468-C	-4.235	11.151
1343	72	AB0469-C	-4.235	11.151
1344	73	AB0470-C	-4.235	11.151
1345	74	AB0471-C	-4.235	11.151
1346	75	AB0472-C	-4.235	11.151
1347	76	AB0473-C	-4.235	11.151
1348	77	AB0474-C	-4.235	11.151
1349	78	AB0477-C	-4.235	11.151
1350	81	AB0504-C	-4.235	11.238
1351	86	AB0517-C	-4.235	11.238
1352	88	AB0524-C	-4.235	11.238
1353	89	AB0525-C	-4.235	11.238
1354	90	AB0526-C	-4.235	11.238
1355	91	AB0527-C	-4.235	11.238
1356	92	AB0528-C	-4.235	11.238
1357	93	AB0529-C	-4.235	11.238
1358	94	AB0530-C	-4.235	11.238
1359	95	AB0531-C	-4.235	11.238
1360	96	AB0532-C	-4.235	11.238
1361	97	AB0533-C	-4.235	11.238
1362	98	AB0536-C	-4.235	11.238
1363	99	AB0537-C	-4.235	11.238
1364	100	AB0538-C	-4.235	11.238
1365	20	AG0442-CW	-15.9	13.583
1366	22	AG0445-CW	-15.9	13.583
1367	23	AG0446-CW	-15.9	13.583
1368	24	AG0448-CW	-15.9	13.583
1369	25	AG0450-CW	-15.9	13.583
1370	28	AG0455-CW	-15.9	13.583
1371	29	AG0456-CW	-15.9	13.583
1372	30	AG0460-CW	-15.9	13.583
1373	0	AB0293-C	14.242	10.425
1374	1	AB0294-C	14.242	10.425
1375	2	AB0295-C	14.242	10.425
1376	3	AB0297-C	14.236	10.342
1377	4	AN0418-C		
1378	5	AN0419-C	14.228	10.462
1379	6	AN0421-C	14.254	10.3
1380	7	AN0423-C	14.217	10.256
1381	8	AN0424-C	14.188	10.211
1382	9	AN0425-C	14.143	10.188
1383	10	AN0426-C	14.143	10.188
1384	11	AN0427-C	14.143	10.188
1385	12	AN0428-C	14.143	10.188
1386	13	AN0430-C		
1387	14	AN0431-C	14.149	10.05
1388	15	AN0433-C	11.632	4.332
1389	16	AN0434-C		
1390	17	AN0435-C	11.535	4.166
1391	18	AN0436-C	11.539	3.87
1392	19	AN0437-C	11.507	3.805
1393	20	AN0438-C		
1394	21	AN0440-C	11.507	3.805
1395	22	AN0442-C	11.507	3.805
1396	23	AN0443-C	10.457	5.479
1397	24	AN0444-C	10.457	5.479
1398	25	AN0445-C		
1399	26	AN0448-C	11.632	4.332
1400	27	AN0449-C	11.632	4.332
1401	28	AN0451-C	11.632	4.332
1402	29	AN0453-C	14.143	10.188
1403	30	AN0454-C	14.212	10.708
1404	31	AN0455-C	14.29	10.658
1405	32	AN0457-C	14.255	10.495
1406	33	AN0458-C	14.255	10.495
1407	35	AN0466-C		
1408	36	AN0468-C	14.217	10.256
1409	37	AN0469-C	14.217	10.256
1410	38	AN0470-C	14.188	10.211
1411	39	AN0471-C	14.188	10.211
1412	40	AN0474-C	14.143	10.188
1413	41	AN0475-C	14.149	10.05
1414	42	AN0476-C	13.905	9.764
1415	43	AN0477-C	13.864	9.784
1416	44	AN0478-C	13.823	9.513
1417	45	AN0479-C	13.594	9.438
1418	46	AN0480-C	13.56	9.424
1419	53	VBS02039-4431STDY6672907	13.133	6.997
1420	54	VBS02040-4431STDY6672908	13.132	6.915
1421	55	VBS02041-4431STDY6672909	13.174	6.806
1422	56	VBS02042-4431STDY6672910	13.111	6.751
1423	57	VBS02043-4431STDY6672911		
1424	58	VBS02044-4431STDY6672912	10.593	5.484
1425	59	VBS02045-4431STDY6672913	11.519	3.369
1426	60	VBS02046-4431STDY6672914		
1427	61	VBS02047-4431STDY6672915	10.056	2.855
1428	62	VBS02048-4431STDY6672916	9.927	2.949
1429	63	VBS02003-4431STDY6672871	14.242	10.425
1430	64	VBS02004-4431STDY6672872	14.228	10.368
1431	65	VBS02005-4431STDY6672873	14.193	10.102
1432	66	VBS02006-4431STDY6672874	13.95	9.765
1433	67	VBS02007-4431STDY6672875	13.859	9.703
1434	68	VBS02008-4431STDY6672876	13.823	9.513
1435	69	VBS02009-4431STDY6672877	13.56	9.424
1436	70	VBS02010-4431STDY6672878	13.506	9.119
1437	71	VBS02011-4431STDY6672879	13.506	9.119
1438	72	VBS02012-4431STDY6672880	13.533	8.981
1439	73	VBS02014-4431STDY6672882	13.52	8.801
1440	74	VBS02015-4431STDY6672883		
1441	75	VBS02016-4431STDY6672884	13.54	8.722
1442	76	VBS02017-4431STDY6672885	13.54	8.722
1443	77	VBS02018-4431STDY6672886	13.516	8.579
1444	78	VBS02020-4431STDY6672888	13.603	8.513
1445	79	VBS02021-4431STDY6672889	13.603	8.513
1446	80	VBS02022-4431STDY6672890	13.644	8.476
1447	81	VBS02023-4431STDY6672891	13.714	8.394
1448	82	VBS02024-4431STDY6672892	13.714	8.394
1449	83	VBS02025-4431STDY6672893	13.641	8.199
1450	84	VBS02026-4431STDY6672894	13.607	7.902
1451	85	VBS02027-4431STDY6672895	13.581	7.82
1452	86	VBS02028-4431STDY6672896	13.581	7.82
1453	87	VBS02029-4431STDY6672897	13.547	7.783
1454	88	VBS02030-4431STDY6672898	13.551	7.399
1455	89	VBS02031-4431STDY6672899	13.578	7.354
1456	90	VBS02032-4431STDY6672900	13.554	7.3
1457	91	VBS02033-4431STDY6672901	13.554	7.3
1458	92	VBS02034-4431STDY6672902	13.462	7.335
1459	93	VBS02035-4431STDY6672903	13.462	7.335
1460	94	VBS02036-4431STDY6672904	13.4	7.323
1461	95	VBS02037-4431STDY6672905	13.4	7.323
1462	96	VBS02038-4431STDY6672906	13.209	7.107
1463	0	AJ0023-C	-15.582	11.891
1464	6	AJ0039-C		
1465	13	AJ0056-C		
1466	14	AJ0059-C	-15.582	11.891
1467	15	AJ0061-C	-15.582	11.891
1468	19	AJ0071-C	-15.582	11.891
1469	20	AJ0072-C	-15.582	11.891
1470	29	AJ0085-C	-15.582	11.891
1471	37	AJ0097-C	-15.582	11.891
1472	43	AJ0107-C	-15.582	11.891
1473	45	AJ0113-C	-15.582	11.891
1474	49	AJ0117-C		
1475	52	AJ0120-C	-14.222	12.272
1476	53	AJ0121-C		
1477	54	AJ0122-C	-14.222	12.272
1478	55	AJ0123-C	-14.222	12.272
1479	56	AJ0124-C	-14.222	12.272
1480	57	AJ0125-C	-14.222	12.272
1481	58	AJ0126-C	-14.222	12.272
1482	59	AJ0127-C	-14.222	12.272
1483	63	AJ0131-C	-15.649	11.957
1484	65	AJ0133-C	-15.649	11.957
1485	70	AJ0138-C	-15.649	11.957
1486	72	AJ0140-C	-15.649	11.957
1487	77	AJ0145-C	-15.649	11.957
1488	87	AJ0155-C	-15.649	11.957
1489	94	AJ0038-C	-15.582	11.891
1490	95	AJ0049-C	-15.582	11.891
1491	1	AG0159-C	-15.9	13.55
1492	2	AG0232-C	-15.9	13.55
1493	3	AG0129-C	-15.9	13.55
1494	4	AG0153-C	-15.9	13.55
1495	5	AG0163-C	-15.9	13.55
1496	8	AG0229-C	-15.9	13.55
1497	10	AG0098-C	-15.9	13.55
1498	11	AG0104-C	-15.9	13.55
1499	12	AG0106-C	-15.9	13.55
1500	14	AG0136-C	-15.9	13.55
1501	15	AG0141-C	-15.9	13.55
1502	16	AG0145-C	-15.9	13.55
1503	17	AG0148-C	-15.9	13.55
1504	19	AG0179-C	-15.9	13.55
1505	20	AG0223-C	-15.9	13.55
1506	22	AG0119-C	-15.9	13.55
1507	23	AG0121-C	-15.9	13.55
1508	24	AG0133-C	-15.9	13.55
1509	25	AG0134-C	-15.9	13.55
1510	26	AG0138-C	-15.9	13.55
1511	28	AG0231-C	-15.9	13.55
1512	29	AG0102-C	-15.9	13.55
1513	30	AG0108-C	-15.9	13.55
1514	31	AG0123-C	-15.9	13.55
1515	32	AG0128-C	-15.9	13.55
1516	33	AG0137-C	-15.9	13.55
1517	34	AG0139-C	-15.9	13.55
1518	35	AG0143-C	-15.9	13.55
1519	36	AG0162-C	-15.9	13.55
1520	37	AG0170-C	-15.9	13.55
1521	39	AG0085-C	-15.9	13.55
1522	41	AG0126-C		
1523	42	AG0152-C	-15.9	13.55
1524	43	AG0183-C	-15.9	13.55
1525	44	AG0208-C	-15.9	13.55
1526	50	AG0144-C	-15.9	13.55
1527	51	AG0156-C	-15.9	13.55
1528	53	AG0221-C	-15.9	13.55
1529	55	AG0082-C	-15.9	13.55
1530	56	AG0097-C	-15.9	13.55
1531	58	AG0109-C	-15.9	13.55
1532	59	AG0124-C	-15.9	13.55
1533	60	AG0142-C	-15.9	13.55
1534	61	AG0146-C		
1535	62	AG0169-C	-15.9	13.55
1536	63	AG0178-C	-15.9	13.55
1537	65	AG0089-C	-15.9	13.55
1538	66	AG0111-C	-15.9	13.55
1539	67	AG0125-C	-15.9	13.55
1540	68	AG0197-C	-15.9	13.55
1541	69	AG0202-C	-15.9	13.55
1542	70	AG0203-C	-15.9	13.55
1543	73	AG0263-C	-15.9	13.55
1544	0	AS0001-C	9.455	0.384
1545	1	AS0002-Cx	9.455	0.384
1546	2	AS0003-C	9.455	0.384
1547	3	AS0004-C	9.455	0.384
1548	4	AS0005-C	9.455	0.384
1549	5	AS0006-C	9.455	0.384
1550	6	AS0007-C		
1551	7	AS0008-Cx		
1552	8	AS0009-C	9.455	0.384
1553	9	AS0010-C	9.455	0.384
1554	10	AS0011-C	9.455	0.384
1555	11	AS0012-C		
1556	12	AS0013-C	9.455	0.384
1557	13	AS0014-Cx	9.455	0.384
1558	14	AS0015-Cx	9.455	0.384
1559	15	AS0016-C	9.455	0.384
1560	16	AS0017-C	9.455	0.384
1561	17	AS0018-C	9.455	0.384
1562	18	AS0019-Cx	9.455	0.384
1563	19	AS0020-C	9.455	0.384
1564	20	AS0021-C	9.455	0.384
1565	21	AS0022-C	9.455	0.384
1566	22	AS0023-Cx	9.455	0.384
1567	23	AS0024-Cx	9.455	0.384
1568	24	AS0026-C	9.455	0.384
1569	25	AS0027-Cx	9.455	0.384
1570	26	AS0028-C	9.455	0.384
1571	27	AS0029-C	9.455	0.384
1572	28	AS0030-C	9.455	0.384
1573	29	AS0032-C	9.455	0.384
1574	30	AS0033-C	9.455	0.384
1575	31	AS0034-C	9.455	0.384
1576	32	AS0035-Cx	9.455	0.384
1577	33	AS0036-C	9.455	0.384
1578	34	AS0037-C		
1579	35	AS0039-C		
1580	36	AS0040-C	9.455	0.384
1581	37	AS0041-C	9.455	0.384
1582	38	AS0042-C	9.455	0.384
1583	39	AS0044-Cx	9.455	0.384
1584	40	AS0045-Cx	9.455	0.384
1585	41	AS0046-C	9.455	0.384
1586	42	AS0047-C	9.455	0.384
1587	43	AS0048-C	9.455	0.384
1588	44	AS0049-C	9.455	0.384
1589	45	AS0051-C	9.455	0.384
1590	46	AS0052-C	9.455	0.384
1591	47	AS0053-C		
1592	48	AS0054-C	9.455	0.384
1593	49	AS0055-C	9.455	0.384
1594	50	AS0056-C	9.455	0.384
1595	51	AS0057-C	9.455	0.384
1596	52	AS0058-Cx		
1597	53	AS0059-C	9.455	0.384
1598	54	AS0060-C	9.455	0.384
1599	55	AS0062-C	9.455	0.384
1600	56	AS0064-C	9.455	0.384
1601	57	AS0065-C	9.455	0.384
1602	58	AS0066-C	9.455	0.384
1603	59	AS0068-C	9.455	0.384
1604	60	AS0069-C	9.455	0.384
1605	61	AS0070-C	9.455	0.384
1606	62	AS0071-C	9.455	0.384
1607	63	AS0072-Cx		
1608	64	AS0073-C	9.455	0.384
1609	65	AS0074-C	9.455	0.384
1610	66	AS0076-C	9.455	0.384
1611	67	AS0077-C	9.455	0.384
1612	68	AS0078-C	9.455	0.384
