	sampleID	x	y
0	4351082778	-4.235	11.15
1	4351083302	-1.5490000000000002	5.609
2	4351152411	-15.582	11.890999999999998
3	4351521306	-15.649	11.957
4	4351724486	13.302	-8.884
5	4351728211	-7.84	12.68
6	4351735004	35.299	-23.716
7	4351826819	-4.472	11.233
8	4351873968	14.442	5.747000000000001
9	4351896077	-4.472	11.233
10	4351896596	-4.823	5.898
11	4351900285	-15.649	11.957
12	4351930229	-1.17	12.06
13	4351944134	8.7	3.7
14	4351998764	39.909	-3.511
15	4352011796	31.651	-1.962
16	4352013342	-15.649	11.957
17	4352031257	-14.917	13.567
18	4352032503	-8.45	11.88
19	4352049470	39.909	-3.511
20	4352079681	34.026	0.77
21	4352095132	39.909	-3.511
22	4352095460	-8.33	11.47
23	4352095723	13.558	4.341
24	4352138995	-16.033	13.417
25	4352150734	29.701	-0.7509999999999999
26	4352153194	29.701	-0.7509999999999999
27	4352165877	-4.823	5.898
28	4352174465	13.302	-8.884
29	4352179358	-1.17	12.06
30	4352184429	-4.235	11.15
31	4352196749	-4.235	11.15
32	4352204279	18.583	4.367
33	4352212190	-4.535	11.235
34	4352212391	-8.33	11.47
35	4352215869	-14.917	13.567
36	4352222127	-4.535	11.235
37	4352227532	9.455	0.384
38	4352247271	29.701	-0.7509999999999999
39	4352249219	39.909	-3.511
40	4352266563	-15.582	11.890999999999998
41	4352270387	-15.649	11.957
42	4352275313	-4.823	5.898
43	4352282035	34.026	0.77
44	4352284762	13.558	4.341
45	4352298187	-14.917	13.567
46	4352309044	13.302	-8.884
47	4352325376	-10.03	9.28
48	4352327970	39.909	-3.511
49	4352330754	13.302	-8.884
50	4352334922	-0.2189999999999999	5.667999999999999
51	4352350510	-15.9	13.583
52	4352351339	14.143	10.188
53	4352353282	29.701	-0.7509999999999999
54	4352359889	-14.917	13.567
55	4352363869	-14.917	13.567
56	4352370694	-9.53	8.48
57	4352372873	13.302	-8.884
58	4352377652	39.909	-3.511
59	4352381562	29.701	-0.7509999999999999
60	4352384252	-14.917	13.567
61	4352386460	-4.535	11.235
62	4352389762	-15.582	11.890999999999998
63	4352395499	-10.03	9.28
64	4352400477	34.026	0.77
65	4352408566	39.909	-3.511
66	4352411123	-4.472	11.233
67	4352412248	29.701	-0.7509999999999999
68	4352414776	13.462	7.335
69	4352419598	-4.535	11.235
70	4352419855	-8.45	11.88
71	4352420655	-0.261	6.093999999999999
72	4352424941	-10.03	9.28
73	4352426517	35.299	-23.716
74	4352430767	13.302	-8.884
75	4352432415	-15.9	13.55
76	4352433357	-15.9	13.55
77	4352434284	-4.472	11.233
78	4352434502	34.026	0.77
79	4352434510	-16.033	13.417
80	4352435274	-1.17	12.06
81	4352436021	-10.03	9.28
82	4352438411	-8.15	12.89
83	4352440407	13.864	9.784
84	4352441723	35.299	-23.716
85	4352441990	-4.472	11.233
86	4352448479	13.558	4.341
87	4352451715	9.455	0.384
88	4352452805	-4.472	11.233
89	4352456265	-4.472	11.233
90	4352458434	39.909	-3.511
91	4352460172	-9.53	8.48
92	4352472819	-7.81	10.83
93	4352472997	34.026	0.77
94	4352475221	-4.472	11.233
95	4352487329	-4.535	11.235
96	4352495352	14.242	10.425
97	4352498893	-4.235	11.15
98	4352499307	-8.15	12.89
99	4352500478	35.299	-23.716
100	4352500821	-15.582	11.890999999999998
101	4352500937	-4.535	11.235
102	4352501152	-8.15	12.89
103	4352502212	-4.472	11.233
104	4352504004	14.442	5.747000000000001
105	4352505018	-14.917	13.567
106	4352505033	-4.535	11.235
107	4352506331	-15.582	11.890999999999998
108	4352507098	29.701	-0.7509999999999999
109	4352512151	13.302	-8.884
110	4352520970	-10.03	9.28
111	4352525964	-15.9	13.55
112	4352526024	-15.582	11.890999999999998
113	4352526355	-1.774	4.912
114	4352532533	18.583	4.367
115	4352542414	34.026	0.77
116	4352545204	-14.917	13.567
117	4352546667	-1.774	4.912
118	4352547535	-4.823	5.898
119	4352548679	13.844	4.777
120	4352552134	29.701	-0.7509999999999999
121	4352557514	9.455	0.384
122	4352558227	13.844	4.777
123	4352561039	-9.53	8.48
124	4352567653	-9.53	8.48
125	4352570826	-4.472	11.233
126	4352571785	13.302	-8.884
127	4352572297	-0.2189999999999999	5.667999999999999
128	4352572527	-1.774	4.912
129	4352573278	-0.261	6.093999999999999
130	4352575402	38.948	-4.94
131	4352575836	-4.472	11.233
132	4352576899	-15.9	13.55
133	4352578218	-9.53	8.48
134	4352581357	-15.582	11.890999999999998
135	4352582630	-4.235	11.15
136	4352583150	13.558	4.341
137	4352585217	13.302	-8.884
138	4352585712	31.651	-1.962
139	4352586711	-9.53	8.48
140	4352587686	-9.53	8.48
141	4352588172	29.701	-0.7509999999999999
142	4352588523	13.133	6.997000000000001
143	4352589772	-14.917	13.567
144	4352590811	13.844	4.777
145	4352591930	13.844	4.777
146	4352594205	-14.917	13.567
147	4352594217	13.302	-8.884
148	4352594507	21.017	4.283
149	4352595480	-14.917	13.567
150	4352595869	-14.917	13.567
151	4352598131	10.868	5.726
152	4352598728	39.909	-3.511
153	4352599400	31.651	-1.962
154	4352600241	14.228	10.368
155	4352601106	13.558	4.341
156	4352601312	13.302	-8.884
157	4352604539	39.909	-3.511
158	4352604564	-4.235	11.15
159	4352605041	-14.917	13.567
160	4352605070	-14.917	13.567
161	4352607668	-14.917	13.567
162	4352607942	-14.917	13.567
163	4352610651	-15.582	11.890999999999998
164	4352612631	34.026	0.77
165	4352612775	-15.9	13.55
166	4352614303	-8.15	12.89
167	4352618698	-8.45	11.88
168	4352620311	39.909	-3.511
169	4352620975	13.558	4.341
170	4352625945	-15.9	13.55
171	4352626138	-15.582	11.890999999999998
172	4352626597	-1.17	12.06
173	4352627510	-10.03	9.28
174	4352629436	13.558	4.341
175	4352632214	-14.917	13.567
176	4352634717	9.455	0.384
177	4352637922	34.026	0.77
178	4352638823	13.558	4.341
179	4352639159	-9.53	8.48
180	4352639996	14.442	5.747000000000001
181	4352642574	39.909	-3.511
182	4352645415	-4.472	11.233
183	4352647019	13.844	4.777
184	4352650035	-4.235	11.15
185	4352650968	-0.261	6.093999999999999
186	4352652668	14.442	5.747000000000001
187	4352652867	-9.53	8.48
188	4352654070	13.844	4.777
189	4352655531	-0.2189999999999999	5.667999999999999
190	4352660018	29.701	-0.7509999999999999
191	4352661913	-15.582	11.890999999999998
192	4352662912	13.844	4.777
193	4352662936	29.701	-0.7509999999999999
194	4352665906	9.455	0.384
195	4352667122	-14.917	13.567
196	4352669909	-8.15	12.89
197	4352671178	31.651	-1.962
198	4352672421	-10.03	9.28
199	4352673704	-14.917	13.567
200	4352674097	8.7	3.7
201	4352674118	-4.235	11.15
202	4352677578	21.017	4.283
203	4352680839	-10.03	9.28
204	4352681552	29.701	-0.7509999999999999
205	4352682218	34.026	0.77
206	4352682601	35.299	-23.716
207	4352682603	35.299	-23.716
208	4352682756	-4.823	5.898
209	4352684015	18.583	4.367
210	4352686523	35.299	-23.716
211	4352687453	-15.9	13.55
212	4352688753	-6.13	13.2
213	4352689750	-8.33	11.47
214	4352689868	13.558	4.341
215	4352690173	-14.917	13.567
216	4352690400	14.442	5.747000000000001
217	4352691552	-4.823	5.898
218	4352691753	14.442	5.747000000000001
219	4352694664	-14.917	13.567
220	4352694738	38.948	-4.94
221	4352695739	-9.53	8.48
222	4352695853	38.948	-4.94
223	4352700304	-4.235	11.15
224	4352703307	14.442	5.747000000000001
225	4352705979	-10.03	9.28
226	4352706360	-14.917	13.567
227	4352706704	29.701	-0.7509999999999999
228	4352706794	-1.5490000000000002	5.609
229	4352708691	-15.9	13.55
230	4352709758	-5.9	13.21
231	4352712242	21.017	4.283
232	4352712369	39.909	-3.511
233	4352713913	38.948	-4.94
234	4352714545	-5.9	13.21
235	4352715563	13.558	4.341
236	4352715690	-15.582	11.890999999999998
237	4352716031	13.302	-8.884
238	4352716385	29.701	-0.7509999999999999
239	4352716508	39.909	-3.511
240	4352716789	-4.472	11.233
241	4352716946	14.442	5.747000000000001
242	4352718585	-4.472	11.233
243	4352719461	35.299	-23.716
244	4352719601	29.701	-0.7509999999999999
245	4352722984	18.583	4.367
246	4352725909	14.442	5.747000000000001
247	4352726077	-10.03	9.28
248	4352726078	-10.03	9.28
249	4352729030	-8.15	12.89
250	4352730592	12.629	6.468999999999999
251	4352730625	-16.033	13.417
252	4352731351	-4.535	11.235
253	4352732732	-4.823	5.898
254	4352735974	-9.53	8.48
255	4352736248	-5.9	13.21
256	4352736722	-4.472	11.233
257	4352738213	-8.15	12.89
258	4352739237	34.026	0.77
259	4352739978	35.299	-23.716
260	4352740353	38.948	-4.94
261	4352740570	14.442	5.747000000000001
262	4352740607	31.651	-1.962
263	4352741025	-0.261	6.093999999999999
264	4352741341	-9.53	8.48
265	4352742635	-8.15	12.89
266	4352744092	34.026	0.77
267	4352744305	38.948	-4.94
268	4352744343	35.299	-23.716
269	4352744868	34.026	0.77
270	4352745425	34.026	0.77
271	4352745749	13.302	-8.884
272	4352747077	-4.235	11.15
273	4352748513	-7.81	10.83
274	4352749259	39.909	-3.511
275	4352749956	-7.81	10.83
276	4352750402	14.442	5.747000000000001
277	4352750462	-4.472	11.233
278	4352753660	-10.03	9.28
279	4352754784	-4.235	11.15
280	4352756146	-15.582	11.890999999999998
281	4352757639	18.583	4.367
282	4352757994	13.302	-8.884
283	4352759145	-15.9	13.55
284	4352759928	-14.917	13.567
285	4352760607	-4.472	11.233
286	4352761196	-10.03	9.28
287	4352761555	35.299	-23.716
288	4352762482	-1.774	4.912
289	4352764959	18.583	4.367
290	4352764980	35.299	-23.716
291	4352765230	9.455	0.384
292	4352765244	13.594	9.438
293	4352765601	39.909	-3.511
294	4352766000	-4.235	11.15
295	4352766447	21.017	4.283
296	4352766501	-8.16	12.9
297	4352766756	-8.33	11.47
298	4352767720	11.515999999999998	3.972
299	4352769250	13.844	4.777
300	4352769707	-4.823	5.898
301	4352769710	9.455	0.384
302	4352770085	13.302	-8.884
303	4352770634	-14.917	13.567
304	4352770635	-14.917	13.567
305	4352771481	-15.9	13.55
306	4352771789	13.558	4.341
307	4352772661	13.844	4.777
308	4352773487	-4.535	11.235
309	4352774722	-8.33	11.47
310	4352774878	14.442	5.747000000000001
311	4352775317	-4.472	11.233
312	4352775386	13.844	4.777
313	4352778446	18.583	4.367
314	4352778700	13.844	4.777
315	4352779120	34.026	0.77
316	4352779987	-0.261	6.093999999999999
317	4352781374	9.455	0.384
318	4352782507	14.442	5.747000000000001
319	4352782605	-7.81	10.83
320	4352783049	-4.472	11.233
321	4352783050	-4.472	11.233
322	4352784877	18.583	4.367
323	4352787046	-1.774	4.912
324	4352787161	29.701	-0.7509999999999999
325	4352787507	-4.472	11.233
326	4352791232	38.948	-4.94
327	4352793920	-7.81	10.83
328	4352794626	21.017	4.283
329	4352798076	34.026	0.77
330	4352798335	21.017	4.283
331	4352798721	-16.033	13.417
332	4352798777	-5.9	13.21
333	4352799418	-0.2189999999999999	5.667999999999999
334	4352799786	14.442	5.747000000000001
335	4352799922	11.507	3.805
336	4352801976	-1.774	4.912
337	4352803931	-7.81	10.83
338	4352807882	18.583	4.367
339	4352808116	13.558	4.341
340	4352809009	-14.917	13.567
341	4352810468	34.026	0.77
342	4352810814	21.017	4.283
343	4352811263	8.7	3.7
344	4352814177	35.299	-23.716
345	4352814814	35.299	-23.716
346	4352815158	-0.2189999999999999	5.667999999999999
347	4352816747	13.558	4.341
348	4352816948	13.844	4.777
349	4352816984	-15.617	13.55
350	4352817420	-4.535	11.235
351	4352818083	-8.33	11.47
352	4352818254	31.651	-1.962
353	4352818302	-8.33	11.47
354	4352818965	-15.9	13.583
355	4352821448	29.701	-0.7509999999999999
356	4352821453	-4.235	11.15
357	4352821738	13.558	4.341
358	4352822447	-4.535	11.235
359	4352823389	21.017	4.283
360	4352823711	38.948	-4.94
361	4352824354	35.299	-23.716
362	4352824754	-4.535	11.235
363	4352825677	-14.917	13.567
364	4352826118	14.442	5.747000000000001
365	4352826974	-10.03	9.28
366	4352827612	12.629	6.468999999999999
367	4352828083	-4.472	11.233
368	4352828605	21.017	4.283
369	4352830287	-8.15	12.89
370	4352830646	14.442	5.747000000000001
371	4352831679	-4.535	11.235
372	4352832639	13.558	4.341
373	4352833321	13.302	-8.884
374	4352834837	-7.87	12.69
375	4352836473	29.701	-0.7509999999999999
376	4352836703	-7.81	10.83
377	4352837262	35.299	-23.716
378	4352837522	-14.917	13.567
379	4352837989	34.026	0.77
380	4352838409	21.017	4.283
381	4352838727	-7.87	12.69
382	4352839674	21.017	4.283
383	4352839831	14.242	10.425
384	4352839960	-7.81	10.83
385	4352842313	21.017	4.283
386	4352842393	-4.823	5.898
387	4352844253	-14.917	13.567
388	4352844738	14.442	5.747000000000001
389	4352844894	13.302	-8.884
390	4352845078	13.302	-8.884
391	4352845375	13.554	7.3
392	4352845670	-15.649	11.957
393	4352846409	-15.9	13.55
394	4352846550	39.909	-3.511
395	4352846558	13.844	4.777
396	4352846700	13.844	4.777
397	4352846836	34.026	0.77
398	4352847323	9.455	0.384
399	4352847472	29.701	-0.7509999999999999
400	4352847551	39.909	-3.511
401	4352849676	18.583	4.367
402	4352849873	-0.261	6.093999999999999
403	4352849960	-4.472	11.233
404	4352850296	-7.87	12.69
405	4352850367	-4.235	11.15
406	4352851370	38.948	-4.94
407	4352851683	-0.2189999999999999	5.667999999999999
408	4352851720	21.017	4.283
409	4352851784	-14.917	13.567
410	4352851882	38.948	-4.94
411	4352852159	-4.472	11.233
412	4352852269	13.503	8.888
413	4352852831	13.859000000000002	9.703
414	4352853002	-4.472	11.233
415	4352853133	-4.823	5.898
416	4352853134	-4.823	5.898
417	4352853581	-14.917	13.567
418	4352853676	-14.917	13.567
419	4352853914	-4.472	11.233
420	4352854173	38.948	-4.94
421	4352854174	38.948	-4.94
422	4352854459	34.026	0.77
423	4352854460	34.026	0.77
424	4352854706	-15.9	13.55
425	4352854751	-14.222	12.272
426	4352854829	13.844	4.777
427	4352855539	21.017	4.283
428	4352855838	-15.582	11.890999999999998
429	4352856385	-4.235	11.15
430	4352857276	34.026	0.77
431	4352857836	-9.53	8.48
432	4352858790	-4.535	11.235
433	4352859002	-14.917	13.567
434	4352859594	18.583	4.367
435	4352860191	13.558	4.341
436	4352860572	-15.9	13.55
437	4352861765	-4.535	11.235
438	4352861913	-4.535	11.235
439	4352861916	13.302	-8.884
440	4352862254	-8.08	12.81
441	4352862737	-9.53	8.48
442	4352863099	-15.582	11.890999999999998
443	4352864069	29.701	-0.7509999999999999
444	4352864798	35.299	-23.716
445	4352865724	14.255	10.495
446	4352865979	21.017	4.283
447	4352866395	-1.774	4.912
448	4352866976	-14.917	13.567
449	4352870045	21.017	4.283
450	4352870477	-8.2	12.2
451	4352870505	31.651	-1.962
452	4352871111	-9.53	8.48
453	4352871405	-7.81	10.83
454	4352871406	-7.81	10.83
455	4352871552	-15.649	11.957
456	4352871760	39.909	-3.511
457	4352871788	13.302	-8.884
458	4352871804	13.844	4.777
459	4352872085	-4.472	11.233
460	4352872170	-5.9	13.21
461	4352872575	9.455	0.384
462	4352873090	-1.774	4.912
463	4352873135	-4.823	5.898
464	4352873354	-15.9	13.55
465	4352873645	9.455	0.384
466	4352873910	-9.53	8.48
467	4352874274	39.909	-3.511
468	4352875172	13.53	8.533999999999999
469	4352875877	-9.53	8.48
470	4352876050	38.948	-4.94
471	4352876116	-8.33	11.47
472	4352876125	-15.9	13.583
473	4352876589	-8.33	11.47
474	4352876779	-15.582	11.890999999999998
475	4352877242	39.909	-3.511
476	4352878154	13.558	4.341
477	4352878197	34.026	0.77
478	4352878995	18.583	4.367
479	4352879009	13.558	4.341
480	4352879173	-4.472	11.233
481	4352879671	14.149	10.05
482	4352881199	14.442	5.747000000000001
483	4352882039	38.948	-4.94
484	4352883011	-4.235	11.15
485	4352883290	34.026	0.77
486	4352885322	31.651	-1.962
487	4352885379	29.701	-0.7509999999999999
488	4352885900	13.4	7.322999999999999
489	4352885971	35.299	-23.716
490	4352885990	-4.472	11.233
491	4352886907	9.455	0.384
492	4352887388	29.701	-0.7509999999999999
493	4352888201	13.558	4.341
494	4352889742	14.442	5.747000000000001
495	4352889841	34.026	0.77
496	4352890726	21.017	4.283
497	4352890767	-4.823	5.898
498	4352890958	-14.917	13.567
499	4352892264	-4.823	5.898
500	4352894080	8.7	3.7
501	4352894744	18.583	4.367
502	4352895358	-4.823	5.898
503	4352896132	-5.9	13.21
504	4352896270	8.7	3.7
505	4352897271	13.302	-8.884
506	4352897432	14.254	10.3
507	4352898922	13.558	4.341
508	4352899035	-1.17	12.06
509	4352899572	14.242	10.425
510	4352901818	13.302	-8.884
511	4352902494	39.909	-3.511
512	4352902528	38.948	-4.94
513	4352902624	39.909	-3.511
514	4352902757	13.302	-8.884
515	4352902768	-14.917	13.567
516	4352903377	-14.917	13.567
517	4352904010	-14.917	13.567
518	4352904054	34.026	0.77
519	4352905146	-0.261	6.093999999999999
520	4352905669	39.909	-3.511
521	4352906010	-6.13	13.2
522	4352906026	-4.823	5.898
523	4352906334	9.455	0.384
524	4352906643	9.455	0.384
525	4352906880	-15.9	13.55
526	4352906897	-4.535	11.235
527	4352908305	-4.472	11.233
528	4352909569	-1.17	12.06
529	4352909883	13.302	-8.884
530	4352910301	18.583	4.367
531	4352910568	18.583	4.367
532	4352911125	13.54	8.722000000000001
533	4352911847	13.302	-8.884
534	4352912957	34.026	0.77
535	4352913016	18.583	4.367
536	4352913218	21.017	4.283
537	4352914106	-15.582	11.890999999999998
538	4352914196	-8.2	12.2
539	4352914792	-14.917	13.567
540	4352915063	-15.9	13.55
541	4352915842	-15.9	13.55
542	4352915990	-4.235	11.15
543	4352916675	13.558	4.341
544	4352917082	-14.917	13.567
545	4352917752	-9.53	8.48
546	4352918060	29.701	-0.7509999999999999
547	4352918180	-4.235	11.15
548	4352919242	-4.472	11.233
549	4352919876	14.212	10.708
550	4352921164	-4.235	11.15
551	4352921590	-4.535	11.235
552	4352922714	38.948	-4.94
553	4352922919	29.701	-0.7509999999999999
554	4352923314	-0.261	6.093999999999999
555	4352924825	-4.535	11.235
556	4352926046	-4.472	11.233
557	4352927095	13.844	4.777
558	4352927182	13.558	4.341
559	4352927376	-4.235	11.15
560	4352927411	13.558	4.341
561	4352927415	18.583	4.367
562	4352928058	34.026	0.77
563	4352928060	34.026	0.77
564	4352928872	-4.535	11.235
565	4352930238	39.909	-3.511
566	4352931054	-10.03	9.28
567	4352931094	35.299	-23.716
568	4352931106	-15.649	11.957
569	4352931792	-15.9	13.55
570	4352932474	13.844	4.777
571	4352932845	34.026	0.77
572	4352933084	-4.235	11.15
573	4352933479	9.455	0.384
574	4352933495	-0.2189999999999999	5.667999999999999
575	4352933830	13.302	-8.884
576	4352934953	-15.9	13.55
577	4352935537	-9.53	8.48
578	4352935561	-7.81	10.83
579	4352936469	-8.33	11.47
580	4352936913	-4.472	11.233
581	4352937420	-14.917	13.567
582	4352937659	-14.917	13.567
583	4352937711	-14.917	13.567
584	4352938687	34.026	0.77
585	4352939334	38.948	-4.94
586	4352939456	-15.649	11.957
587	4352939864	35.299	-23.716
588	4352940242	34.026	0.77
589	4352940569	-4.472	11.233
590	4352940654	-8.33	11.47
591	4352941704	13.529000000000002	8.66
592	4352941992	-15.582	11.890999999999998
593	4352942452	9.455	0.384
594	4352942490	13.302	-8.884
595	4352942567	-4.535	11.235
596	4352943190	-4.472	11.233
597	4352943362	-15.582	11.890999999999998
598	4352943786	9.455	0.384
599	4352943853	14.442	5.747000000000001
600	4352944063	-15.582	11.890999999999998
601	4352944075	13.302	-8.884
602	4352944870	-7.84	12.68
603	4352945351	34.026	0.77
604	4352946086	-4.823	5.898
605	4352946442	13.844	4.777
606	4352946626	-4.472	11.233
607	4352946889	38.948	-4.94
608	4352947092	13.844	4.777
609	4352947554	-14.917	13.567
610	4352947673	-4.823	5.898
611	4352947990	34.026	0.77
612	4352947991	-14.917	13.567
613	4352948305	-14.917	13.567
614	4352948341	21.017	4.283
615	4352948378	9.455	0.384
616	4352948652	9.455	0.384
617	4352949635	-4.472	11.233
618	4352950338	34.026	0.77
619	4352950355	10.868	5.726
620	4352950767	34.026	0.77
621	4352950970	-14.917	13.567
622	4352951371	-6.13	13.2
623	4352951452	11.505999999999998	3.88
624	4352951742	-4.823	5.898
625	4352952976	-15.649	11.957
626	4352953641	-4.472	11.233
627	4352954205	34.026	0.77
628	4352954788	-4.823	5.898
629	4352955109	-1.5490000000000002	5.609
630	4352955441	-7.81	10.83
631	4352955465	-9.53	8.48
632	4352957097	-4.823	5.898
633	4352957141	-14.917	13.567
634	4352957892	-14.917	13.567
635	4352957917	39.909	-3.511
636	4352957918	39.909	-3.511
637	4352958528	13.844	4.777
638	4352958657	-15.582	11.890999999999998
639	4352959080	-9.53	8.48
640	4352959108	13.302	-8.884
641	4352959426	-8.33	11.47
642	4352959427	-8.33	11.47
643	4352960011	-6.13	13.2
644	4352960868	13.558	4.341
645	4352960968	38.948	-4.94
646	4352961189	9.455	0.384
647	4352962595	-10.03	9.28
648	4352963106	-5.9	13.21
649	4352963449	-4.535	11.235
650	4352963780	-4.823	5.898
651	4352963973	13.558	4.341
652	4352965241	-14.917	13.567
653	4352965480	9.455	0.384
654	4352965807	35.299	-23.716
655	4352966031	-5.9	13.21
656	4352966237	-4.535	11.235
657	4352966763	13.558	4.341
658	4352966913	13.558	4.341
659	4352966939	13.558	4.341
660	4352967881	-0.261	6.093999999999999
661	4352968031	-14.917	13.567
662	4352968128	-1.5490000000000002	5.609
663	4352968346	-4.472	11.233
664	4352968427	14.143	10.188
665	4352968801	-4.235	11.15
666	4352969115	39.909	-3.511
667	4352969264	14.442	5.747000000000001
668	4352970045	11.632	4.332
669	4352970329	13.844	4.777
670	4352970402	38.948	-4.94
671	4352970707	-15.582	11.890999999999998
672	4352971429	21.017	4.283
673	4352972008	13.844	4.777
674	4352972045	29.701	-0.7509999999999999
675	4352972378	34.026	0.77
676	4352972495	-15.9	13.55
677	4352972811	13.607	7.902
678	4352972988	29.701	-0.7509999999999999
679	4352973273	-4.535	11.235
680	4352973391	-15.9	13.55
681	4352973556	31.651	-1.962
682	4352974273	13.302	-8.884
683	4352974469	14.193	10.102
684	4352974538	-15.649	11.957
685	4352975207	38.948	-4.94
686	4352975640	11.515999999999998	3.972
687	4352975654	9.455	0.384
688	4352975931	13.844	4.777
689	4352976404	-4.823	5.898
690	4352976457	18.583	4.367
691	4352977963	13.844	4.777
692	4352978633	21.017	4.283
693	4352979335	34.026	0.77
694	4352979665	-1.5490000000000002	5.609
695	4352980672	35.299	-23.716
696	4352981379	-4.472	11.233
697	4352981467	-4.535	11.235
698	4352981541	18.583	4.367
699	4352982070	-8.15	12.89
700	4352982359	13.302	-8.884
701	4352983133	-14.917	13.567
702	4352983702	14.29	10.658
703	4352984845	13.844	4.777
704	4352985015	-4.235	11.15
705	4352985106	31.651	-1.962
706	4352985355	-4.235	11.15
707	4352985398	-4.235	11.15
708	4352987155	-8.15	12.89
709	4352987871	-0.261	6.093999999999999
710	4352989371	34.026	0.77
711	4352989753	-8.16	12.9
712	4352989999	13.578	7.354
713	4352990050	14.188	10.211
714	4352990355	39.909	-3.511
715	4352990536	-8.45	11.88
716	4352990630	9.455	0.384
717	4352990711	39.909	-3.511
718	4352991073	-15.649	11.957
719	4352991143	29.701	-0.7509999999999999
720	4352991156	39.909	-3.511
721	4352991513	-0.261	6.093999999999999
722	4352992412	-9.53	8.48
723	4352992784	-14.917	13.567
724	4352992867	-4.472	11.233
725	4352992929	13.844	4.777
726	4352993032	-1.5490000000000002	5.609
727	4352993087	-1.5490000000000002	5.609
728	4352993176	13.844	4.777
729	4352993412	21.017	4.283
730	4352993416	18.583	4.367
731	4352993778	-15.582	11.890999999999998
732	4352994170	31.651	-1.962
733	4352994268	-4.535	11.235
734	4352994405	35.299	-23.716
735	4352995567	14.442	5.747000000000001
736	4352995612	-4.472	11.233
737	4352995897	39.909	-3.511
738	4352996445	-4.823	5.898
739	4352996801	-8.15	12.89
740	4352997129	13.558	4.341
741	4352997564	-7.81	10.83
742	4352998552	14.143	10.188
743	4352998700	21.017	4.283
744	4352999126	31.651	-1.962
745	4352999427	9.455	0.384
746	4352999500	-7.81	10.83
747	4352999782	11.515999999999998	3.972
748	4353000415	-10.03	9.28
749	4353000663	-8.45	11.88
750	4353000763	34.026	0.77
751	4353001017	-4.472	11.233
752	4353001842	21.017	4.283
753	4353003095	-8.45	11.88
754	4353003231	-4.472	11.233
755	4353003260	13.4	7.322999999999999
756	4353003382	-9.53	8.48
757	4353003383	-9.53	8.48
758	4353003617	11.515999999999998	3.972
759	4353004346	-10.03	9.28
760	4353004912	34.026	0.77
761	4353005335	-4.823	5.898
762	4353006825	34.026	0.77
763	4353007343	-4.535	11.235
764	4353007348	34.026	0.77
765	4353007492	18.583	4.367
766	4353007789	-7.81	10.83
767	4353007984	-14.917	13.567
768	4353008195	14.442	5.747000000000001
769	4353008378	-14.917	13.567
770	4353008521	14.442	5.747000000000001
771	4353008522	13.302	-8.884
772	4353010031	9.455	0.384
773	4353010148	9.455	0.384
774	4353010590	35.299	-23.716
775	4353010813	-15.582	11.890999999999998
776	4353010958	-1.774	4.912
777	4353011435	9.455	0.384
778	4353012302	34.026	0.77
779	4353012834	13.844	4.777
780	4353012835	13.844	4.777
781	4353013566	-4.472	11.233
782	4353013613	-4.535	11.235
783	4353013662	18.583	4.367
784	4353013930	-9.53	8.48
785	4353014131	34.026	0.77
786	4353014566	-4.235	11.15
787	4353014902	-4.535	11.235
788	4353015821	-16.033	13.417
789	4353015984	14.242	10.425
790	4353016155	-14.222	12.272
791	4353016795	21.017	4.283
792	4353016817	-1.774	4.912
793	4353016952	13.302	-8.884
794	4353018346	-7.81	10.83
795	4353018574	-15.9	13.55
796	4353018868	-15.9	13.55
797	4353018976	9.455	0.384
798	4353019744	-1.774	4.912
799	4353020150	18.583	4.367
800	4353020264	-4.235	11.15
801	4353020653	9.455	0.384
802	4353020836	35.299	-23.716
803	4353020898	18.583	4.367
804	4353020907	29.701	-0.7509999999999999
805	4353021104	35.299	-23.716
806	4353021728	-1.5490000000000002	5.609
807	4353022139	13.302	-8.884
808	4353022376	21.017	4.283
809	4353022516	-9.53	8.48
810	4353022527	-15.9	13.55
811	4353022772	-14.917	13.567
812	4353022960	-15.649	11.957
813	4353023005	38.948	-4.94
814	4353023601	-4.472	11.233
815	4353023686	35.299	-23.716
816	4353023822	-1.774	4.912
817	4353024675	35.299	-23.716
818	4353025646	-4.472	11.233
819	4353026057	-1.774	4.912
820	4353026149	11.505999999999998	3.88
821	4353026227	29.701	-0.7509999999999999
822	4353026392	39.909	-3.511
823	4353026539	-15.582	11.890999999999998
824	4353026601	-4.823	5.898
825	4353026734	13.644	8.476
826	4353026745	-8.15	12.89
827	4353026875	21.017	4.283
828	4353026967	10.868	5.726
829	4353027570	-15.582	11.890999999999998
830	4353027934	13.52	8.801
831	4353028031	34.026	0.77
832	4353028311	34.026	0.77
833	4353028475	35.299	-23.716
834	4353028584	-7.81	10.83
835	4353028687	29.701	-0.7509999999999999
836	4353029374	10.868	5.726
837	4353029525	31.651	-1.962
838	4353030104	-15.649	11.957
839	4353030480	29.701	-0.7509999999999999
840	4353030481	29.701	-0.7509999999999999
841	4353030964	13.558	4.341
842	4353031000	-14.917	13.567
843	4353031464	11.5	3.516
844	4353031608	13.558	4.341
845	4353031856	35.299	-23.716
846	4353031908	-6.13	13.2
847	4353032064	9.455	0.384
848	4353032277	9.455	0.384
849	4353032875	-4.235	11.15
850	4353033127	-15.649	11.957
851	4353033323	39.909	-3.511
852	4353033396	34.026	0.77
853	4353033458	-14.917	13.567
854	4353033748	-8.33	11.47
855	4353034022	-4.235	11.15
856	4353034069	-10.03	9.28
857	4353034265	-4.472	11.233
858	4353034655	13.558	4.341
859	4353034706	14.442	5.747000000000001
860	4353035458	13.558	4.341
861	4353035742	-8.15	12.89
862	4353036624	21.017	4.283
863	4353037148	35.299	-23.716
864	4353037526	29.701	-0.7509999999999999
865	4353037731	9.817	2.367
866	4353037825	-14.917	13.567
867	4353038149	-9.53	8.48
868	4353038217	-7.81	10.83
869	4353038617	-1.17	12.06
870	4353038817	-1.5490000000000002	5.609
871	4353038908	-4.235	11.15
872	4353038909	-4.235	11.15
873	4353039591	-8.33	11.47
874	4353039635	-16.033	13.417
875	4353039657	21.017	4.283
876	4353039956	13.844	4.777
877	4353039998	-1.5490000000000002	5.609
878	4353040059	29.701	-0.7509999999999999
879	4353040244	31.651	-1.962
880	4353040556	38.948	-4.94
881	4353040580	-4.472	11.233
882	4353040746	29.701	-0.7509999999999999
883	4353040763	-1.5490000000000002	5.609
884	4353041254	8.7	3.7
885	4353041941	-4.823	5.898
886	4353041987	13.558	4.341
887	4353042402	13.844	4.777
888	4353042560	34.026	0.77
889	4353042613	-14.917	13.567
890	4353042701	14.442	5.747000000000001
891	4353042702	14.442	5.747000000000001
892	4353042766	14.442	5.747000000000001
893	4353042840	-15.9	13.55
894	4353042864	-1.17	12.06
895	4353042934	13.558	4.341
896	4353043276	-4.823	5.898
897	4353043497	13.844	4.777
898	4353043719	14.442	5.747000000000001
899	4353044595	13.302	-8.884
900	4353044764	-15.9	13.55
901	4353044903	14.442	5.747000000000001
902	4353045092	14.442	5.747000000000001
903	4353045709	39.909	-3.511
904	4353045873	-8.33	11.47
905	4353046412	18.583	4.367
906	4353046824	13.844	4.777
907	4353047020	14.442	5.747000000000001
908	4353048207	-7.81	10.83
909	4353048497	34.026	0.77
910	4353048516	-4.823	5.898
911	4353048548	18.583	4.367
912	4353048549	18.583	4.367
913	4353048641	-8.2	12.2
914	4353048797	-1.774	4.912
915	4353048933	-4.472	11.233
916	4353049735	-9.53	8.48
917	4353049990	-4.472	11.233
918	4353050439	-16.033	13.417
919	4353050467	13.844	4.777
920	4353050948	-9.53	8.48
921	4353051077	-1.774	4.912
922	4353051483	18.583	4.367
923	4353051563	34.026	0.77
924	4353051662	39.909	-3.511
925	4353051663	-10.03	9.28
926	4353051923	13.558	4.341
927	4353052489	13.558	4.341
928	4353052706	-8.15	12.89
929	4353052889	35.299	-23.716
930	4353053728	-8.33	11.47
931	4353054001	13.558	4.341
932	4353054072	-14.222	12.272
933	4353054270	-4.535	11.235
934	4353054336	-14.222	12.272
935	4353054353	-4.235	11.15
936	4353054747	-4.472	11.233
937	4353054748	-4.472	11.233
938	4353055281	-4.535	11.235
939	4353055777	-4.823	5.898
940	4353058398	-15.9	13.55
941	4353058886	-0.2189999999999999	5.667999999999999
942	4353058887	-0.261	6.093999999999999
943	4353060653	18.583	4.367
944	4353063051	31.651	-1.962
945	4353063266	-7.81	10.83
946	4353063371	21.017	4.283
947	4353063504	29.701	-0.7509999999999999
948	4353063505	29.701	-0.7509999999999999
949	4353063636	-4.823	5.898
950	4353063637	-4.823	5.898
951	4353063896	-8.08	12.81
952	4353064013	-4.472	11.233
953	4353064565	-9.53	8.48
954	4353064575	-14.917	13.567
955	4353064910	-10.03	9.28
956	4353065151	35.299	-23.716
957	4353065511	-14.917	13.567
958	4353066167	-15.9	13.55
959	4353066522	-4.472	11.233
960	4353066523	-4.235	11.15
961	4353067055	13.547	7.782999999999999
962	4353067218	-10.03	9.28
963	4353067749	-15.9	13.55
964	4353067907	13.302	-8.884
965	4353068449	18.583	4.367
966	4353068881	-8.15	12.89
967	4353068983	13.302	-8.884
968	4353069322	18.583	4.367
969	4353069349	13.558	4.341
970	4353069822	9.455	0.384
971	4353070387	-4.535	11.235
972	4353070462	13.844	4.777
973	4353070463	13.844	4.777
974	4353070464	13.844	4.777
975	4353070501	34.026	0.77
976	4353070696	-15.649	11.957
977	4353070727	-4.535	11.235
978	4353070760	35.299	-23.716
979	4353071505	-4.235	11.15
980	4353071565	-15.582	11.890999999999998
981	4353071756	13.558	4.341
982	4353072102	14.442	5.747000000000001
983	4353072548	34.026	0.77
984	4353072754	11.539	3.87
985	4353073144	-16.033	13.417
986	4353073182	-4.235	11.15
987	4353073272	-14.917	13.567
988	4353073313	-0.2189999999999999	5.667999999999999
989	4353073548	-4.472	11.233
990	4353073571	13.640999999999998	8.199
991	4353073954	-4.535	11.235
992	4353074004	10.868	5.726
993	4353074164	-14.917	13.567
994	4353074294	-4.472	11.233
995	4353074330	-7.81	10.83
996	4353074593	-9.53	8.48
997	4353074762	21.017	4.283
998	4353075152	34.026	0.77
999	4353075243	18.583	4.367
1000	4353075555	13.302	-8.884
1001	4353076173	-7.81	10.83
1002	4353076174	-7.81	10.83
1003	4353076359	-4.823	5.898
1004	4353076802	9.455	0.384
1005	4353076803	9.455	0.384
1006	4353077281	-0.2189999999999999	5.667999999999999
1007	4353077888	-0.261	6.093999999999999
1008	4353078513	-8.15	12.89
1009	4353078679	-14.917	13.567
1010	4353078815	34.026	0.77
1011	4353078828	-15.9	13.55
1012	4353079077	34.026	0.77
1013	4353079248	-14.917	13.567
1014	4353079322	-15.649	11.957
1015	4353079440	-10.03	9.28
1016	4353080303	13.302	-8.884
1017	4353080316	-7.81	10.83
1018	4353080755	21.017	4.283
1019	4353080953	29.701	-0.7509999999999999
1020	4353081566	-14.917	13.567
1021	4353081757	38.948	-4.94
1022	4353081957	-9.53	8.48
1023	4353081958	-9.53	8.48
1024	4353082175	-9.53	8.48
1025	4353082848	13.111	6.751
1026	4353082930	13.554	7.3
1027	4353083390	-1.774	4.912
1028	4353084381	10.868	5.726
1029	4353084635	-7.81	10.83
1030	4353084780	-14.917	13.567
1031	4353084781	-14.917	13.567
1032	4353085563	10.868	5.726
1033	4353086347	-16.033	13.417
1034	4353086366	-7.81	10.83
1035	4353086380	13.558	4.341
1036	4353086561	-1.17	12.06
1037	4353086993	8.7	3.7
1038	4353087891	-10.03	9.28
1039	4353088262	39.909	-3.511
1040	4353088714	-1.5490000000000002	5.609
1041	4353088821	14.217	10.255999999999998
1042	4353088837	34.026	0.77
1043	4353088955	-15.9	13.55
1044	4353090007	29.701	-0.7509999999999999
1045	4353090013	13.302	-8.884
1046	4353090105	35.299	-23.716
1047	4353090455	-15.9	13.55
1048	4353090482	-15.9	13.55
1049	4353090557	13.844	4.777
1050	4353091457	-4.823	5.898
1051	4353091834	14.442	5.747000000000001
1052	4353092113	-16.033	13.417
1053	4353092551	-9.53	8.48
1054	4353092884	13.558	4.341
1055	4353092929	-4.472	11.233
1056	4353093341	-8.33	11.47
1057	4353094150	9.927	2.949
1058	4353094222	-4.235	11.15
1059	4353094231	34.026	0.77
1060	4353094461	-14.222	12.272
1061	4353094863	11.535	4.166
1062	4353094880	-4.235	11.15
1063	4353095130	29.701	-0.7509999999999999
1064	4353095131	-0.261	6.093999999999999
1065	4353095782	38.948	-4.94
1066	4353095966	39.909	-3.511
1067	4353096299	13.844	4.777
1068	4353096510	13.209	7.107
1069	4353096769	-14.917	13.567
1070	4353096839	-1.5490000000000002	5.609
1071	4353097183	21.017	4.283
1072	4353097382	35.299	-23.716
1073	4353097730	39.909	-3.511
1074	4353097731	39.909	-3.511
1075	4353098613	13.558	4.341
1076	4353098829	-9.53	8.48
1077	4353099224	-8.08	12.81
1078	4353100481	-10.03	9.28
1079	4353100540	14.442	5.747000000000001
1080	4353100812	13.302	-8.884
1081	4353100926	29.701	-0.7509999999999999
1082	4353100998	-9.53	8.48
1083	4353101460	-4.535	11.235
1084	4353101462	34.026	0.77
1085	4353102589	-15.582	11.890999999999998
1086	4353102614	35.299	-23.716
1087	4353102680	18.583	4.367
1088	4353102777	9.455	0.384
1089	4353102839	-10.03	9.28
1090	4353102981	18.583	4.367
1091	4353103013	-4.823	5.898
1092	4353103015	-4.823	5.898
1093	4353103215	13.844	4.777
1094	4353103480	-4.472	11.233
1095	4353104073	13.844	4.777
1096	4353104095	14.265	10.522
1097	4353104516	21.017	4.283
1098	4353104525	-1.774	4.912
1099	4353105142	-9.53	8.48
1100	4353105152	-4.823	5.898
1101	4353105169	13.844	4.777
1102	4353105635	34.026	0.77
1103	4353105744	-14.917	13.567
1104	4353106060	-4.472	11.233
1105	4353106237	-14.917	13.567
1106	4353106266	29.701	-0.7509999999999999
1107	4353106505	9.721	4.055
1108	4353106517	-4.235	11.15
1109	4353106647	-14.917	13.567
1110	4353107083	-15.649	11.957
1111	4353107394	-0.261	6.093999999999999
1112	4353107752	13.533	8.981
1113	4353107829	-15.582	11.890999999999998
1114	4353107831	-15.582	11.890999999999998
1115	4353107853	-5.9	13.21
1116	4353108134	14.442	5.747000000000001
1117	4353108135	14.442	5.747000000000001
1118	4353108595	35.299	-23.716
1119	4353108857	-9.53	8.48
1120	4353109275	-0.261	6.093999999999999
1121	4353109306	-15.9	13.55
1122	4353109307	-15.9	13.55
1123	4353109347	-1.17	12.06
1124	4353109599	-9.53	8.48
1125	4353109604	13.558	4.341
1126	4353109682	-7.81	10.83
1127	4353109764	13.844	4.777
1128	4353110388	-4.535	11.235
1129	4353110426	-1.774	4.912
1130	4353110556	-7.81	10.83
1131	4353110835	14.442	5.747000000000001
1132	4353110943	9.455	0.384
1133	4353111072	-15.582	11.890999999999998
1134	4353111103	39.909	-3.511
1135	4353111191	-15.9	13.55
1136	4353111659	18.583	4.367
1137	4353111803	13.844	4.777
1138	4353111925	39.909	-3.511
1139	4353111932	21.017	4.283
1140	4353111938	34.026	0.77
1141	4353112018	-14.917	13.567
1142	4353112020	14.442	5.747000000000001
1143	4353112040	29.701	-0.7509999999999999
1144	4353112647	-14.917	13.567
1145	4353112648	-14.917	13.567
1146	4353112793	13.844	4.777
1147	4353112880	-0.261	6.093999999999999
1148	4353113392	-9.53	8.48
1149	4353113732	13.302	-8.884
1150	4353113737	21.017	4.283
1151	4353113752	13.558	4.341
1152	4353113754	13.558	4.341
1153	4353114027	13.558	4.341
1154	4353114349	-14.917	13.567
1155	4353114350	-14.917	13.567
1156	4353114464	13.844	4.777
1157	4353114537	-14.917	13.567
1158	4353114751	-4.472	11.233
1159	4353115048	-4.235	11.15
1160	4353115500	14.442	5.747000000000001
1161	4353115551	9.817	2.367
1162	4353115605	13.603	8.513
1163	4353115694	-14.917	13.567
1164	4353115780	14.442	5.747000000000001
1165	4353115882	-10.03	9.28
1166	4353115910	-4.472	11.233
1167	4353116269	-0.261	6.093999999999999
1168	4353116326	38.948	-4.94
1169	4353116348	-9.53	8.48
1170	4353116421	-10.03	9.28
1171	4353116441	-14.917	13.567
1172	4353117006	-14.917	13.567
1173	4353117130	13.844	4.777
1174	4353117338	13.550999999999998	7.399
1175	4353117666	-7.81	10.83
1176	4353117793	-9.53	8.48
1177	4353118153	-4.472	11.233
1178	4353118199	-14.917	13.567
1179	4353118752	14.217	10.255999999999998
1180	4353118796	10.457	5.479
1181	4353119344	9.455	0.384
1182	4353119620	-4.823	5.898
1183	4353120034	39.909	-3.511
1184	4353120235	35.299	-23.716
1185	4353120633	-4.823	5.898
1186	4353120634	-4.823	5.898
1187	4353120682	-10.03	9.28
1188	4353120872	-8.16	12.9
1189	4353121056	13.505999999999998	9.119
1190	4353121606	35.299	-23.716
1191	4353121641	14.442	5.747000000000001
1192	4353121687	-9.53	8.48
1193	4353121688	-9.53	8.48
1194	4353121737	-8.15	12.89
1195	4353122086	-10.03	9.28
1196	4353122230	29.701	-0.7509999999999999
1197	4353122266	-7.81	10.83
1198	4353122297	14.442	5.747000000000001
1199	4353122582	-10.03	9.28
1200	4353122728	-10.03	9.28
1201	4353122812	18.583	4.367
1202	4353122857	-4.235	11.15
1203	4353122869	13.302	-8.884
1204	4353123411	-4.535	11.235
1205	4353123698	-9.53	8.48
1206	4353123704	34.026	0.77
1207	4353123766	-14.917	13.567
1208	4353123973	13.558	4.341
1209	4353124018	13.558	4.341
1210	4353124176	-15.9	13.55
1211	4353124274	13.844	4.777
1212	4353124346	-4.535	11.235
1213	4353124510	13.558	4.341
1214	4353124511	13.844	4.777
1215	4353124834	13.844	4.777
1216	4353124882	34.026	0.77
1217	4353125249	-4.235	11.15
1218	4353125312	-4.472	11.233
1219	4353126166	-15.9	13.55
1220	4353126805	34.026	0.77
1221	4353127295	13.844	4.777
1222	4353127326	-9.53	8.48
1223	4353127640	-4.472	11.233
1224	4353127812	21.017	4.283
1225	4353127924	-4.535	11.235
1226	4353128021	-8.33	11.47
1227	4353128022	-8.33	11.47
1228	4353128069	-8.16	12.9
1229	4353128221	14.442	5.747000000000001
1230	4353128226	-14.917	13.567
1231	4353128619	34.026	0.77
1232	4353128692	-15.9	13.55
1233	4353128694	-14.917	13.567
1234	4353129112	-4.472	11.233
1235	4353129413	-10.03	9.28
1236	4353129498	14.254	10.3
1237	4353129583	14.442	5.747000000000001
1238	4353129622	-10.03	9.28
1239	4353129861	10.868	5.726
1240	4353129954	29.701	-0.7509999999999999
1241	4353130001	-8.15	12.89
1242	4353130429	34.026	0.77
1243	4353130595	13.302	-8.884
1244	4353130670	35.299	-23.716
1245	4353130823	-8.08	12.81
1246	4353131023	-15.9	13.55
1247	4353131196	-7.81	10.83
1248	4353131360	-7.81	10.83
1249	4353131501	13.302	-8.884
1250	4353131778	34.026	0.77
1251	4353131845	14.442	5.747000000000001
1252	4353132030	-4.235	11.15
1253	4353132258	14.442	5.747000000000001
1254	4353132518	21.017	4.283
1255	4353132527	-14.917	13.567
1256	4353132538	38.948	-4.94
1257	4353132539	38.948	-4.94
1258	4353132880	38.948	-4.94
1259	4353133133	13.56	9.424
1260	4353133173	14.442	5.747000000000001
1261	4353133497	35.299	-23.716
1262	4353133847	-14.917	13.567
1263	4353134014	-4.472	11.233
1264	4353134015	-4.472	11.233
1265	4353134170	8.7	3.7
1266	4353134286	-4.472	11.233
1267	4353134791	-14.917	13.567
1268	4353135231	14.228	10.462
1269	4353135400	-4.472	11.233
1270	4353135422	-7.81	10.83
1271	4353135813	29.701	-0.7509999999999999
1272	4353135822	9.455	0.384
1273	4353135940	-14.917	13.567
1274	4353135960	9.983	2.367
1275	4353135989	13.54	8.722000000000001
1276	4353136236	-15.582	11.890999999999998
1277	4353136237	-15.582	11.890999999999998
1278	4353136414	18.583	4.367
1279	4353136680	-14.917	13.567
1280	4353137148	34.026	0.77
1281	4353137535	34.026	0.77
1282	4353137554	-4.472	11.233
1283	4353137734	-4.235	11.15
1284	4353137832	-4.235	11.15
1285	4353138242	21.017	4.283
1286	4353138434	9.455	0.384
1287	4353138848	18.583	4.367
1288	4353138849	18.583	4.367
1289	4353139227	13.302	-8.884
1290	4353139439	18.583	4.367
1291	4353139568	14.442	5.747000000000001
1292	4353139569	14.442	5.747000000000001
1293	4353139863	13.302	-8.884
1294	4353139987	38.948	-4.94
1295	4353140329	-15.649	11.957
1296	4353140330	-15.649	11.957
1297	4353140373	-0.2189999999999999	5.667999999999999
1298	4353140513	-5.9	13.21
1299	4353140547	9.455	0.384
1300	4353140632	-4.535	11.235
1301	4353140697	31.651	-1.962
1302	4353140766	-7.81	10.83
1303	4353140801	13.844	4.777
1304	4353140940	14.442	5.747000000000001
1305	4353140977	13.558	4.341
1306	4353141035	13.302	-8.884
1307	4353141364	31.651	-1.962
1308	4353141415	-4.535	11.235
1309	4353141462	-4.823	5.898
1310	4353141480	11.515999999999998	3.972
1311	4353141674	13.844	4.777
1312	4353141781	-14.917	13.567
1313	4353141898	-16.033	13.417
1314	4353142005	-14.917	13.567
1315	4353142039	-8.15	12.89
1316	4353142136	-15.9	13.55
1317	4353142166	-4.472	11.233
1318	4353142176	-1.774	4.912
1319	4353142185	-14.917	13.567
1320	4353142225	29.701	-0.7509999999999999
1321	4353142242	35.299	-23.716
1322	4353142309	13.558	4.341
1323	4353142444	-4.472	11.233
1324	4353142555	11.507	3.805
1325	4353142696	-8.15	12.89
1326	4353142893	-15.9	13.55
1327	4353142894	-15.9	13.583
1328	4353143010	13.56	9.424
1329	4353143012	34.026	0.77
1330	4353143170	-4.535	11.235
1331	4353143325	-4.535	11.235
1332	4353143821	-8.16	12.9
1333	4353144020	-1.5490000000000002	5.609
1334	4353144432	-15.9	13.55
1335	4353144433	-15.9	13.55
1336	4353144454	34.026	0.77
1337	4353144533	14.442	5.747000000000001
1338	4353144662	13.844	4.777
1339	4353144760	13.302	-8.884
1340	4353144888	18.583	4.367
1341	4353144919	35.299	-23.716
1342	4353144943	-15.582	11.890999999999998
1343	4353145404	-14.917	13.567
1344	4353145518	13.558	4.341
1345	4353145573	14.442	5.747000000000001
1346	4353145628	-4.472	11.233
1347	4353145778	-8.16	12.9
1348	4353145948	-4.472	11.233
1349	4353146155	18.583	4.367
1350	4353146308	13.564	8.525
1351	4353146569	35.299	-23.716
1352	4353146582	10.457	5.479
1353	4353146660	-15.649	11.957
1354	4353146781	21.017	4.283
1355	4353147123	29.701	-0.7509999999999999
1356	4353147133	13.302	-8.884
1357	4353147792	9.455	0.384
1358	4353147878	34.026	0.77
1359	4353148050	13.844	4.777
1360	4353148052	38.948	-4.94
1361	4353148065	-14.917	13.567
1362	4353148085	-4.235	11.15
1363	4353148416	-15.9	13.55
1364	4353148417	-14.917	13.567
1365	4353148831	-0.2189999999999999	5.667999999999999
1366	4353149076	9.455	0.384
1367	4353149194	-10.03	9.28
1368	4353149279	-7.81	10.83
1369	4353149386	29.701	-0.7509999999999999
1370	4353149650	13.462	7.335
1371	4353149756	-14.917	13.567
1372	4353150085	11.507	3.805
1373	4353150191	13.302	-8.884
1374	4353150260	-8.33	11.47
1375	4353150347	-9.53	8.48
1376	4353150428	14.442	5.747000000000001
1377	4353150487	14.442	5.747000000000001
1378	4353150642	9.455	0.384
1379	4353151525	-14.917	13.567
1380	4353151583	-4.472	11.233
1381	4353151659	-14.917	13.567
1382	4353151666	-8.45	11.88
1383	4353151851	13.558	4.341
1384	4353151906	13.558	4.341
1385	4353152123	34.026	0.77
1386	4353152342	35.299	-23.716
1387	4353152667	-8.08	12.81
1388	4353152904	-4.823	5.898
1389	4353152961	34.026	0.77
1390	4353153242	-15.9	13.583
1391	4353153243	-16.033	13.417
1392	4353153307	13.844	4.777
1393	4353153308	13.844	4.777
1394	4353153717	9.455	0.384
1395	4353154310	31.651	-1.962
1396	4353154366	14.442	5.747000000000001
1397	4353154667	-9.53	8.48
1398	4353155063	-4.472	11.233
1399	4353155150	-8.33	11.47
1400	4353155481	14.255	10.495
1401	4353155723	13.558	4.341
1402	4353155842	-4.472	11.233
1403	4353156017	10.056	2.855
1404	4353156424	34.026	0.77
1405	4353156709	-4.472	11.233
1406	4353156843	14.217	10.255999999999998
1407	4353156914	39.909	-3.511
1408	4353157072	29.701	-0.7509999999999999
1409	4353157080	-15.9	13.55
1410	4353157149	-0.2189999999999999	5.667999999999999
1411	4353157348	13.844	4.777
1412	4353157414	14.442	5.747000000000001
1413	4353157517	21.017	4.283
1414	4353157736	35.299	-23.716
1415	4353157842	35.299	-23.716
1416	4353157857	-4.823	5.898
1417	4353158006	14.442	5.747000000000001
1418	4353158185	39.909	-3.511
1419	4353158282	-8.16	12.9
1420	4353158859	-15.9	13.55
1421	4353158932	-8.15	12.89
1422	4353159201	-8.2	12.2
1423	4353159756	-4.823	5.898
1424	4353159772	-9.53	8.48
1425	4353160101	34.026	0.77
1426	4353160644	-4.535	11.235
1427	4353160758	-14.917	13.567
1428	4353161117	14.442	5.747000000000001
1429	4353161241	13.302	-8.884
1430	4353161698	21.017	4.283
1431	4353161699	21.017	4.283
1432	4353161766	-15.649	11.957
1433	4353161796	13.844	4.777
1434	4353161851	-7.84	12.68
1435	4353162294	34.026	0.77
1436	4353162416	21.017	4.283
1437	4353162611	13.302	-8.884
1438	4353162754	-4.823	5.898
1439	4353163415	13.558	4.341
1440	4353163574	18.583	4.367
1441	4353163732	9.455	0.384
1442	4353163877	35.299	-23.716
1443	4353164080	-1.5490000000000002	5.609
1444	4353164207	13.905	9.764
1445	4353164300	21.017	4.283
1446	4353164508	-15.582	11.890999999999998
1447	4353164614	-15.582	11.890999999999998
1448	4353164704	13.844	4.777
1449	4353164919	-10.03	9.28
1450	4353164920	-4.535	11.235
1451	4353164941	-15.9	13.55
1452	4353164943	-15.9	13.55
1453	4353165025	-4.535	11.235
1454	4353166187	34.026	0.77
1455	4353166289	34.026	0.77
1456	4353166707	35.299	-23.716
1457	4353166865	-15.582	11.890999999999998
1458	4353166991	29.701	-0.7509999999999999
1459	4353167112	-8.15	12.89
1460	4353167291	13.558	4.341
1461	4353167386	-4.472	11.233
1462	4353167817	-4.472	11.233
1463	4353167984	13.844	4.777
1464	4353168144	-9.53	8.48
1465	4353168323	13.54	8.722000000000001
1466	4353168387	21.017	4.283
1467	4353168816	-1.5490000000000002	5.609
1468	4353168935	21.017	4.283
1469	4353168947	14.143	10.188
1470	4353168967	8.7	3.7
1471	4353169040	-16.033	13.417
1472	4353169502	38.948	-4.94
1473	4353169611	-7.81	10.83
1474	4353169685	38.948	-4.94
1475	4353169843	34.026	0.77
1476	4353169851	-4.235	11.15
1477	4353170056	14.442	5.747000000000001
1478	4353170121	-4.472	11.233
1479	4353170141	-7.81	10.83
1480	4353170154	11.519	3.369
1481	4353170217	13.558	4.341
1482	4353170249	29.701	-0.7509999999999999
1483	4353170251	29.701	-0.7509999999999999
1484	4353170304	31.651	-1.962
1485	4353170305	31.651	-1.962
1486	4353170449	-8.45	11.88
1487	4353170498	-4.823	5.898
1488	4353170757	-8.15	12.89
1489	4353170763	14.442	5.747000000000001
1490	4353171221	-8.15	12.89
1491	4353171299	-8.33	11.47
1492	4353171381	-4.235	11.15
1493	4353171546	13.823	9.513
1494	4353171763	13.844	4.777
1495	4353171764	13.844	4.777
1496	4353171794	13.302	-8.884
1497	4353171822	9.455	0.384
1498	4353171839	-15.9	13.583
1499	4353172137	-15.582	11.890999999999998
1500	4353172416	13.558	4.341
1501	4353172845	13.558	4.341
1502	4353173223	-1.774	4.912
1503	4353173248	18.583	4.367
1504	4353173262	29.701	-0.7509999999999999
1505	4353173745	-15.9	13.55
1506	4353173758	34.026	0.77
1507	4353174093	18.583	4.367
1508	4353174144	-10.03	9.28
1509	4353174281	-4.472	11.233
1510	4353174498	-7.87	12.69
1511	4353174996	-4.535	11.235
1512	4353175126	12.629	6.468999999999999
1513	4353175252	-8.15	12.89
1514	4353175253	-7.84	12.68
1515	4353175541	13.714	8.394
1516	4353175706	-15.9	13.55
1517	4353176150	13.844	4.777
1518	4353176241	39.909	-3.511
1519	4353176352	39.909	-3.511
1520	4353176380	-15.9	13.55
1521	4353176561	39.909	-3.511
1522	4353176759	-1.5490000000000002	5.609
1523	4353177292	18.583	4.367
1524	4353177886	-14.917	13.567
1525	4353177912	-8.45	11.88
1526	4353178016	29.701	-0.7509999999999999
1527	4353178060	-4.472	11.233
1528	4353178108	13.558	4.341
1529	4353178139	-4.823	5.898
1530	4353178141	-4.823	5.898
1531	4353178380	14.442	5.747000000000001
1532	4353178497	-10.03	9.28
1533	4353178561	-10.03	9.28
1534	4353178708	-8.45	11.88
1535	4353178721	-14.917	13.567
1536	4353178747	-14.917	13.567
1537	4353178922	18.583	4.367
1538	4353178978	-15.9	13.55
1539	4353178980	-15.9	13.55
1540	4353179100	-4.235	11.15
1541	4353179442	-4.823	5.898
1542	4353179755	-14.222	12.272
1543	4353179902	-8.15	12.89
1544	4353180226	31.651	-1.962
1545	4353180407	-14.917	13.567
1546	4353180444	13.844	4.777
1547	4353180515	-4.535	11.235
1548	4353180642	9.455	0.384
1549	4353180761	14.442	5.747000000000001
1550	4353180918	-8.45	11.88
1551	4353180935	13.558	4.341
1552	4353181181	11.515999999999998	3.972
1553	4353181355	-5.9	13.21
1554	4353181370	-0.2189999999999999	5.667999999999999
1555	4353181669	13.844	4.777
1556	4353182029	-8.45	11.88
1557	4353182171	13.558	4.341
1558	4353182323	34.026	0.77
1559	4353182448	-15.582	11.890999999999998
1560	4353182723	-4.535	11.235
1561	4353182870	-4.535	11.235
1562	4353182888	35.299	-23.716
1563	4353183011	-1.5490000000000002	5.609
1564	4353183124	14.188	10.211
1565	4353183125	14.193	10.102
1566	4353183172	-14.917	13.567
1567	4353183723	39.909	-3.511
1568	4353184467	-8.15	12.89
1569	4353184537	-14.917	13.567
1570	4353185154	-14.917	13.567
1571	4353185157	-14.917	13.567
1572	4353185420	13.302	-8.884
1573	4353185492	18.583	4.367
1574	4353185639	13.558	4.341
1575	4353185970	-4.472	11.233
1576	4353186443	-0.2189999999999999	5.667999999999999
1577	4353186536	-4.535	11.235
1578	4353186541	-15.9	13.55
1579	4353187295	-16.033	13.417
1580	4353187468	14.442	5.747000000000001
1581	4353187469	14.442	5.747000000000001
1582	4353187736	-9.53	8.48
1583	4353187854	21.017	4.283
1584	4353188202	39.909	-3.511
1585	4353188272	-4.235	11.15
1586	4353188314	-4.472	11.233
1587	4353188315	-4.472	11.233
1588	4353188617	13.302	-8.884
1589	4353188778	38.948	-4.94
1590	4353189271	21.017	4.283
1591	4353189404	39.909	-3.511
1592	4353189468	31.651	-1.962
1593	4353189828	11.515999999999998	3.972
1594	4353190018	39.909	-3.511
1595	4353190351	-10.03	9.28
1596	4353190462	13.302	-8.884
1597	4353190620	34.026	0.77
1598	4353190758	-10.03	9.28
1599	4353190842	-7.87	12.69
1600	4353191264	-15.582	11.890999999999998
1601	4353191366	18.583	4.367
1602	4353191467	-4.235	11.15
1603	4353191727	21.017	4.283
1604	4353191812	-1.5490000000000002	5.609
1605	4353191937	-15.582	11.890999999999998
1606	4353192204	-7.87	12.69
1607	4353192380	-8.45	11.88
1608	4353192403	-7.81	10.83
1609	4353192551	13.558	4.341
1610	4353192552	13.558	4.341
1611	4353192645	35.299	-23.716
1612	4353192764	-4.235	11.15
1613	4353192945	-4.235	11.15
1614	4353193035	39.909	-3.511
1615	4353193077	9.455	0.384
1616	4353193090	13.714	8.394
1617	4353193183	29.701	-0.7509999999999999
1618	4353193408	39.909	-3.511
1619	4353193417	13.558	4.341
1620	4353193707	39.909	-3.511
1621	4353193803	-15.582	11.890999999999998
1622	4353193887	34.026	0.77
1623	4353193966	-9.53	8.48
1624	4353194124	13.558	4.341
1625	4353194128	39.909	-3.511
1626	4353194158	29.701	-0.7509999999999999
1627	4353194180	-14.917	13.567
1628	4353194271	35.299	-23.716
1629	4353194457	29.701	-0.7509999999999999
1630	4353194778	-1.17	12.06
1631	4353195037	-8.08	12.81
1632	4353195059	-4.535	11.235
1633	4353195353	9.455	0.384
1634	4353195543	-7.81	10.83
1635	4353195761	-4.472	11.233
1636	4353195762	-4.535	11.235
1637	4353195801	14.442	5.747000000000001
1638	4353195822	-14.917	13.567
1639	4353195823	-4.535	11.235
1640	4353195864	-15.582	11.890999999999998
1641	4353195865	-15.582	11.890999999999998
1642	4353196251	-1.774	4.912
1643	4353196382	18.583	4.367
1644	4353196673	13.558	4.341
1645	4353196679	-8.15	12.89
1646	4353196879	13.844	4.777
1647	4353197124	-4.472	11.233
1648	4353197165	9.455	0.384
1649	4353197507	34.026	0.77
1650	4353197562	-4.535	11.235
1651	4353197563	-4.472	11.233
1652	4353197566	29.701	-0.7509999999999999
1653	4353197634	35.299	-23.716
1654	4353197736	-14.917	13.567
1655	4353197756	13.302	-8.884
1656	4353197773	21.017	4.283
1657	4353197802	-14.917	13.567
1658	4353197839	21.017	4.283
1659	4353197890	39.909	-3.511
1660	4353197910	31.651	-1.962
1661	4353198119	18.583	4.367
1662	4353198146	35.299	-23.716
1663	4353198155	10.868	5.726
1664	4353198161	11.505999999999998	3.88
1665	4353198180	-14.917	13.567
1666	4353198323	34.026	0.77
1667	4353198493	-4.535	11.235
1668	4353198785	-4.472	11.233
1669	4353198812	13.558	4.341
1670	4353198895	-14.917	13.567
1671	4353198949	9.455	0.384
1672	4353198951	9.455	0.384
1673	4353198962	-15.582	11.890999999999998
1674	4353199258	13.844	4.777
1675	4353199370	-4.823	5.898
1676	4353199373	-4.823	5.898
1677	4353199466	9.455	0.384
1678	4353199704	13.558	4.341
1679	4353199706	29.701	-0.7509999999999999
1680	4353199732	13.558	4.341
1681	4353200093	-14.917	13.567
1682	4353200156	18.583	4.367
1683	4353200181	-14.917	13.567
1684	4353200376	-14.917	13.567
1685	4353200452	-15.582	11.890999999999998
1686	4353200453	-15.582	11.890999999999998
1687	4353200466	35.299	-23.716
1688	4353200467	35.299	-23.716
1689	4353200614	-9.53	8.48
1690	4353200710	-6.13	13.2
1691	4353200788	14.442	5.747000000000001
1692	4353200857	14.442	5.747000000000001
1693	4353200858	14.442	5.747000000000001
1694	4353201066	31.651	-1.962
1695	4353201113	31.651	-1.962
1696	4353201231	-4.472	11.233
1697	4353201232	-4.235	11.15
1698	4353201473	-10.03	9.28
1699	4353201474	-10.03	9.28
1700	4353201485	-14.917	13.567
1701	4353201500	18.583	4.367
1702	4353201502	29.701	-0.7509999999999999
1703	4353201504	9.455	0.384
1704	4353201640	-5.9	13.21
1705	4353201641	-5.9	13.21
1706	4353201913	39.909	-3.511
1707	4353201927	-4.472	11.233
1708	4353202739	-4.235	11.15
1709	4353202889	35.299	-23.716
1710	4353202890	35.299	-23.716
1711	4353202933	11.507	3.805
1712	4353202952	18.583	4.367
1713	4353203077	34.026	0.77
1714	4353203091	38.948	-4.94
1715	4353203095	35.299	-23.716
1716	4353203159	13.302	-8.884
1717	4353203239	-4.235	11.15
1718	4353203240	-4.472	11.233
1719	4353203306	21.017	4.283
1720	4353203326	13.844	4.777
1721	4353203327	13.844	4.777
1722	4353203328	13.844	4.777
1723	4353203329	13.844	4.777
1724	4353203330	13.844	4.777
1725	4353203405	-7.81	10.83
1726	4353203421	14.442	5.747000000000001
1727	4353203424	-4.535	11.235
1728	4353203429	14.442	5.747000000000001
1729	4353203565	-10.03	9.28
1730	4353203790	13.302	-8.884
1731	4353204018	-10.03	9.28
1732	4353204020	-10.03	9.28
1733	4353204041	35.299	-23.716
1734	4353204148	29.701	-0.7509999999999999
1735	4353204280	35.299	-23.716
1736	4353204290	9.455	0.384
1737	4353204291	9.455	0.384
1738	4353204305	-4.535	11.235
1739	4353204591	-5.9	13.21
1740	4353204592	-5.9	13.21
1741	4353204619	13.302	-8.884
1742	4353204710	-15.9	13.55
1743	4353204846	13.844	4.777
1744	4353204935	13.558	4.341
1745	4353205062	-1.5490000000000002	5.609
1746	4353205100	13.558	4.341
1747	4353205251	-0.261	6.093999999999999
1748	4353205252	-0.261	6.093999999999999
1749	4353205336	9.455	0.384
1750	4353205356	18.583	4.367
1751	4353205412	-7.81	10.83
1752	4353206134	-7.81	10.83
1753	4353206382	-15.9	13.55
1754	4353206398	34.026	0.77
1755	4353206600	11.632	4.332
1756	4353206876	-4.472	11.233
1757	4353206903	-10.03	9.28
1758	4353207074	13.558	4.341
1759	4353207249	13.844	4.777
1760	4353207347	-14.917	13.567
1761	4353207410	13.844	4.777
1762	4353207613	34.026	0.77
1763	4353207614	34.026	0.77
1764	4353207652	-15.9	13.55
1765	4353207959	29.701	-0.7509999999999999
1766	4353208154	-4.535	11.235
1767	4353208220	-14.917	13.567
1768	4353208414	-10.03	9.28
1769	4353208630	-4.535	11.235
1770	4353208740	10.593	5.484
1771	4353208945	29.701	-0.7509999999999999
1772	4353208959	-7.81	10.83
1773	4353209003	-14.917	13.567
1774	4353209055	35.299	-23.716
1775	4353209170	14.149	10.05
1776	4353209226	-4.235	11.15
1777	4353209241	11.140999999999998	6.097
1778	4353209504	14.442	5.747000000000001
1779	4353209990	29.701	-0.7509999999999999
1780	4353209994	-15.9	13.55
1781	4353210009	18.583	4.367
1782	4353210039	-4.472	11.233
1783	4353210339	-4.535	11.235
1784	4353210355	-4.823	5.898
1785	4353210356	-4.823	5.898
1786	4353210428	-4.472	11.233
1787	4353210513	-14.917	13.567
1788	4353210591	21.017	4.283
1789	4353210751	-0.261	6.093999999999999
1790	4353210822	31.651	-1.962
1791	4353210897	35.299	-23.716
1792	4353210898	35.299	-23.716
1793	4353210911	-4.235	11.15
1794	4353211111	13.505999999999998	9.119
1795	4353211140	39.909	-3.511
1796	4353211453	29.701	-0.7509999999999999
1797	4353211729	-4.535	11.235
1798	4353211737	18.583	4.367
1799	4353211742	-14.917	13.567
1800	4353211873	10.457	5.479
1801	4353211944	34.026	0.77
1802	4353212101	-8.2	12.2
1803	4353212204	-15.649	11.957
1804	4353212377	9.455	0.384
1805	4353212402	-9.53	8.48
1806	4353212403	-9.53	8.48
1807	4353212609	-8.33	11.47
1808	4353212675	-8.45	11.88
1809	4353212715	-15.9	13.55
1810	4353212990	35.299	-23.716
1811	4353213058	11.515999999999998	3.972
1812	4353213176	38.948	-4.94
1813	4353213401	-4.472	11.233
1814	4353213665	29.701	-0.7509999999999999
1815	4353213666	29.701	-0.7509999999999999
1816	4353213935	14.442	5.747000000000001
1817	4353214020	21.017	4.283
1818	4353214026	-4.823	5.898
1819	4353214445	-4.823	5.898
1820	4353214642	13.302	-8.884
1821	4353214821	-1.17	12.06
1822	4353215159	39.909	-3.511
1823	4353215201	-15.649	11.957
1824	4353215309	-14.917	13.567
1825	4353215467	-14.917	13.567
1826	4353215874	13.558	4.341
1827	4353216035	-8.15	12.89
1828	4353216201	-4.823	5.898
1829	4353216218	-9.53	8.48
1830	4353216350	-4.472	11.233
1831	4353216351	-4.472	11.233
1832	4353216352	-4.535	11.235
1833	4353216691	-9.53	8.48
1834	4353216744	-4.472	11.233
1835	4353216838	-4.823	5.898
1836	4353216844	-4.472	11.233
1837	4353217583	13.558	4.341
1838	4353217667	-4.823	5.898
1839	4353217801	-8.16	12.9
1840	4353217802	-8.16	12.9
1841	4353217822	-7.81	10.83
1842	4353217824	-14.917	13.567
1843	4353217873	13.844	4.777
1844	4353217976	-15.582	11.890999999999998
1845	4353218249	34.026	0.77
1846	4353218471	13.302	-8.884
1847	4353218541	-15.9	13.583
1848	4353218574	-0.2189999999999999	5.667999999999999
1849	4353218601	-15.582	11.890999999999998
1850	4353218960	-14.917	13.567
1851	4353219129	-4.535	11.235
1852	4353219425	18.583	4.367
1853	4353219629	-4.535	11.235
1854	4353219668	11.505999999999998	3.88
1855	4353220218	-4.535	11.235
1856	4353220327	-9.53	8.48
1857	4353220350	-0.261	6.093999999999999
1858	4353220381	-14.917	13.567
1859	4353220446	9.455	0.384
1860	4353220639	-4.235	11.15
1861	4353220820	-4.823	5.898
1862	4353220834	34.026	0.77
1863	4353220859	-14.917	13.567
1864	4353221195	-15.582	11.890999999999998
1865	4353221520	-7.81	10.83
1866	4353221546	13.558	4.341
1867	4353221758	-14.917	13.567
1868	4353221978	-15.582	11.890999999999998
1869	4353222016	-14.917	13.567
1870	4353222018	-14.917	13.567
1871	4353222052	13.302	-8.884
1872	4353222060	-9.53	8.48
1873	4353222227	13.893	9.774
1874	4353222347	13.558	4.341
1875	4353222398	9.455	0.384
1876	4353222577	-15.582	11.890999999999998
1877	4353222790	-4.823	5.898
1878	4353222834	13.844	4.777
1879	4353222835	13.844	4.777
1880	4353223134	-14.917	13.567
1881	4353223170	-5.9	13.21
1882	4353223571	-4.235	11.15
1883	4353223842	-15.649	11.957
1884	4353223843	-15.582	11.890999999999998
1885	4353224071	14.188	10.211
1886	4353224202	13.599	8.097999999999999
1887	4353224223	29.701	-0.7509999999999999
1888	4353224294	-4.472	11.233
1889	4353224429	14.236	10.342
1890	4353224593	11.515999999999998	3.972
1891	4353224721	-4.823	5.898
1892	4353224894	14.442	5.747000000000001
1893	4353224941	13.558	4.341
1894	4353225046	-7.87	12.69
1895	4353225162	-8.15	12.89
1896	4353225445	-4.472	11.233
1897	4353225809	-8.33	11.47
1898	4353225975	31.651	-1.962
1899	4353226025	-4.472	11.233
1900	4353226027	-4.235	11.15
1901	4353226105	-14.917	13.567
1902	4353226106	-14.917	13.567
1903	4353226197	-4.472	11.233
1904	4353226374	-0.261	6.093999999999999
1905	4353226737	39.909	-3.511
1906	4353226836	29.701	-0.7509999999999999
1907	4353227275	31.651	-1.962
1908	4353227477	14.442	5.747000000000001
1909	4353227483	-4.472	11.233
1910	4353227683	13.558	4.341
1911	4353227752	-7.81	10.83
1912	4353228198	21.017	4.283
1913	4353228199	21.017	4.283
1914	4353228226	-10.03	9.28
1915	4353228723	-10.03	9.28
1916	4353228828	-7.81	10.83
1917	4353228865	-4.823	5.898
1918	4353228866	-4.823	5.898
1919	4353229042	13.302	-8.884
1920	4353229055	34.026	0.77
1921	4353229161	-4.535	11.235
1922	4353229162	34.026	0.77
1923	4353229223	-0.2189999999999999	5.667999999999999
1924	4353229248	-14.917	13.567
1925	4353229249	-14.917	13.567
1926	4353229333	13.302	-8.884
1927	4353229334	13.302	-8.884
1928	4353229335	13.302	-8.884
1929	4353229646	-1.774	4.912
1930	4353229647	-1.774	4.912
1931	4353229716	9.455	0.384
1932	4353229897	-15.582	11.890999999999998
1933	4353229999	-4.535	11.235
1934	4353230026	18.583	4.367
1935	4353230094	34.026	0.77
1936	4353230157	-4.235	11.15
1937	4353230198	-4.472	11.233
1938	4353230319	-15.9	13.55
1939	4353230838	9.455	0.384
1940	4353230867	34.026	0.77
1941	4353230967	13.558	4.341
1942	4353230968	13.558	4.341
1943	4353231276	35.299	-23.716
1944	4353231299	-14.917	13.567
1945	4353231714	-15.649	11.957
1946	4353231746	-1.5490000000000002	5.609
1947	4353231794	-7.81	10.83
1948	4353231846	35.299	-23.716
1949	4353232029	14.442	5.747000000000001
1950	4353232059	35.299	-23.716
1951	4353232402	39.909	-3.511
1952	4353232487	13.603	8.513
1953	4353232514	21.017	4.283
1954	4353232576	29.701	-0.7509999999999999
1955	4353232640	-15.582	11.890999999999998
1956	4353232888	29.701	-0.7509999999999999
1957	4353233058	-4.472	11.233
1958	4353233059	-4.472	11.233
1959	4353233290	29.701	-0.7509999999999999
1960	4353233399	13.558	4.341
1961	4353233509	34.026	0.77
1962	4353233535	13.558	4.341
1963	4353233555	-0.2189999999999999	5.667999999999999
1964	4353233582	-5.9	13.21
1965	4353233583	-6.13	13.2
1966	4353233634	13.844	4.777
1967	4353234094	-14.917	13.567
1968	4353234216	34.026	0.77
1969	4353234217	34.026	0.77
1970	4353234413	-1.5490000000000002	5.609
1971	4353234448	-15.9	13.55
1972	4353234449	-14.917	13.567
1973	4353234450	39.909	-3.511
1974	4353234512	-14.917	13.567
1975	4353234605	38.948	-4.94
1976	4353234606	38.948	-4.94
1977	4353234798	-10.03	9.28
1978	4353234815	29.701	-0.7509999999999999
1979	4353234977	-9.53	8.48
1980	4353235284	13.844	4.777
1981	4353235289	-8.33	11.47
1982	4353235366	13.558	4.341
1983	4353235387	29.701	-0.7509999999999999
1984	4353235816	-4.823	5.898
1985	4353235877	35.299	-23.716
1986	4353235955	-14.917	13.567
1987	4353235983	14.442	5.747000000000001
1988	4353235994	14.442	5.747000000000001
1989	4353236014	-1.17	12.06
1990	4353236049	38.948	-4.94
1991	4353236077	-8.33	11.47
1992	4353236142	35.299	-23.716
1993	4353236154	13.844	4.777
1994	4353236155	13.844	4.777
1995	4353236156	13.844	4.777
1996	4353236191	39.909	-3.511
1997	4353236810	18.583	4.367
1998	4353236937	13.95	9.765
1999	4353236938	14.143	10.188
2000	4353236943	14.442	5.747000000000001
2001	4353237129	13.558	4.341
2002	4353237197	-7.81	10.83
2003	4353237343	-4.472	11.233
2004	4353237507	-9.53	8.48
2005	4353237552	-14.917	13.567
2006	4353237795	-1.774	4.912
2007	4353237866	-7.81	10.83
2008	4353237895	21.017	4.283
2009	4353237975	13.558	4.341
2010	4353238076	-5.9	13.21
2011	4353238298	-8.45	11.88
2012	4353238374	-8.33	11.47
2013	4353238436	13.558	4.341
2014	4353238451	21.017	4.283
2015	4353238456	13.581	7.82
2016	4353238464	34.026	0.77
2017	4353238588	-4.472	11.233
2018	4353238825	-4.823	5.898
2019	4353238826	-4.823	5.898
2020	4353238843	-4.823	5.898
2021	4353239005	11.11	5.88
2022	4353239285	39.909	-3.511
2023	4353239457	-0.2189999999999999	5.667999999999999
2024	4353239477	39.909	-3.511
2025	4353239578	-4.472	11.233
2026	4353239857	18.583	4.367
2027	4353240024	-10.03	9.28
2028	4353240025	-10.03	9.28
2029	4353240026	39.909	-3.511
2030	4353240407	-4.472	11.233
2031	4353240408	-4.472	11.233
2032	4353240416	-7.81	10.83
2033	4353240807	-4.823	5.898
2034	4353240835	14.442	5.747000000000001
2035	4353240877	13.302	-8.884
2036	4353240906	-8.45	11.88
2037	4353240914	-8.15	12.89
2038	4353241159	-4.235	11.15
2039	4353241208	-4.472	11.233
2040	4353241235	13.581	7.82
2041	4353241466	13.302	-8.884
2042	4353241511	-4.823	5.898
2043	4353241690	-8.15	12.89
2044	4353241896	31.651	-1.962
2045	4353241900	9.455	0.384
2046	4353241983	13.302	-8.884
2047	4353242088	-8.15	12.89
2048	4353242109	-15.649	11.957
2049	4353242673	-0.2189999999999999	5.667999999999999
2050	4353242674	-0.2189999999999999	5.667999999999999
2051	4353242717	-4.472	11.233
2052	4353242860	-14.917	13.567
2053	4353242861	-14.917	13.567
2054	4353242876	11.632	4.332
2055	4353243008	21.017	4.283
2056	4353243254	-4.535	11.235
2057	4353243293	-7.81	10.83
2058	4353243294	-7.81	10.83
2059	4353243295	-7.81	10.83
2060	4353243343	-4.823	5.898
2061	4353243434	-15.9	13.55
2062	4353243449	9.455	0.384
2063	4353243562	-0.2189999999999999	5.667999999999999
2064	4353243563	-0.2189999999999999	5.667999999999999
2065	4353243846	14.228	10.462
2066	4353243888	-15.9	13.55
2067	4353243962	-4.235	11.15
2068	4353243970	-14.917	13.567
2069	4353243997	-15.649	11.957
2070	4353244194	-4.823	5.898
2071	4353244310	21.017	4.283
2072	4353244452	13.302	-8.884
2073	4353244499	-14.917	13.567
2074	4353244603	-9.53	8.48
2075	4353245096	-4.823	5.898
2076	4353245367	35.299	-23.716
2077	4353245585	-16.033	13.417
2078	4353245590	-7.81	10.83
2079	4353245922	-10.03	9.28
2080	4353246066	-14.917	13.567
2081	4353246100	-1.5490000000000002	5.609
2082	4353246165	-4.235	11.15
2083	4353246173	-14.917	13.567
2084	4353246260	13.174	6.806
2085	4353246519	-15.9	13.55
2086	4353246520	-15.9	13.55
2087	4353246521	-15.9	13.583
2088	4353246537	13.844	4.777
2089	4353246605	13.558	4.341
2090	4353246628	-4.535	11.235
2091	4353246682	-16.033	13.417
2092	4353246683	-15.9	13.55
2093	4353246846	-0.2189999999999999	5.667999999999999
2094	4353247321	-4.472	11.233
2095	4353247323	38.948	-4.94
2096	4353247385	-14.222	12.272
2097	4353247386	-14.222	12.272
2098	4353247394	18.583	4.367
2099	4353247470	34.026	0.77
2100	4353247490	-4.235	11.15
2101	4353247539	29.701	-0.7509999999999999
2102	4353247646	-4.472	11.233
2103	4353248055	-7.81	10.83
2104	4353248200	13.558	4.341
2105	4353248300	13.844	4.777
2106	4353248963	-4.472	11.233
2107	4353249057	14.442	5.747000000000001
2108	4353249225	18.583	4.367
2109	4353249251	9.455	0.384
2110	4353249273	13.302	-8.884
2111	4353249302	-4.823	5.898
2112	4353249461	14.442	5.747000000000001
2113	4353249482	-4.235	11.15
2114	4353249779	-9.53	8.48
2115	4353249974	-14.917	13.567
2116	4353250082	-4.535	11.235
2117	4353250148	-14.917	13.567
2118	4353250151	29.701	-0.7509999999999999
2119	4353250161	29.701	-0.7509999999999999
2120	4353250692	-5.9	13.21
2121	4353251065	-0.2189999999999999	5.667999999999999
2122	4353251382	13.844	4.777
2123	4353251487	-8.45	11.88
2124	4353251725	13.515999999999998	8.579
2125	4353251777	14.442	5.747000000000001
2126	4353251857	10.868	5.726
2127	4353251901	-15.9	13.55
2128	4353252051	18.583	4.367
2129	4353252078	11.632	4.332
2130	4353252145	21.017	4.283
2131	4353252177	14.442	5.747000000000001
2132	4353252286	-8.33	11.47
2133	4353252388	-14.917	13.567
2134	4353252389	-14.917	13.567
2135	4353252485	21.017	4.283
2136	4353252600	-8.2	12.2
2137	4353252718	13.302	-8.884
2138	4353252719	13.302	-8.884
2139	4353252723	21.017	4.283
2140	4353252724	21.017	4.283
2141	4353252727	13.558	4.341
2142	4353252728	13.558	4.341
2143	4353252729	13.558	4.341
2144	4353252791	10.868	5.726
2145	4353252859	34.026	0.77
2146	4353252970	13.844	4.777
2147	4353252993	-14.917	13.567
2148	4353253281	14.442	5.747000000000001
2149	4353253282	14.442	5.747000000000001
2150	4353253283	14.442	5.747000000000001
2151	4353253285	14.442	5.747000000000001
2152	4353253599	-9.53	8.48
2153	4353253626	-14.917	13.567
2154	4353253742	13.558	4.341
2155	4353254004	-7.81	10.83
2156	4353254047	29.701	-0.7509999999999999
2157	4353254208	-8.45	11.88
2158	4353254211	13.558	4.341
2159	4353254829	29.701	-0.7509999999999999
2160	4353254871	13.844	4.777
2161	4353254946	-10.03	9.28
2162	4353255161	-9.53	8.48
2163	4353255268	14.442	5.747000000000001
2164	4353255276	-9.53	8.48
2165	4353255414	-10.03	9.28
2166	4353255648	-4.823	5.898
2167	4353255658	-4.235	11.15
2168	4353255926	34.026	0.77
2169	4353255927	34.026	0.77
2170	4353256025	9.455	0.384
2171	4353256028	13.558	4.341
2172	4353256087	-15.9	13.55
2173	4353256157	-4.472	11.233
2174	4353256190	14.442	5.747000000000001
2175	4353256210	13.558	4.341
2176	4353256212	13.558	4.341
2177	4353256470	-4.235	11.15
2178	4353256532	18.583	4.367
2179	4353256944	13.844	4.777
2180	4353257121	13.844	4.777
2181	4353257140	-9.53	8.48
2182	4353257286	21.017	4.283
2183	4353257319	-4.235	11.15
2184	4353257509	13.302	-8.884
2185	4353257599	-14.917	13.567
2186	4353257781	-1.5490000000000002	5.609
2187	4353257880	14.442	5.747000000000001
2188	4353257929	12.629	6.468999999999999
2189	4353257967	10.868	5.726
2190	4353257980	-8.15	12.89
2191	4353258075	-4.535	11.235
2192	4353258221	35.299	-23.716
2193	4353258245	34.026	0.77
2194	4353258270	-8.08	12.81
2195	4353258376	-7.81	10.83
2196	4353258583	14.442	5.747000000000001
2197	4353258656	-4.235	11.15
2198	4353258657	-4.235	11.15
2199	4353258713	18.583	4.367
2200	4353258828	-14.917	13.567
2201	4353258893	14.442	5.747000000000001
2202	4353259051	14.442	5.747000000000001
2203	4353259108	-15.9	13.583
2204	4353259109	-15.9	13.55
2205	4353259177	35.299	-23.716
2206	4353259344	-4.535	11.235
2207	4353259345	-4.472	11.233
2208	4353259346	-4.535	11.235
2209	4353259441	-4.235	11.15
2210	4353259603	-14.917	13.567
2211	4353259750	21.017	4.283
2212	4353259817	-7.81	10.83
2213	4353259848	13.656	9.049
2214	4353259958	29.701	-0.7509999999999999
2215	4353260087	-15.9	13.583
2216	4353260088	-15.649	11.957
2217	4353260157	18.583	4.367
2218	4353260218	-4.823	5.898
2219	4353260263	11.505999999999998	3.88
2220	4353260510	-8.45	11.88
2221	4353260619	-4.472	11.233
2222	4353260620	-4.472	11.233
2223	4353260638	-9.53	8.48
2224	4353260655	13.558	4.341
2225	4353260793	21.017	4.283
2226	4353260987	18.583	4.367
2227	4353261341	29.701	-0.7509999999999999
2228	4353261494	-15.649	11.957
2229	4353261523	29.701	-0.7509999999999999
2230	4353261590	9.455	0.384
2231	4353261617	29.701	-0.7509999999999999
2232	4353261639	31.651	-1.962
2233	4353261640	31.651	-1.962
2234	4353261871	11.505999999999998	3.88
2235	4353261872	11.505999999999998	3.88
2236	4353261938	13.844	4.777
2237	4353262106	-14.917	13.567
2238	4353262121	29.701	-0.7509999999999999
2239	4353262181	14.442	5.747000000000001
2240	4353262322	-15.9	13.55
2241	4353262456	34.026	0.77
2242	4353262905	13.844	4.777
2243	4353262949	13.302	-8.884
2244	4353263057	10.934	2.817
2245	4353263070	-15.582	11.890999999999998
2246	4353263071	-15.582	11.890999999999998
2247	4353263174	-14.917	13.567
2248	4353263243	-4.472	11.233
2249	4353263556	-15.649	11.957
2250	4353263886	11.11	5.88
2251	4353263953	-14.917	13.567
2252	4353263983	9.721	4.055
2253	4353264050	-14.917	13.567
2254	4353264155	-14.917	13.567
2255	4353264244	18.583	4.367
2256	4353264306	-0.2189999999999999	5.667999999999999
2257	4353264420	-10.03	9.28
2258	4353264505	29.701	-0.7509999999999999
2259	4353264506	29.701	-0.7509999999999999
2260	4353264729	-15.582	11.890999999999998
2261	4353264800	-9.53	8.48
2262	4353265297	13.558	4.341
2263	4353265314	13.558	4.341
2264	4353265347	-7.81	10.83
2265	4353265385	34.026	0.77
2266	4353265450	29.701	-0.7509999999999999
2267	4353265563	-8.16	12.9
2268	4353265748	-15.9	13.583
2269	4353265749	-15.9	13.55
2270	4353265913	9.455	0.384
2271	4353265984	21.017	4.283
2272	4353266195	-8.2	12.2
2273	4353266196	-8.2	12.2
2274	4353266197	-8.2	12.2
2275	4353266424	13.132	6.915
2276	4353266512	-8.33	11.47
2277	4353266616	-4.472	11.233
2278	4353266884	-4.823	5.898
2279	4353266895	14.143	10.188
2280	4353266977	29.701	-0.7509999999999999
2281	4353267079	14.442	5.747000000000001
2282	4353267245	-4.823	5.898
2283	4353267293	14.442	5.747000000000001
2284	4353267392	-8.15	12.89
2285	4353267393	-8.15	12.89
2286	4353268168	-4.535	11.235
2287	4353268209	-14.917	13.567
2288	4353268263	38.948	-4.94
2289	4353268289	-1.5490000000000002	5.609
2290	4353268371	13.302	-8.884
2291	4353268372	13.302	-8.884
2292	4353268451	21.017	4.283
2293	4353268530	21.017	4.283
2294	4353268639	-4.535	11.235
2295	4353268687	13.844	4.777
2296	4353269144	18.583	4.367
2297	4353269192	9.455	0.384
2298	4353269462	-15.582	11.890999999999998
2299	4353269474	13.844	4.777
2300	4353269501	34.026	0.77
2301	4353269636	-14.917	13.567
2302	4353269659	-4.535	11.235
2303	4353269906	-16.033	13.417
2304	4353270208	-4.823	5.898
2305	4353270245	-15.582	11.890999999999998
2306	4353270247	-15.649	11.957
2307	4353270291	29.701	-0.7509999999999999
2308	4353270392	13.558	4.341
2309	4353270393	13.558	4.341
2310	4353270394	13.558	4.341
2311	4353270395	13.558	4.341
2312	4353270675	-8.33	11.47
2313	4353270735	-14.917	13.567
2314	4353270958	-15.9	13.55
2315	4353271126	-9.53	8.48
2316	4353271148	38.948	-4.94
2317	4353271200	-4.235	11.15
2318	4353271314	13.558	4.341
2319	4353271323	29.701	-0.7509999999999999
2320	4353271336	31.651	-1.962
2321	4353271340	21.017	4.283
2322	4353271476	-8.15	12.89
2323	4353271640	13.558	4.341
2324	4353271690	-4.235	11.15
2325	4353271790	-16.033	13.417
2326	4353271832	13.302	-8.884
2327	4353271943	-15.582	11.890999999999998
2328	4353272036	13.558	4.341
2329	4353272282	29.701	-0.7509999999999999
2330	4353272401	29.701	-0.7509999999999999
2331	4353272402	29.701	-0.7509999999999999
2332	4353272609	39.909	-3.511
2333	4353272957	-8.16	12.9
2334	4353273174	8.7	3.7
2335	4353273803	-14.917	13.567
2336	4353273864	29.701	-0.7509999999999999
2337	4353273879	-4.823	5.898
2338	4353274005	-15.649	11.957
2339	4353274013	-10.03	9.28
2340	4353274035	-10.03	9.28
2341	4353274036	-10.03	9.28
2342	4353274055	13.111	6.751
2343	4353274095	-8.45	11.88
2344	4353274105	-14.917	13.567
2345	4353274146	18.583	4.367
2346	4353274163	-16.033	13.417
2347	4353274164	-15.9	13.55
2348	4353274206	-4.472	11.233
2349	4353274307	-0.261	6.093999999999999
2350	4353274469	-8.16	12.9
2351	4353274570	31.651	-1.962
2352	4353274624	39.909	-3.511
2353	4353274625	39.909	-3.511
2354	4353274628	-14.917	13.567
2355	4353274689	-4.535	11.235
2356	4353274800	-8.45	11.88
2357	4353274801	-8.45	11.88
2358	4353274890	11.515999999999998	3.972
2359	4353275048	-14.917	13.567
2360	4353275169	-8.45	11.88
2361	4353275268	34.026	0.77
2362	4353275269	34.026	0.77
2363	4353275310	-15.649	11.957
2364	4353275393	39.909	-3.511
2365	4353275546	-8.15	12.89
2366	4353275766	39.909	-3.511
2367	4353276029	-14.917	13.567
2368	4353276059	-9.53	8.48
2369	4353276246	-14.917	13.567
2370	4353276247	-14.917	13.567
2371	4353276318	-7.81	10.83
2372	4353276322	39.909	-3.511
2373	4353276358	18.583	4.367
2374	4353276359	18.583	4.367
2375	4353276618	13.823	9.513
2376	4353276685	-0.2189999999999999	5.667999999999999
2377	4353276691	-8.16	12.9
2378	4353276692	-8.15	12.89
2379	4353276739	-10.03	9.28
2380	4353277116	-9.53	8.48
2381	4353277132	-9.53	8.48
2382	4353277186	21.017	4.283
2383	4353277320	-4.235	11.15
2384	4353277909	-7.81	10.83
2385	4353277910	-7.81	10.83
2386	4353277989	-10.03	9.28
2387	4353278026	13.302	-8.884
2388	4353278087	34.026	0.77
2389	4353278264	-4.823	5.898
2390	4353278437	21.017	4.283
2391	4353278438	21.017	4.283
