	sampleID	x	y
0	4351169528	9.817	2.367
1	4351420592	-9.53	8.48
2	4351470741	14.242	10.425
3	4351640396	-14.917	13.567
4	4351737385	-14.917	13.567
5	4351831463	-10.03	9.28
6	4351846389	-9.53	8.48
7	4351853772	-14.917	13.567
8	4351874651	-6.13	13.2
9	4351958637	-14.917	13.567
10	4351979092	-0.2189999999999999	5.667999999999999
11	4352005051	29.701	-0.7509999999999999
12	4352028016	-4.472	11.233
13	4352041262	13.558	4.341
14	4352052490	14.442	5.747000000000001
15	4352057939	13.844	4.777
16	4352105984	-15.582	11.890999999999998
17	4352107886	-15.582	11.890999999999998
18	4352135910	21.017	4.283
19	4352137652	31.651	-1.962
20	4352142668	-9.53	8.48
21	4352160022	-15.9	13.55
22	4352164407	13.558	4.341
23	4352166781	39.909	-3.511
24	4352169915	-14.917	13.567
25	4352174296	18.583	4.367
26	4352176379	-15.582	11.890999999999998
27	4352194610	-0.261	6.093999999999999
28	4352208049	21.017	4.283
29	4352208735	14.217	10.255999999999998
30	4352209286	-14.917	13.567
31	4352228845	-15.9	13.55
32	4352233806	34.026	0.77
33	4352234846	-8.15	12.89
34	4352237136	29.701	-0.7509999999999999
35	4352240923	-15.9	13.55
36	4352253905	13.302	-8.884
37	4352253952	-1.17	12.06
38	4352263436	39.909	-3.511
39	4352269137	38.948	-4.94
40	4352276692	-0.2189999999999999	5.667999999999999
41	4352276802	-9.53	8.48
42	4352286454	-4.823	5.898
43	4352286924	35.299	-23.716
44	4352302698	13.558	4.341
45	4352303326	-15.9	13.55
46	4352310036	-4.823	5.898
47	4352317515	-4.823	5.898
48	4352319304	34.026	0.77
49	4352326758	34.026	0.77
50	4352338809	-9.53	8.48
51	4352343983	-14.917	13.567
52	4352345941	21.017	4.283
53	4352348402	14.242	10.425
54	4352349740	13.302	-8.884
55	4352357651	34.026	0.77
56	4352375298	-7.81	10.83
57	4352378042	13.581	7.82
58	4352378954	-14.917	13.567
59	4352382540	18.583	4.367
60	4352382697	39.909	-3.511
61	4352383143	-4.472	11.233
62	4352385125	-15.9	13.55
63	4352386409	-16.033	13.417
64	4352387609	13.558	4.341
65	4352396026	-1.5490000000000002	5.609
66	4352396306	-4.535	11.235
67	4352399664	-15.582	11.890999999999998
68	4352401834	-4.235	11.15
69	4352404202	-14.917	13.567
70	4352407651	-14.917	13.567
71	4352408722	18.583	4.367
72	4352409799	35.299	-23.716
73	4352419476	13.844	4.777
74	4352424090	31.651	-1.962
75	4352425255	39.909	-3.511
76	4352428746	-8.33	11.47
77	4352429704	9.455	0.384
78	4352432466	13.302	-8.884
79	4352434796	29.701	-0.7509999999999999
80	4352437829	-4.472	11.233
81	4352444453	-5.9	13.21
82	4352449967	18.583	4.367
83	4352450693	9.455	0.384
84	4352451425	-14.917	13.567
85	4352451750	-4.235	11.15
86	4352458817	-15.9	13.55
87	4352459281	-15.9	13.55
88	4352466129	-15.9	13.583
89	4352469523	29.701	-0.7509999999999999
90	4352477459	-8.15	12.89
91	4352477838	14.442	5.747000000000001
92	4352478337	-8.33	11.47
93	4352480207	-4.535	11.235
94	4352481010	34.026	0.77
95	4352481140	-4.823	5.898
96	4352486764	-10.03	9.28
97	4352488911	34.026	0.77
98	4352490974	-14.917	13.567
99	4352496502	-4.472	11.233
100	4352500212	39.909	-3.511
101	4352502215	-9.53	8.48
102	4352507668	-8.2	12.2
103	4352512440	13.302	-8.884
104	4352514599	-4.535	11.235
105	4352514636	-1.774	4.912
106	4352515849	13.4	7.322999999999999
107	4352516846	9.455	0.384
108	4352521989	-8.16	12.9
109	4352522957	21.017	4.283
110	4352524038	-14.917	13.567
111	4352525581	-4.472	11.233
112	4352529074	-14.917	13.567
113	4352530614	13.302	-8.884
114	4352533431	-7.81	10.83
115	4352540324	35.299	-23.716
116	4352540534	-14.917	13.567
117	4352547492	10.868	5.726
118	4352551110	-14.917	13.567
119	4352551615	-14.917	13.567
120	4352555153	-14.917	13.567
121	4352556404	-14.917	13.567
122	4352558858	13.558	4.341
123	4352559030	34.026	0.77
124	4352561762	39.909	-3.511
125	4352562553	-10.03	9.28
126	4352567110	18.583	4.367
127	4352567291	14.442	5.747000000000001
128	4352569814	8.7	3.7
129	4352572033	35.299	-23.716
130	4352575212	-15.649	11.957
131	4352576366	-4.472	11.233
132	4352579482	-15.9	13.55
133	4352581875	9.455	0.384
134	4352583702	-10.03	9.28
135	4352586092	-4.535	11.235
136	4352586897	31.651	-1.962
137	4352587222	-10.03	9.28
138	4352589830	-4.535	11.235
139	4352591687	39.909	-3.511
140	4352591688	39.909	-3.511
141	4352593259	-4.823	5.898
142	4352594764	-8.2	12.2
143	4352595308	-10.03	9.28
144	4352595811	-9.53	8.48
145	4352596211	9.455	0.384
146	4352598867	35.299	-23.716
147	4352600128	-1.774	4.912
148	4352601035	29.701	-0.7509999999999999
149	4352603137	-4.823	5.898
150	4352603303	9.721	4.055
151	4352606078	-15.9	13.55
152	4352606929	-15.9	13.55
153	4352610074	-4.535	11.235
154	4352612303	29.701	-0.7509999999999999
155	4352612333	-14.917	13.567
156	4352614993	-4.235	11.15
157	4352615746	-9.53	8.48
158	4352617889	-1.5490000000000002	5.609
159	4352619088	-0.2189999999999999	5.667999999999999
160	4352621097	-7.81	10.83
161	4352622106	-15.649	11.957
162	4352622261	-4.472	11.233
163	4352622880	39.909	-3.511
164	4352623739	-4.235	11.15
165	4352623957	-4.472	11.233
166	4352628875	-9.53	8.48
167	4352631352	-1.5490000000000002	5.609
168	4352636782	-14.917	13.567
169	4352637401	34.026	0.77
170	4352638548	39.909	-3.511
171	4352642395	39.909	-3.511
172	4352642697	9.455	0.384
173	4352642698	9.455	0.384
174	4352643133	-8.08	12.81
175	4352643326	21.017	4.283
176	4352644970	-14.917	13.567
177	4352646041	13.844	4.777
178	4352646661	13.302	-8.884
179	4352647775	-14.917	13.567
180	4352648940	-14.917	13.567
181	4352649311	13.558	4.341
182	4352650083	-9.53	8.48
183	4352651521	29.701	-0.7509999999999999
184	4352653176	38.948	-4.94
185	4352656453	-14.917	13.567
186	4352656650	-8.15	12.89
187	4352656788	29.701	-0.7509999999999999
188	4352659808	-4.535	11.235
189	4352662040	-4.235	11.15
190	4352663717	-15.582	11.890999999999998
191	4352667561	29.701	-0.7509999999999999
192	4352673816	-8.08	12.81
193	4352681395	-4.472	11.233
194	4352683833	34.026	0.77
195	4352686649	29.701	-0.7509999999999999
196	4352688123	-7.81	10.83
197	4352688318	13.558	4.341
198	4352688392	34.026	0.77
199	4352688403	13.558	4.341
200	4352689206	13.844	4.777
201	4352689207	13.844	4.777
202	4352690440	-4.472	11.233
203	4352691278	-8.33	11.47
204	4352692353	-4.235	11.15
205	4352697450	29.701	-0.7509999999999999
206	4352701348	35.299	-23.716
207	4352702389	39.909	-3.511
208	4352705313	-4.235	11.15
209	4352706863	34.026	0.77
210	4352707329	-7.81	10.83
211	4352707456	11.507	3.805
212	4352709278	9.455	0.384
213	4352709667	9.455	0.384
214	4352709979	39.909	-3.511
215	4352710089	-10.03	9.28
216	4352712359	14.442	5.747000000000001
217	4352716087	39.909	-3.511
218	4352716684	-14.917	13.567
219	4352717931	-15.9	13.55
220	4352718047	21.017	4.283
221	4352719076	-14.917	13.567
222	4352719201	-8.2	12.2
223	4352725438	-14.917	13.567
224	4352727719	13.558	4.341
225	4352729319	-15.582	11.890999999999998
226	4352730125	-0.2189999999999999	5.667999999999999
227	4352732826	-15.582	11.890999999999998
228	4352735985	13.844	4.777
229	4352736788	14.442	5.747000000000001
230	4352737088	-8.16	12.9
231	4352737116	-7.84	12.68
232	4352738883	18.583	4.367
233	4352739373	-15.9	13.55
234	4352739928	-14.917	13.567
235	4352744396	-7.81	10.83
236	4352744835	-4.235	11.15
237	4352746765	-4.235	11.15
238	4352748350	-8.45	11.88
239	4352750332	-1.17	12.06
240	4352751911	-4.535	11.235
241	4352752398	18.583	4.367
242	4352753304	-10.03	9.28
243	4352753833	-14.917	13.567
244	4352754820	-14.917	13.567
245	4352757113	34.026	0.77
246	4352757978	14.442	5.747000000000001
247	4352759734	-4.472	11.233
248	4352761503	14.29	10.658
249	4352762331	-4.472	11.233
250	4352762966	14.442	5.747000000000001
251	4352765810	-4.823	5.898
252	4352766687	-4.235	11.15
253	4352766702	14.212	10.708
254	4352766810	-0.2189999999999999	5.667999999999999
255	4352767761	-14.222	12.272
256	4352768207	-0.261	6.093999999999999
257	4352768430	14.442	5.747000000000001
258	4352771035	9.455	0.384
259	4352773087	-4.535	11.235
260	4352774415	13.558	4.341
261	4352775953	18.583	4.367
262	4352777399	31.651	-1.962
263	4352777994	18.583	4.367
264	4352778574	-4.235	11.15
265	4352779637	-7.81	10.83
266	4352779679	14.442	5.747000000000001
267	4352781012	13.302	-8.884
268	4352783647	-4.823	5.898
269	4352785162	35.299	-23.716
270	4352785892	-14.917	13.567
271	4352786694	-14.917	13.567
272	4352786835	-4.535	11.235
273	4352787725	21.017	4.283
274	4352788263	-4.472	11.233
275	4352789961	13.558	4.341
276	4352790667	-1.5490000000000002	5.609
277	4352791349	-4.535	11.235
278	4352791691	13.558	4.341
279	4352793156	-9.53	8.48
280	4352795015	18.583	4.367
281	4352795299	-4.535	11.235
282	4352796098	38.948	-4.94
283	4352796226	-4.823	5.898
284	4352797149	-8.33	11.47
285	4352798956	-10.03	9.28
286	4352799416	-15.582	11.890999999999998
287	4352800242	-15.649	11.957
288	4352801593	-15.9	13.55
289	4352801876	-7.81	10.83
290	4352803307	8.7	3.7
291	4352803539	11.515999999999998	3.972
292	4352803901	-14.917	13.567
293	4352804400	-15.582	11.890999999999998
294	4352805803	-14.917	13.567
295	4352807586	13.558	4.341
296	4352807613	14.442	5.747000000000001
297	4352809447	13.302	-8.884
298	4352809563	-4.535	11.235
299	4352811161	-15.9	13.55
300	4352812885	39.909	-3.511
301	4352813574	13.558	4.341
302	4352813850	13.302	-8.884
303	4352814074	-10.03	9.28
304	4352814075	-10.03	9.28
305	4352815389	-0.2189999999999999	5.667999999999999
306	4352816624	-4.823	5.898
307	4352816932	9.455	0.384
308	4352818990	-16.033	13.417
309	4352819916	-4.472	11.233
310	4352820879	-15.582	11.890999999999998
311	4352821013	29.701	-0.7509999999999999
312	4352821048	-9.53	8.48
313	4352821176	-4.472	11.233
314	4352821205	18.583	4.367
315	4352821616	-10.03	9.28
316	4352822426	9.817	2.367
317	4352823946	29.701	-0.7509999999999999
318	4352824750	13.558	4.341
319	4352828033	29.701	-0.7509999999999999
320	4352828586	13.844	4.777
321	4352830344	-0.261	6.093999999999999
322	4352830754	21.017	4.283
323	4352831557	-8.15	12.89
324	4352831962	-6.13	13.2
325	4352832053	-7.81	10.83
326	4352832517	-4.535	11.235
327	4352834207	-16.033	13.417
328	4352834737	-4.472	11.233
329	4352839020	-4.535	11.235
330	4352839515	34.026	0.77
331	4352839670	-8.16	12.9
332	4352843049	31.651	-1.962
333	4352843389	-14.917	13.567
334	4352844616	-7.81	10.83
335	4352845224	34.026	0.77
336	4352846014	14.442	5.747000000000001
337	4352846552	-15.582	11.890999999999998
338	4352847782	39.909	-3.511
339	4352850540	-15.649	11.957
340	4352850552	-8.15	12.89
341	4352851472	-4.472	11.233
342	4352851971	-0.2189999999999999	5.667999999999999
343	4352852059	39.909	-3.511
344	4352852667	-0.261	6.093999999999999
345	4352852705	13.844	4.777
346	4352854976	38.948	-4.94
347	4352855051	18.583	4.367
348	4352855391	-4.823	5.898
349	4352857534	21.017	4.283
350	4352857845	-8.33	11.47
351	4352857891	29.701	-0.7509999999999999
352	4352858494	-4.472	11.233
353	4352859189	9.455	0.384
354	4352859552	38.948	-4.94
355	4352859782	35.299	-23.716
356	4352859877	-15.649	11.957
357	4352860098	13.558	4.341
358	4352860366	34.026	0.77
359	4352860809	-4.235	11.15
360	4352861461	-4.823	5.898
361	4352861737	35.299	-23.716
362	4352861750	-10.03	9.28
363	4352862031	-4.535	11.235
364	4352862548	-4.823	5.898
365	4352862585	35.299	-23.716
366	4352862683	-4.535	11.235
367	4352862860	-9.53	8.48
368	4352863270	-7.81	10.83
369	4352863646	13.302	-8.884
370	4352864296	-14.917	13.567
371	4352865812	-4.823	5.898
372	4352865906	13.558	4.341
373	4352866253	13.844	4.777
374	4352866412	-15.582	11.890999999999998
375	4352866676	13.558	4.341
376	4352867482	14.193	10.102
377	4352869360	-7.81	10.83
378	4352869683	18.583	4.367
379	4352870280	-4.472	11.233
380	4352870321	34.026	0.77
381	4352871582	31.651	-1.962
382	4352872207	13.302	-8.884
383	4352872245	-15.649	11.957
384	4352873172	13.844	4.777
385	4352873351	18.583	4.367
386	4352873501	-9.53	8.48
387	4352873670	-8.16	12.9
388	4352874211	34.026	0.77
389	4352874444	-15.9	13.55
390	4352875017	9.455	0.384
391	4352875251	14.442	5.747000000000001
392	4352875313	-9.53	8.48
393	4352876005	34.026	0.77
394	4352876164	-15.9	13.55
395	4352876743	39.909	-3.511
396	4352877556	-8.33	11.47
397	4352877568	-8.16	12.9
398	4352877851	-4.235	11.15
399	4352877981	-4.235	11.15
400	4352878484	-4.472	11.233
401	4352878587	-4.235	11.15
402	4352879364	13.558	4.341
403	4352879365	13.558	4.341
404	4352880015	13.844	4.777
405	4352880452	38.948	-4.94
406	4352881418	-14.917	13.567
407	4352881419	-14.917	13.567
408	4352881457	-4.535	11.235
409	4352881978	18.583	4.367
410	4352882031	-14.917	13.567
411	4352882298	14.442	5.747000000000001
412	4352882449	-7.81	10.83
413	4352884621	35.299	-23.716
414	4352884767	-10.03	9.28
415	4352885187	13.302	-8.884
416	4352885531	-16.033	13.417
417	4352885623	21.017	4.283
418	4352886181	13.302	-8.884
419	4352886579	-4.235	11.15
420	4352887348	13.844	4.777
421	4352887385	13.302	-8.884
422	4352888173	18.583	4.367
423	4352888601	-9.53	8.48
424	4352888692	-15.582	11.890999999999998
425	4352889366	13.558	4.341
426	4352889506	9.455	0.384
427	4352889553	-4.472	11.233
428	4352890177	-6.13	13.2
429	4352890493	-9.53	8.48
430	4352890623	9.455	0.384
431	4352891355	13.302	-8.884
432	4352891844	21.017	4.283
433	4352892005	-8.33	11.47
434	4352892322	-4.472	11.233
435	4352892651	13.111	6.751
436	4352893459	9.455	0.384
437	4352894108	38.948	-4.94
438	4352894562	-14.917	13.567
439	4352895599	34.026	0.77
440	4352895661	-15.649	11.957
441	4352896084	14.442	5.747000000000001
442	4352896173	13.558	4.341
443	4352896197	-0.261	6.093999999999999
444	4352896412	-15.649	11.957
445	4352896895	-4.535	11.235
446	4352897240	13.558	4.341
447	4352898282	13.844	4.777
448	4352898285	34.026	0.77
449	4352899467	34.026	0.77
450	4352899482	34.026	0.77
451	4352899682	13.844	4.777
452	4352900320	-4.823	5.898
453	4352900451	-4.535	11.235
454	4352900476	-9.53	8.48
455	4352900478	-9.53	8.48
456	4352902182	21.017	4.283
457	4352903461	-1.17	12.06
458	4352904410	11.507	3.805
459	4352904671	21.017	4.283
460	4352905602	35.299	-23.716
461	4352906010	-15.9	13.55
462	4352906028	-16.033	13.417
463	4352907397	-7.81	10.83
464	4352907582	-4.235	11.15
465	4352908690	11.515999999999998	3.972
466	4352909923	13.844	4.777
467	4352909933	-14.917	13.567
468	4352910019	-4.535	11.235
469	4352911023	-4.535	11.235
470	4352911452	-15.9	13.55
471	4352911703	18.583	4.367
472	4352911966	34.026	0.77
473	4352911997	-4.823	5.898
474	4352911999	-4.823	5.898
475	4352913077	-1.17	12.06
476	4352914373	-16.033	13.417
477	4352914514	-14.917	13.567
478	4352914578	-7.81	10.83
479	4352915174	39.909	-3.511
480	4352915357	14.188	10.211
481	4352915893	-0.2189999999999999	5.667999999999999
482	4352915954	18.583	4.367
483	4352917383	11.515999999999998	3.972
484	4352917921	34.026	0.77
485	4352919779	35.299	-23.716
486	4352919915	-14.917	13.567
487	4352921431	13.558	4.341
488	4352921577	29.701	-0.7509999999999999
489	4352921740	21.017	4.283
490	4352922071	-4.235	11.15
491	4352923078	-4.472	11.233
492	4352925074	-4.535	11.235
493	4352925724	10.868	5.726
494	4352925749	14.143	10.188
495	4352925919	18.583	4.367
496	4352926627	-8.45	11.88
497	4352927138	13.844	4.777
498	4352927510	35.299	-23.716
499	4352927989	-4.823	5.898
500	4352928441	-15.582	11.890999999999998
501	4352928800	35.299	-23.716
502	4352929014	-14.917	13.567
503	4352930306	-4.535	11.235
504	4352930744	14.442	5.747000000000001
505	4352930833	-15.9	13.55
506	4352931300	34.026	0.77
507	4352932208	-0.2189999999999999	5.667999999999999
508	4352933544	9.455	0.384
509	4352934439	-14.917	13.567
510	4352935213	39.909	-3.511
511	4352935616	34.026	0.77
512	4352935617	34.026	0.77
513	4352935805	-15.9	13.55
514	4352936519	29.701	-0.7509999999999999
515	4352936602	39.909	-3.511
516	4352937152	-4.472	11.233
517	4352937236	34.026	0.77
518	4352938008	-4.472	11.233
519	4352938590	21.017	4.283
520	4352939891	-4.472	11.233
521	4352940315	-7.81	10.83
522	4352941388	34.026	0.77
523	4352941827	-4.535	11.235
524	4352942203	34.026	0.77
525	4352942464	14.442	5.747000000000001
526	4352943443	-15.582	11.890999999999998
527	4352943555	-4.472	11.233
528	4352943556	-4.472	11.233
529	4352944786	13.844	4.777
530	4352946482	35.299	-23.716
531	4352946563	14.442	5.747000000000001
532	4352947456	9.455	0.384
533	4352948101	11.632	4.332
534	4352948785	-4.472	11.233
535	4352948869	9.455	0.384
536	4352948898	-4.823	5.898
537	4352949530	31.651	-1.962
538	4352949789	13.462	7.335
539	4352949827	-4.235	11.15
540	4352949828	-4.535	11.235
541	4352949892	-1.774	4.912
542	4352950316	-9.53	8.48
543	4352950499	29.701	-0.7509999999999999
544	4352950966	-15.649	11.957
545	4352951072	-4.235	11.15
546	4352951411	-4.823	5.898
547	4352951648	38.948	-4.94
548	4352951717	13.558	4.341
549	4352951777	-4.472	11.233
550	4352952476	35.299	-23.716
551	4352952831	13.558	4.341
552	4352953556	-15.9	13.583
553	4352953914	-4.472	11.233
554	4352953926	-5.9	13.21
555	4352953927	-5.9	13.21
556	4352954104	34.026	0.77
557	4352954304	13.302	-8.884
558	4352954305	13.302	-8.884
559	4352954437	13.302	-8.884
560	4352954444	34.026	0.77
561	4352954538	35.299	-23.716
562	4352954986	-1.5490000000000002	5.609
563	4352955700	38.948	-4.94
564	4352955854	-5.9	13.21
565	4352956170	-1.774	4.912
566	4352956569	-1.5490000000000002	5.609
567	4352957050	13.844	4.777
568	4352957164	14.442	5.747000000000001
569	4352958208	13.558	4.341
570	4352959005	-4.235	11.15
571	4352959330	29.701	-0.7509999999999999
572	4352959414	-4.235	11.15
573	4352959647	29.701	-0.7509999999999999
574	4352960123	-4.235	11.15
575	4352960200	13.302	-8.884
576	4352960232	-10.03	9.28
577	4352960320	-10.03	9.28
578	4352960349	14.442	5.747000000000001
579	4352960353	-4.235	11.15
580	4352960830	-8.45	11.88
581	4352960865	29.701	-0.7509999999999999
582	4352961053	13.302	-8.884
583	4352962089	18.583	4.367
584	4352962349	21.017	4.283
585	4352962384	-1.5490000000000002	5.609
586	4352963051	29.701	-0.7509999999999999
587	4352963681	-10.03	9.28
588	4352964309	21.017	4.283
589	4352964427	14.442	5.747000000000001
590	4352964583	13.302	-8.884
591	4352964749	-1.774	4.912
592	4352965051	-0.261	6.093999999999999
593	4352965528	-4.235	11.15
594	4352966374	8.7	3.7
595	4352966474	-1.5490000000000002	5.609
596	4352966686	-14.917	13.567
597	4352967326	-10.03	9.28
598	4352967335	9.455	0.384
599	4352967695	11.539	3.87
600	4352967743	29.701	-0.7509999999999999
601	4352967864	13.844	4.777
602	4352968403	21.017	4.283
603	4352968574	-15.582	11.890999999999998
604	4352969842	13.462	7.335
605	4352970205	-14.917	13.567
606	4352971048	14.242	10.425
607	4352972839	-14.917	13.567
608	4352973851	-8.33	11.47
609	4352974254	21.017	4.283
610	4352974637	29.701	-0.7509999999999999
611	4352975570	-5.9	13.21
612	4352976129	-15.9	13.55
613	4352976959	13.302	-8.884
614	4352976960	13.302	-8.884
615	4352977298	-14.222	12.272
616	4352977699	13.844	4.777
617	4352977843	21.017	4.283
618	4352978389	-7.81	10.83
619	4352978773	-4.472	11.233
620	4352978774	-4.235	11.15
621	4352978942	-4.235	11.15
622	4352979996	13.558	4.341
623	4352980683	-1.774	4.912
624	4352980688	14.442	5.747000000000001
625	4352981281	-15.9	13.55
626	4352981346	29.701	-0.7509999999999999
627	4352981461	-4.472	11.233
628	4352981499	-0.261	6.093999999999999
629	4352981613	13.844	4.777
630	4352981614	13.844	4.777
631	4352981727	-9.53	8.48
632	4352982285	-8.45	11.88
633	4352983333	14.236	10.342
634	4352986850	-8.15	12.89
635	4352986852	-8.15	12.89
636	4352986858	14.442	5.747000000000001
637	4352986859	14.442	5.747000000000001
638	4352986944	-4.823	5.898
639	4352987263	-4.823	5.898
640	4352988456	11.505999999999998	3.88
641	4352989169	-14.917	13.567
642	4352989517	-10.03	9.28
643	4352989743	18.583	4.367
644	4352990195	13.558	4.341
645	4352990939	14.149	10.05
646	4352990954	13.844	4.777
647	4352990992	13.558	4.341
648	4352991030	-8.16	12.9
649	4352992065	-15.649	11.957
650	4352992200	-7.81	10.83
651	4352992225	-4.535	11.235
652	4352992768	10.934	2.817
653	4352992799	-15.9	13.55
654	4352992817	-8.15	12.89
655	4352993179	35.299	-23.716
656	4352994305	-8.16	12.9
657	4352994870	39.909	-3.511
658	4352996730	29.701	-0.7509999999999999
659	4352997033	13.558	4.341
660	4352997591	34.026	0.77
661	4352998230	18.583	4.367
662	4352998586	-4.472	11.233
663	4352998780	-14.917	13.567
664	4353000804	8.7	3.7
665	4353001011	13.302	-8.884
666	4353001232	38.948	-4.94
667	4353001594	-14.917	13.567
668	4353002872	35.299	-23.716
669	4353003143	13.656	9.049
670	4353003179	-8.15	12.89
671	4353003521	29.701	-0.7509999999999999
672	4353004458	14.442	5.747000000000001
673	4353004619	-8.15	12.89
674	4353005197	-5.9	13.21
675	4353005254	-4.535	11.235
676	4353005848	35.299	-23.716
677	4353006164	-4.235	11.15
678	4353006303	14.442	5.747000000000001
679	4353006475	13.302	-8.884
680	4353006630	11.519	3.369
681	4353006861	-4.472	11.233
682	4353007206	13.558	4.341
683	4353007210	-9.53	8.48
684	4353007443	38.948	-4.94
685	4353007537	-15.582	11.890999999999998
686	4353008048	-10.03	9.28
687	4353008326	13.823	9.513
688	4353008337	-16.033	13.417
689	4353009053	31.651	-1.962
690	4353009054	31.651	-1.962
691	4353009156	31.651	-1.962
692	4353009195	9.455	0.384
693	4353009993	-14.917	13.567
694	4353010032	29.701	-0.7509999999999999
695	4353010528	18.583	4.367
696	4353011109	29.701	-0.7509999999999999
697	4353011277	18.583	4.367
698	4353011345	-4.535	11.235
699	4353011502	34.026	0.77
700	4353012380	31.651	-1.962
701	4353013532	-4.823	5.898
702	4353013694	-4.535	11.235
703	4353014087	-1.774	4.912
704	4353014111	-7.81	10.83
705	4353014712	21.017	4.283
706	4353015116	39.909	-3.511
707	4353015331	-9.53	8.48
708	4353015769	-14.917	13.567
709	4353015879	-1.774	4.912
710	4353016918	21.017	4.283
711	4353017033	-4.823	5.898
712	4353017135	14.442	5.747000000000001
713	4353017399	13.844	4.777
714	4353018018	13.844	4.777
715	4353018158	35.299	-23.716
716	4353018321	-15.9	13.55
717	4353018376	29.701	-0.7509999999999999
718	4353018565	13.54	8.722000000000001
719	4353019074	8.7	3.7
720	4353019665	-1.17	12.06
721	4353020057	21.017	4.283
722	4353020841	-7.87	12.69
723	4353020976	-10.03	9.28
724	4353021887	-1.774	4.912
725	4353022283	-15.582	11.890999999999998
726	4353023502	39.909	-3.511
727	4353023504	-4.235	11.15
728	4353023523	-4.535	11.235
729	4353023732	-0.2189999999999999	5.667999999999999
730	4353023752	18.583	4.367
731	4353024155	-9.53	8.48
732	4353024206	-4.472	11.233
733	4353024208	-4.472	11.233
734	4353024233	-4.823	5.898
735	4353024246	29.701	-0.7509999999999999
736	4353025277	13.844	4.777
737	4353026468	21.017	4.283
738	4353026485	-15.9	13.583
739	4353026587	9.455	0.384
740	4353026780	-14.917	13.567
741	4353027106	-7.81	10.83
742	4353027179	-8.45	11.88
743	4353028439	-7.84	12.68
744	4353028878	-10.03	9.28
745	4353029395	13.558	4.341
746	4353029397	13.558	4.341
747	4353030196	34.026	0.77
748	4353030848	-4.823	5.898
749	4353031011	-4.472	11.233
750	4353031012	-4.472	11.233
751	4353031199	38.948	-4.94
752	4353031335	-0.261	6.093999999999999
753	4353032064	13.844	4.777
754	4353032452	-10.03	9.28
755	4353033187	13.558	4.341
756	4353033383	9.455	0.384
757	4353034119	14.442	5.747000000000001
758	4353034269	11.632	4.332
759	4353034436	13.844	4.777
760	4353035050	-10.03	9.28
761	4353035181	-14.917	13.567
762	4353036060	-14.917	13.567
763	4353036358	-4.472	11.233
764	4353036612	13.302	-8.884
765	4353036757	39.909	-3.511
766	4353036758	39.909	-3.511
767	4353037332	9.455	0.384
768	4353037725	-9.53	8.48
769	4353037829	-14.917	13.567
770	4353038515	-14.917	13.567
771	4353038598	39.909	-3.511
772	4353039074	34.026	0.77
773	4353039106	-14.917	13.567
774	4353039430	14.228	10.462
775	4353039652	14.442	5.747000000000001
776	4353040077	-4.235	11.15
777	4353040078	-4.235	11.15
778	4353040081	-5.9	13.21
779	4353040247	-15.649	11.957
780	4353040249	-15.649	11.957
781	4353040266	-4.472	11.233
782	4353040291	-4.823	5.898
783	4353040632	39.909	-3.511
784	4353041096	-15.582	11.890999999999998
785	4353041097	-15.649	11.957
786	4353041098	-15.582	11.890999999999998
787	4353041495	18.583	4.367
788	4353041498	-8.45	11.88
789	4353041586	-9.53	8.48
790	4353041880	-4.235	11.15
791	4353041956	-7.81	10.83
792	4353042003	38.948	-4.94
793	4353042099	21.017	4.283
794	4353042340	-4.235	11.15
795	4353043239	-1.5490000000000002	5.609
796	4353043495	29.701	-0.7509999999999999
797	4353044253	13.844	4.777
798	4353044455	-10.03	9.28
799	4353044735	8.7	3.7
800	4353045125	-15.9	13.55
801	4353045536	14.442	5.747000000000001
802	4353045988	13.302	-8.884
803	4353046501	13.558	4.341
804	4353046857	13.505999999999998	9.119
805	4353047039	14.442	5.747000000000001
806	4353047041	14.442	5.747000000000001
807	4353047080	-0.261	6.093999999999999
808	4353047081	-0.261	6.093999999999999
809	4353047240	18.583	4.367
810	4353047506	13.558	4.341
811	4353048140	-15.9	13.583
812	4353048707	29.701	-0.7509999999999999
813	4353048709	29.701	-0.7509999999999999
814	4353048846	34.026	0.77
815	4353048889	-8.15	12.89
816	4353050536	-15.9	13.55
817	4353050538	-14.917	13.567
818	4353050568	-15.582	11.890999999999998
819	4353050569	-15.582	11.890999999999998
820	4353051368	34.026	0.77
821	4353051370	34.026	0.77
822	4353051389	-14.917	13.567
823	4353051390	-14.917	13.567
824	4353051608	-4.823	5.898
825	4353051666	-8.33	11.47
826	4353051702	-15.9	13.55
827	4353051785	-14.917	13.567
828	4353051984	13.844	4.777
829	4353052570	12.629	6.468999999999999
830	4353052822	18.583	4.367
831	4353052888	-8.33	11.47
832	4353052938	13.302	-8.884
833	4353052941	8.7	3.7
834	4353053259	-14.917	13.567
835	4353053681	29.701	-0.7509999999999999
836	4353054156	14.442	5.747000000000001
837	4353054589	-7.81	10.83
838	4353054759	-14.222	12.272
839	4353054836	21.017	4.283
840	4353055137	38.948	-4.94
841	4353055234	21.017	4.283
842	4353055747	-15.649	11.957
843	4353055795	31.651	-1.962
844	4353055841	13.558	4.341
845	4353057118	-10.03	9.28
846	4353058044	39.909	-3.511
847	4353058486	11.535	4.166
848	4353058508	14.442	5.747000000000001
849	4353059231	-8.15	12.89
850	4353059336	-9.53	8.48
851	4353059888	-4.472	11.233
852	4353059936	29.701	-0.7509999999999999
853	4353060007	13.558	4.341
854	4353060177	34.026	0.77
855	4353060894	13.302	-8.884
856	4353060903	14.442	5.747000000000001
857	4353061153	-8.2	12.2
858	4353061404	34.026	0.77
859	4353062104	11.505999999999998	3.88
860	4353062332	34.026	0.77
861	4353062358	-4.472	11.233
862	4353062648	34.026	0.77
863	4353062862	-15.9	13.55
864	4353062945	-8.15	12.89
865	4353063000	18.583	4.367
866	4353063032	13.558	4.341
867	4353063033	13.844	4.777
868	4353063362	9.455	0.384
869	4353063430	-4.472	11.233
870	4353063722	-7.81	10.83
871	4353063935	-8.33	11.47
872	4353063936	-8.45	11.88
873	4353065097	35.299	-23.716
874	4353065426	13.558	4.341
875	4353065428	13.558	4.341
876	4353065748	-16.033	13.417
877	4353065824	-14.917	13.567
878	4353065927	-15.9	13.55
879	4353066194	39.909	-3.511
880	4353066377	-10.03	9.28
881	4353066593	-0.261	6.093999999999999
882	4353066777	-4.823	5.898
883	4353067058	-14.917	13.567
884	4353067506	-10.03	9.28
885	4353067853	13.558	4.341
886	4353067883	39.909	-3.511
887	4353068014	-7.87	12.69
888	4353068484	-14.917	13.567
889	4353068702	13.302	-8.884
890	4353068703	13.302	-8.884
891	4353068964	-4.472	11.233
892	4353068972	-8.15	12.89
893	4353069477	14.442	5.747000000000001
894	4353069994	-1.5490000000000002	5.609
895	4353070663	18.583	4.367
896	4353070675	31.651	-1.962
897	4353070762	-4.823	5.898
898	4353070869	21.017	4.283
899	4353070929	-8.15	12.89
900	4353071105	14.442	5.747000000000001
901	4353071420	10.868	5.726
902	4353071552	-4.472	11.233
903	4353071773	-15.582	11.890999999999998
904	4353071835	13.550999999999998	7.399
905	4353071907	-4.472	11.233
906	4353071988	-8.2	12.2
907	4353072511	13.174	6.806
908	4353072936	-4.472	11.233
909	4353073025	9.455	0.384
910	4353073137	-15.649	11.957
911	4353073175	29.701	-0.7509999999999999
912	4353073319	-4.472	11.233
913	4353073729	-4.823	5.898
914	4353073796	14.143	10.188
915	4353074110	-14.917	13.567
916	4353074450	-9.53	8.48
917	4353074468	13.558	4.341
918	4353074591	35.299	-23.716
919	4353074594	-15.649	11.957
920	4353074720	21.017	4.283
921	4353075231	-7.81	10.83
922	4353075232	-7.81	10.83
923	4353075367	-4.472	11.233
924	4353075630	18.583	4.367
925	4353075763	31.651	-1.962
926	4353075875	9.455	0.384
927	4353075876	9.455	0.384
928	4353076003	-16.033	13.417
929	4353076052	13.558	4.341
930	4353076058	-4.823	5.898
931	4353076131	-4.235	11.15
932	4353076689	31.651	-1.962
933	4353077393	34.026	0.77
934	4353077447	-15.9	13.55
935	4353077663	38.948	-4.94
936	4353078050	-4.535	11.235
937	4353078208	-1.5490000000000002	5.609
938	4353078408	-1.774	4.912
939	4353078449	11.515999999999998	3.972
940	4353078777	13.302	-8.884
941	4353079117	-4.823	5.898
942	4353079388	18.583	4.367
943	4353079396	9.455	0.384
944	4353079772	39.909	-3.511
945	4353080233	-14.917	13.567
946	4353080659	14.442	5.747000000000001
947	4353081638	35.299	-23.716
948	4353081722	-5.9	13.21
949	4353082115	-4.823	5.898
950	4353082214	-14.222	12.272
951	4353083061	21.017	4.283
952	4353083108	-4.472	11.233
953	4353083176	-14.917	13.567
954	4353083193	-14.917	13.567
955	4353083578	39.909	-3.511
956	4353083618	-4.235	11.15
957	4353083644	-8.45	11.88
958	4353083669	-4.535	11.235
959	4353084168	35.299	-23.716
960	4353084199	-14.917	13.567
961	4353084247	-4.535	11.235
962	4353084456	-7.87	12.69
963	4353084505	34.026	0.77
964	4353084914	29.701	-0.7509999999999999
965	4353084919	-15.582	11.890999999999998
966	4353084943	-1.17	12.06
967	4353085224	-15.9	13.583
968	4353085619	21.017	4.283
969	4353085670	-8.15	12.89
970	4353085703	-4.235	11.15
971	4353085811	18.583	4.367
972	4353085991	11.11	5.88
973	4353086050	21.017	4.283
974	4353087372	-15.582	11.890999999999998
975	4353087555	-15.9	13.55
976	4353087593	35.299	-23.716
977	4353087712	-9.53	8.48
978	4353087840	10.868	5.726
979	4353088055	29.701	-0.7509999999999999
980	4353088079	9.455	0.384
981	4353088377	13.844	4.777
982	4353088556	-14.917	13.567
983	4353088630	10.457	5.479
984	4353088697	13.844	4.777
985	4353089790	13.558	4.341
986	4353090050	34.026	0.77
987	4353091930	13.844	4.777
988	4353092621	13.302	-8.884
989	4353092693	11.632	4.332
990	4353092754	9.455	0.384
991	4353092961	29.701	-0.7509999999999999
992	4353093292	13.905	9.764
993	4353093825	-15.582	11.890999999999998
994	4353093887	-9.53	8.48
995	4353093983	-15.649	11.957
996	4353094126	-4.535	11.235
997	4353094297	13.844	4.777
998	4353094338	35.299	-23.716
999	4353094400	34.026	0.77
1000	4353094531	29.701	-0.7509999999999999
1001	4353094536	-4.535	11.235
1002	4353094837	-4.472	11.233
1003	4353095443	38.948	-4.94
1004	4353095465	-6.13	13.2
1005	4353095541	-10.03	9.28
1006	4353095603	13.302	-8.884
1007	4353095614	35.299	-23.716
1008	4353095873	13.844	4.777
1009	4353095946	9.455	0.384
1010	4353096589	29.701	-0.7509999999999999
1011	4353096917	-4.235	11.15
1012	4353097199	-4.823	5.898
1013	4353097500	21.017	4.283
1014	4353097528	11.505999999999998	3.88
1015	4353097566	39.909	-3.511
1016	4353097800	34.026	0.77
1017	4353098743	21.017	4.283
1018	4353098864	-8.08	12.81
1019	4353098998	-14.917	13.567
1020	4353099524	-15.9	13.55
1021	4353099544	34.026	0.77
1022	4353099571	21.017	4.283
1023	4353100114	29.701	-0.7509999999999999
1024	4353100382	-4.235	11.15
1025	4353100561	18.583	4.367
1026	4353100620	13.302	-8.884
1027	4353101013	-0.261	6.093999999999999
1028	4353101026	13.844	4.777
1029	4353101398	-8.33	11.47
1030	4353101646	29.701	-0.7509999999999999
1031	4353102120	-15.9	13.55
1032	4353102195	-1.5490000000000002	5.609
1033	4353102396	21.017	4.283
1034	4353102697	21.017	4.283
1035	4353102750	14.442	5.747000000000001
1036	4353102985	-10.03	9.28
1037	4353103441	34.026	0.77
1038	4353103821	-4.535	11.235
1039	4353103862	29.701	-0.7509999999999999
1040	4353103879	13.844	4.777
1041	4353104919	21.017	4.283
1042	4353105300	-8.33	11.47
1043	4353105609	-14.917	13.567
1044	4353105617	10.593	5.484
1045	4353106042	-1.5490000000000002	5.609
1046	4353106345	-14.917	13.567
1047	4353106467	-10.03	9.28
1048	4353106496	18.583	4.367
1049	4353106695	-0.2189999999999999	5.667999999999999
1050	4353107350	-4.535	11.235
1051	4353107365	35.299	-23.716
1052	4353107384	-15.9	13.55
1053	4353107593	-15.582	11.890999999999998
1054	4353107748	-9.53	8.48
1055	4353108472	29.701	-0.7509999999999999
1056	4353108689	21.017	4.283
1057	4353108911	13.558	4.341
1058	4353109470	13.844	4.777
1059	4353109662	-4.472	11.233
1060	4353111632	13.558	4.341
1061	4353111688	-5.9	13.21
1062	4353111999	-4.823	5.898
1063	4353112061	-15.9	13.55
1064	4353112242	29.701	-0.7509999999999999
1065	4353112323	39.909	-3.511
1066	4353112462	13.558	4.341
1067	4353112619	13.844	4.777
1068	4353112776	-10.03	9.28
1069	4353112970	31.651	-1.962
1070	4353113596	-8.33	11.47
1071	4353113653	-15.9	13.583
1072	4353114034	34.026	0.77
1073	4353114035	34.026	0.77
1074	4353114096	31.651	-1.962
1075	4353114165	-9.53	8.48
1076	4353114468	-4.823	5.898
1077	4353114796	13.844	4.777
1078	4353115130	-4.472	11.233
1079	4353115195	-14.917	13.567
1080	4353115628	-0.2189999999999999	5.667999999999999
1081	4353116612	21.017	4.283
1082	4353116920	-4.472	11.233
1083	4353117357	-15.582	11.890999999999998
1084	4353117416	-4.823	5.898
1085	4353117911	-8.08	12.81
1086	4353118307	-14.917	13.567
1087	4353118692	-15.582	11.890999999999998
1088	4353118847	-9.53	8.48
1089	4353119001	-7.81	10.83
1090	4353119085	13.844	4.777
1091	4353120045	-14.917	13.567
1092	4353120085	18.583	4.367
1093	4353120178	18.583	4.367
1094	4353120217	-4.472	11.233
1095	4353120635	13.640999999999998	8.199
1096	4353120759	-15.582	11.890999999999998
1097	4353120809	-9.53	8.48
1098	4353121297	35.299	-23.716
1099	4353121569	-10.03	9.28
1100	4353121578	39.909	-3.511
1101	4353121742	-14.917	13.567
1102	4353121890	39.909	-3.511
1103	4353121962	9.721	4.055
1104	4353122059	-5.9	13.21
1105	4353122365	-9.53	8.48
1106	4353122530	-15.582	11.890999999999998
1107	4353122622	-1.774	4.912
1108	4353122762	-7.81	10.83
1109	4353123040	13.302	-8.884
1110	4353123134	14.442	5.747000000000001
1111	4353123136	14.442	5.747000000000001
1112	4353123243	-4.235	11.15
1113	4353123455	13.558	4.341
1114	4353123467	-15.9	13.55
1115	4353123520	-4.823	5.898
1116	4353123825	14.442	5.747000000000001
1117	4353123967	13.302	-8.884
1118	4353123990	13.844	4.777
1119	4353123991	13.844	4.777
1120	4353124035	38.948	-4.94
1121	4353124084	-7.81	10.83
1122	4353124372	18.583	4.367
1123	4353124419	-16.033	13.417
1124	4353124450	31.651	-1.962
1125	4353124456	13.558	4.341
1126	4353124583	-4.535	11.235
1127	4353124628	-15.582	11.890999999999998
1128	4353124644	35.299	-23.716
1129	4353124753	-14.917	13.567
1130	4353125009	-14.917	13.567
1131	4353125246	-4.535	11.235
1132	4353125303	35.299	-23.716
1133	4353126151	-4.235	11.15
1134	4353126168	34.026	0.77
1135	4353126173	-4.823	5.898
1136	4353126592	-4.472	11.233
1137	4353126827	13.302	-8.884
1138	4353127180	21.017	4.283
1139	4353127478	13.111	6.751
1140	4353127829	-15.9	13.583
1141	4353127858	-8.33	11.47
1142	4353128175	-1.774	4.912
1143	4353128178	-14.917	13.567
1144	4353128204	-14.917	13.567
1145	4353128781	-15.649	11.957
1146	4353129053	13.844	4.777
1147	4353129176	-4.472	11.233
1148	4353129179	-4.472	11.233
1149	4353129228	39.909	-3.511
1150	4353129578	13.515999999999998	8.579
1151	4353129614	-10.03	9.28
1152	4353129667	-4.823	5.898
1153	4353129844	-15.9	13.55
1154	4353130332	-0.2189999999999999	5.667999999999999
1155	4353130378	-0.261	6.093999999999999
1156	4353130467	13.844	4.777
1157	4353130577	-4.472	11.233
1158	4353130645	39.909	-3.511
1159	4353130791	-9.53	8.48
1160	4353130826	9.455	0.384
1161	4353131287	-4.472	11.233
1162	4353131362	14.442	5.747000000000001
1163	4353131441	-14.917	13.567
1164	4353132070	-4.535	11.235
1165	4353132395	34.026	0.77
1166	4353132417	29.701	-0.7509999999999999
1167	4353132426	-0.261	6.093999999999999
1168	4353132965	9.455	0.384
1169	4353133137	35.299	-23.716
1170	4353133289	-14.917	13.567
1171	4353133294	-4.472	11.233
1172	4353133420	13.844	4.777
1173	4353133426	29.701	-0.7509999999999999
1174	4353133458	-9.53	8.48
1175	4353133562	-8.45	11.88
1176	4353133786	-9.53	8.48
1177	4353134211	35.299	-23.716
1178	4353134453	-7.81	10.83
1179	4353134462	-7.81	10.83
1180	4353134530	-15.9	13.55
1181	4353134567	-7.81	10.83
1182	4353134664	14.188	10.211
1183	4353135285	21.017	4.283
1184	4353135354	-14.917	13.567
1185	4353135707	-4.235	11.15
1186	4353135746	-7.81	10.83
1187	4353135918	13.558	4.341
1188	4353136090	-10.03	9.28
1189	4353136439	13.644	8.476
1190	4353136512	14.442	5.747000000000001
1191	4353137168	-15.9	13.55
1192	4353137259	-8.45	11.88
1193	4353138020	-4.535	11.235
1194	4353138314	29.701	-0.7509999999999999
1195	4353138630	-8.15	12.89
1196	4353138771	13.302	-8.884
1197	4353138843	-1.5490000000000002	5.609
1198	4353138844	-1.5490000000000002	5.609
1199	4353139163	18.583	4.367
1200	4353139334	-9.53	8.48
1201	4353139397	-14.917	13.567
1202	4353139507	-7.81	10.83
1203	4353139679	21.017	4.283
1204	4353139778	-5.9	13.21
1205	4353139813	14.442	5.747000000000001
1206	4353140057	35.299	-23.716
1207	4353140123	-14.917	13.567
1208	4353140220	-14.917	13.567
1209	4353140238	-4.472	11.233
1210	4353140445	18.583	4.367
1211	4353140504	-14.917	13.567
1212	4353140583	-15.9	13.55
1213	4353140693	-4.535	11.235
1214	4353140700	18.583	4.367
1215	4353140869	-9.53	8.48
1216	4353141042	-14.917	13.567
1217	4353141044	18.583	4.367
1218	4353141084	29.701	-0.7509999999999999
1219	4353141630	-15.9	13.55
1220	4353141692	-15.9	13.55
1221	4353141812	10.056	2.855
1222	4353141949	35.299	-23.716
1223	4353142084	-14.917	13.567
1224	4353142571	39.909	-3.511
1225	4353142572	39.909	-3.511
1226	4353142582	14.442	5.747000000000001
1227	4353142607	-15.9	13.55
1228	4353142834	-4.235	11.15
1229	4353142972	-15.582	11.890999999999998
1230	4353143432	-16.033	13.417
1231	4353143618	-9.53	8.48
1232	4353143912	29.701	-0.7509999999999999
1233	4353143913	29.701	-0.7509999999999999
1234	4353143916	13.558	4.341
1235	4353144177	10.868	5.726
1236	4353144348	29.701	-0.7509999999999999
1237	4353144407	-10.03	9.28
1238	4353144455	13.302	-8.884
1239	4353144585	13.844	4.777
1240	4353144586	13.844	4.777
1241	4353144795	29.701	-0.7509999999999999
1242	4353144850	-4.472	11.233
1243	4353144912	-7.81	10.83
1244	4353144929	13.503	8.888
1245	4353145079	14.442	5.747000000000001
1246	4353145597	-4.535	11.235
1247	4353145643	18.583	4.367
1248	4353146033	14.442	5.747000000000001
1249	4353146111	34.026	0.77
1250	4353146136	-15.582	11.890999999999998
1251	4353146658	-8.08	12.81
1252	4353146786	-0.261	6.093999999999999
1253	4353146869	13.844	4.777
1254	4353147130	-4.823	5.898
1255	4353147264	-8.16	12.9
1256	4353147549	38.948	-4.94
1257	4353147598	-15.649	11.957
1258	4353147668	34.026	0.77
1259	4353147735	-4.472	11.233
1260	4353148464	13.558	4.341
1261	4353148580	38.948	-4.94
1262	4353148855	-10.03	9.28
1263	4353149090	-4.472	11.233
1264	4353149454	-4.472	11.233
1265	4353149455	-4.535	11.235
1266	4353149621	9.455	0.384
1267	4353149746	13.533	8.981
1268	4353149856	14.442	5.747000000000001
1269	4353149858	9.455	0.384
1270	4353149974	38.948	-4.94
1271	4353149986	-15.649	11.957
1272	4353150186	-8.33	11.47
1273	4353150241	-4.235	11.15
1274	4353150321	34.026	0.77
1275	4353150493	-8.15	12.89
1276	4353150566	13.844	4.777
1277	4353150695	-14.917	13.567
1278	4353150898	34.026	0.77
1279	4353151291	21.017	4.283
1280	4353151420	-4.235	11.15
1281	4353151470	-14.917	13.567
1282	4353151624	13.844	4.777
1283	4353151820	-15.9	13.55
1284	4353151874	-4.535	11.235
1285	4353151875	-4.472	11.233
1286	4353152195	13.859000000000002	9.703
1287	4353152240	-8.33	11.47
1288	4353152711	29.701	-0.7509999999999999
1289	4353152822	-15.649	11.957
1290	4353152899	-0.261	6.093999999999999
1291	4353153111	35.299	-23.716
1292	4353153427	13.844	4.777
1293	4353153529	-9.53	8.48
1294	4353154000	29.701	-0.7509999999999999
1295	4353154127	-15.9	13.583
1296	4353154150	-4.535	11.235
1297	4353154386	13.844	4.777
1298	4353154388	13.844	4.777
1299	4353154540	-4.472	11.233
1300	4353154545	11.515999999999998	3.972
1301	4353154653	13.844	4.777
1302	4353155044	-4.535	11.235
1303	4353155104	-15.582	11.890999999999998
1304	4353155192	-4.823	5.898
1305	4353155638	-4.235	11.15
1306	4353155639	-4.472	11.233
1307	4353155721	-4.472	11.233
1308	4353155722	-4.472	11.233
1309	4353155761	-0.2189999999999999	5.667999999999999
1310	4353155771	18.583	4.367
1311	4353156042	38.948	-4.94
1312	4353156398	10.868	5.726
1313	4353156680	-14.917	13.567
1314	4353156925	39.909	-3.511
1315	4353157148	13.558	4.341
1316	4353157149	13.558	4.341
1317	4353157150	13.558	4.341
1318	4353157173	9.455	0.384
1319	4353157401	13.844	4.777
1320	4353157450	35.299	-23.716
1321	4353157780	-14.917	13.567
1322	4353157840	-4.535	11.235
1323	4353157841	-4.535	11.235
1324	4353157934	9.455	0.384
1325	4353157990	-4.235	11.15
1326	4353157994	34.026	0.77
1327	4353158143	-0.2189999999999999	5.667999999999999
1328	4353158156	-4.235	11.15
1329	4353158555	-9.53	8.48
1330	4353158575	-8.45	11.88
1331	4353158576	-8.45	11.88
1332	4353158669	34.026	0.77
1333	4353159248	14.442	5.747000000000001
1334	4353159357	-7.81	10.83
1335	4353159506	34.026	0.77
1336	4353159585	34.026	0.77
1337	4353159719	34.026	0.77
1338	4353159769	-4.823	5.898
1339	4353159777	-15.582	11.890999999999998
1340	4353159778	-15.582	11.890999999999998
1341	4353160029	9.455	0.384
1342	4353160332	35.299	-23.716
1343	4353160448	-4.235	11.15
1344	4353160721	9.455	0.384
1345	4353160728	-4.823	5.898
1346	4353160738	13.302	-8.884
1347	4353160992	13.302	-8.884
1348	4353161313	39.909	-3.511
1349	4353161398	-4.535	11.235
1350	4353161533	14.442	5.747000000000001
1351	4353161624	13.558	4.341
1352	4353161866	-4.472	11.233
1353	4353162017	35.299	-23.716
1354	4353163751	35.299	-23.716
1355	4353163752	35.299	-23.716
1356	4353164202	13.302	-8.884
1357	4353164797	13.302	-8.884
1358	4353164993	29.701	-0.7509999999999999
1359	4353165220	-14.917	13.567
1360	4353165718	-14.917	13.567
1361	4353166956	13.302	-8.884
1362	4353166991	-15.9	13.55
1363	4353167117	13.844	4.777
1364	4353167138	13.302	-8.884
1365	4353167368	-4.535	11.235
1366	4353167497	11.515999999999998	3.972
1367	4353167541	-0.261	6.093999999999999
1368	4353167615	13.132	6.915
1369	4353167654	34.026	0.77
1370	4353167761	-15.582	11.890999999999998
1371	4353167886	-15.9	13.55
1372	4353167937	29.701	-0.7509999999999999
1373	4353167942	13.844	4.777
1374	4353167982	29.701	-0.7509999999999999
1375	4353168054	-1.774	4.912
1376	4353168326	14.228	10.462
1377	4353168553	-4.472	11.233
1378	4353169012	-14.917	13.567
1379	4353169027	-8.15	12.89
1380	4353169057	-4.823	5.898
1381	4353169700	18.583	4.367
1382	4353169736	18.583	4.367
1383	4353169998	13.893	9.774
1384	4353170000	14.143	10.188
1385	4353170340	18.583	4.367
1386	4353170366	-7.81	10.83
1387	4353170414	-8.08	12.81
1388	4353170572	14.442	5.747000000000001
1389	4353170573	14.442	5.747000000000001
1390	4353170738	-14.917	13.567
1391	4353171462	-4.235	11.15
1392	4353172144	-4.472	11.233
1393	4353172217	8.7	3.7
1394	4353172339	-4.472	11.233
1395	4353172374	31.651	-1.962
1396	4353172375	31.651	-1.962
1397	4353172522	-8.08	12.81
1398	4353172820	-8.33	11.47
1399	4353173098	13.554	7.3
1400	4353173153	13.844	4.777
1401	4353173163	-1.17	12.06
1402	4353173433	-4.472	11.233
1403	4353173505	13.302	-8.884
1404	4353173506	13.302	-8.884
1405	4353173664	-9.53	8.48
1406	4353173705	-15.649	11.957
1407	4353173913	13.823	9.513
1408	4353173952	-4.472	11.233
1409	4353174331	29.701	-0.7509999999999999
1410	4353174678	13.558	4.341
1411	4353174837	13.302	-8.884
1412	4353175053	9.455	0.384
1413	4353175054	9.455	0.384
1414	4353175219	-4.823	5.898
1415	4353175632	-10.03	9.28
1416	4353176187	13.54	8.722000000000001
1417	4353176433	34.026	0.77
1418	4353176530	21.017	4.283
1419	4353176702	-4.235	11.15
1420	4353176992	-15.9	13.55
1421	4353177026	-4.823	5.898
1422	4353177278	39.909	-3.511
1423	4353177442	-4.472	11.233
1424	4353177443	-4.472	11.233
1425	4353177449	-4.823	5.898
1426	4353177451	-4.823	5.898
1427	4353177621	-4.535	11.235
1428	4353177967	-5.9	13.21
1429	4353178123	29.701	-0.7509999999999999
1430	4353178378	-8.16	12.9
1431	4353178379	-8.15	12.89
1432	4353178553	10.868	5.726
1433	4353178578	13.558	4.341
1434	4353178894	-4.472	11.233
1435	4353179120	13.844	4.777
1436	4353179144	34.026	0.77
1437	4353179254	-15.582	11.890999999999998
1438	4353179425	9.455	0.384
1439	4353179907	35.299	-23.716
1440	4353179908	35.299	-23.716
1441	4353179926	-14.917	13.567
1442	4353180270	14.217	10.255999999999998
1443	4353181035	-14.917	13.567
1444	4353181156	-4.535	11.235
1445	4353181303	21.017	4.283
1446	4353181341	14.255	10.495
1447	4353181429	-4.472	11.233
1448	4353181631	-15.649	11.957
1449	4353181759	39.909	-3.511
1450	4353181922	-15.649	11.957
1451	4353182090	-4.472	11.233
1452	4353182091	-9.53	8.48
1453	4353182631	13.558	4.341
1454	4353183185	-8.15	12.89
1455	4353183466	-4.472	11.233
1456	4353183467	-4.472	11.233
1457	4353183526	13.302	-8.884
1458	4353183527	13.302	-8.884
1459	4353183877	-14.917	13.567
1460	4353183878	-14.917	13.567
1461	4353184074	13.844	4.777
1462	4353184113	-4.472	11.233
1463	4353184302	-15.9	13.55
1464	4353184563	-1.5490000000000002	5.609
1465	4353185105	-15.9	13.55
1466	4353185358	34.026	0.77
1467	4353185367	-14.917	13.567
1468	4353185417	39.909	-3.511
1469	4353185448	-4.823	5.898
1470	4353185449	-4.823	5.898
1471	4353185567	11.505999999999998	3.88
1472	4353185699	34.026	0.77
1473	4353185973	35.299	-23.716
1474	4353186145	29.701	-0.7509999999999999
1475	4353186205	-5.9	13.21
1476	4353186298	-10.03	9.28
1477	4353186333	14.442	5.747000000000001
1478	4353186334	14.442	5.747000000000001
1479	4353186335	14.442	5.747000000000001
1480	4353186410	13.603	8.513
1481	4353186532	38.948	-4.94
1482	4353186580	-7.87	12.69
1483	4353186645	38.948	-4.94
1484	4353186840	-10.03	9.28
1485	4353186863	31.651	-1.962
1486	4353187131	21.017	4.283
1487	4353187597	39.909	-3.511
1488	4353189058	18.583	4.367
1489	4353189193	-8.15	12.89
1490	4353189213	18.583	4.367
1491	4353189344	-4.472	11.233
1492	4353189388	-8.33	11.47
1493	4353189407	13.714	8.394
1494	4353189439	-7.81	10.83
1495	4353189754	13.578	7.354
1496	4353189796	13.558	4.341
1497	4353189897	35.299	-23.716
1498	4353190101	-1.17	12.06
1499	4353190300	13.302	-8.884
1500	4353190317	-10.03	9.28
1501	4353190536	-14.917	13.567
1502	4353190537	-14.917	13.567
1503	4353190723	-8.2	12.2
1504	4353190736	10.457	5.479
1505	4353190873	34.026	0.77
1506	4353190906	39.909	-3.511
1507	4353191400	-8.45	11.88
1508	4353191502	-1.5490000000000002	5.609
1509	4353191716	13.558	4.341
1510	4353191759	-4.823	5.898
1511	4353192002	-4.472	11.233
1512	4353192144	-0.2189999999999999	5.667999999999999
1513	4353192978	-9.53	8.48
1514	4353193063	-10.03	9.28
1515	4353193429	31.651	-1.962
1516	4353193522	-4.823	5.898
1517	4353193836	34.026	0.77
1518	4353193995	-15.9	13.55
1519	4353194098	10.868	5.726
1520	4353194176	-4.535	11.235
1521	4353194624	9.455	0.384
1522	4353194940	-1.774	4.912
1523	4353195591	9.455	0.384
1524	4353195993	39.909	-3.511
1525	4353196227	34.026	0.77
1526	4353196454	-1.17	12.06
1527	4353196456	-0.261	6.093999999999999
1528	4353196609	14.217	10.255999999999998
1529	4353196694	-4.235	11.15
1530	4353196822	31.651	-1.962
1531	4353197336	9.455	0.384
1532	4353197346	-9.53	8.48
1533	4353197474	9.455	0.384
1534	4353197556	13.558	4.341
1535	4353197868	-0.2189999999999999	5.667999999999999
1536	4353197869	-0.2189999999999999	5.667999999999999
1537	4353198001	13.558	4.341
1538	4353198164	-4.472	11.233
1539	4353198167	34.026	0.77
1540	4353198316	14.442	5.747000000000001
1541	4353198642	-4.472	11.233
1542	4353199112	-15.582	11.890999999999998
1543	4353199140	-15.582	11.890999999999998
1544	4353199412	-4.823	5.898
1545	4353199675	14.254	10.3
1546	4353199686	-4.535	11.235
1547	4353199774	21.017	4.283
1548	4353199865	-4.472	11.233
1549	4353199882	38.948	-4.94
1550	4353199985	14.442	5.747000000000001
1551	4353200470	-4.823	5.898
1552	4353200997	-14.917	13.567
1553	4353201070	-14.917	13.567
1554	4353201093	-4.823	5.898
1555	4353201094	-4.823	5.898
1556	4353201468	-14.917	13.567
1557	4353201944	29.701	-0.7509999999999999
1558	4353202165	-14.917	13.567
1559	4353202307	21.017	4.283
1560	4353202491	-10.03	9.28
1561	4353202537	34.026	0.77
1562	4353202688	29.701	-0.7509999999999999
1563	4353202739	29.701	-0.7509999999999999
1564	4353202994	-4.472	11.233
1565	4353203070	-4.472	11.233
1566	4353203254	-4.235	11.15
1567	4353203453	-7.81	10.83
1568	4353203480	-10.03	9.28
1569	4353203481	-10.03	9.28
1570	4353203488	18.583	4.367
1571	4353203624	-9.53	8.48
1572	4353203668	13.558	4.341
1573	4353203672	-8.15	12.89
1574	4353203798	-4.535	11.235
1575	4353203806	35.299	-23.716
1576	4353203869	35.299	-23.716
1577	4353203940	-9.53	8.48
1578	4353204276	18.583	4.367
1579	4353204381	38.948	-4.94
1580	4353204652	-10.03	9.28
1581	4353205261	13.844	4.777
1582	4353205282	-15.649	11.957
1583	4353205286	13.302	-8.884
1584	4353205553	34.026	0.77
1585	4353205583	13.558	4.341
1586	4353205631	-10.03	9.28
1587	4353206249	-1.774	4.912
1588	4353206418	13.302	-8.884
1589	4353206618	-0.2189999999999999	5.667999999999999
1590	4353206791	13.529000000000002	8.66
1591	4353206802	-4.535	11.235
1592	4353206919	14.442	5.747000000000001
1593	4353206963	21.017	4.283
1594	4353207075	-4.235	11.15
1595	4353207387	-8.16	12.9
1596	4353207656	-15.582	11.890999999999998
1597	4353207657	-15.582	11.890999999999998
1598	4353207814	-16.033	13.417
1599	4353208072	-15.649	11.957
1600	4353208173	-4.472	11.233
1601	4353208174	-4.472	11.233
1602	4353208433	18.583	4.367
1603	4353208467	-8.15	12.89
1604	4353208531	35.299	-23.716
1605	4353208532	35.299	-23.716
1606	4353208533	35.299	-23.716
1607	4353208595	14.193	10.102
1608	4353208624	-1.774	4.912
1609	4353208726	35.299	-23.716
1610	4353208773	-6.13	13.2
1611	4353208774	-6.13	13.2
1612	4353208871	-14.917	13.567
1613	4353208947	38.948	-4.94
1614	4353209245	21.017	4.283
1615	4353209250	35.299	-23.716
1616	4353209348	13.558	4.341
1617	4353209349	-7.81	10.83
1618	4353209359	-7.81	10.83
1619	4353209360	-7.81	10.83
1620	4353209436	-4.823	5.898
1621	4353209515	-4.535	11.235
1622	4353209633	-8.15	12.89
1623	4353209667	-16.033	13.417
1624	4353209847	13.302	-8.884
1625	4353209848	38.948	-4.94
1626	4353209875	-9.53	8.48
1627	4353209895	-0.2189999999999999	5.667999999999999
1628	4353209950	35.299	-23.716
1629	4353210042	-1.774	4.912
1630	4353210043	-1.774	4.912
1631	4353210058	13.844	4.777
1632	4353210090	18.583	4.367
1633	4353210158	34.026	0.77
1634	4353210246	14.255	10.495
1635	4353210373	14.242	10.425
1636	4353210705	18.583	4.367
1637	4353210769	31.651	-1.962
1638	4353210834	-1.5490000000000002	5.609
1639	4353210942	18.583	4.367
1640	4353211319	-5.9	13.21
1641	4353211571	10.868	5.726
1642	4353211577	-15.9	13.55
1643	4353211647	-8.15	12.89
1644	4353211745	-8.16	12.9
1645	4353211752	-8.45	11.88
1646	4353211753	-8.33	11.47
1647	4353211795	-4.823	5.898
1648	4353211908	34.026	0.77
1649	4353212173	-8.2	12.2
1650	4353212263	13.302	-8.884
1651	4353212264	13.302	-8.884
1652	4353212280	9.455	0.384
1653	4353212488	21.017	4.283
1654	4353212493	34.026	0.77
1655	4353212494	34.026	0.77
1656	4353212512	-14.917	13.567
1657	4353212614	-14.917	13.567
1658	4353212644	-10.03	9.28
1659	4353212683	-7.81	10.83
1660	4353212893	-8.33	11.47
1661	4353213066	-14.917	13.567
1662	4353213069	-4.535	11.235
1663	4353213079	-14.917	13.567
1664	4353213119	-4.472	11.233
1665	4353214060	-1.774	4.912
1666	4353214096	13.54	8.722000000000001
1667	4353214259	-15.9	13.55
1668	4353214468	14.442	5.747000000000001
1669	4353214511	-4.235	11.15
1670	4353214575	-15.9	13.55
1671	4353214576	-15.617	13.55
1672	4353214590	18.583	4.367
1673	4353214625	-1.5490000000000002	5.609
1674	4353214631	-0.2189999999999999	5.667999999999999
1675	4353214735	-7.81	10.83
1676	4353214768	-4.472	11.233
1677	4353214769	-4.472	11.233
1678	4353215334	39.909	-3.511
1679	4353215348	9.455	0.384
1680	4353215349	9.455	0.384
1681	4353215381	14.254	10.3
1682	4353215503	-14.917	13.567
1683	4353215731	-14.917	13.567
1684	4353215772	-9.53	8.48
1685	4353215806	-4.235	11.15
1686	4353216058	-0.261	6.093999999999999
1687	4353216112	-15.649	11.957
1688	4353216236	-7.87	12.69
1689	4353216399	-4.472	11.233
1690	4353216437	-4.472	11.233
1691	4353216503	9.455	0.384
1692	4353216536	-8.33	11.47
1693	4353216578	-15.649	11.957
1694	4353216584	-8.33	11.47
1695	4353216677	13.558	4.341
1696	4353216725	29.701	-0.7509999999999999
1697	4353216726	29.701	-0.7509999999999999
1698	4353216811	-8.45	11.88
1699	4353217184	-14.917	13.567
1700	4353217473	-7.81	10.83
1701	4353217559	9.455	0.384
1702	4353217598	39.909	-3.511
1703	4353217655	14.442	5.747000000000001
1704	4353217749	-1.5490000000000002	5.609
1705	4353217878	-14.917	13.567
1706	4353217897	-0.2189999999999999	5.667999999999999
1707	4353217933	-15.9	13.55
1708	4353217937	21.017	4.283
1709	4353218251	-14.917	13.567
1710	4353218252	-14.917	13.567
1711	4353218264	11.5	3.516
1712	4353218414	34.026	0.77
1713	4353218427	-14.917	13.567
1714	4353218460	-0.2189999999999999	5.667999999999999
1715	4353218469	-10.03	9.28
1716	4353218563	-15.649	11.957
1717	4353218682	13.581	7.82
1718	4353218964	-4.535	11.235
1719	4353218976	-4.235	11.15
1720	4353219067	-5.9	13.21
1721	4353219100	-7.81	10.83
1722	4353219101	-7.81	10.83
1723	4353219119	-4.235	11.15
1724	4353219225	-8.45	11.88
1725	4353219262	-8.45	11.88
1726	4353219263	-8.45	11.88
1727	4353219297	21.017	4.283
1728	4353219509	-14.917	13.567
1729	4353220053	13.52	8.801
1730	4353220103	-14.222	12.272
1731	4353220119	-0.261	6.093999999999999
1732	4353220131	14.442	5.747000000000001
1733	4353220132	14.442	5.747000000000001
1734	4353220517	-10.03	9.28
1735	4353220634	31.651	-1.962
1736	4353220684	-4.535	11.235
1737	4353220699	-15.9	13.583
1738	4353220907	13.302	-8.884
1739	4353220988	14.442	5.747000000000001
1740	4353221505	13.558	4.341
1741	4353221562	-7.84	12.68
1742	4353221677	13.209	7.107
1743	4353221708	38.948	-4.94
1744	4353221819	-4.472	11.233
1745	4353221844	38.948	-4.94
1746	4353221977	29.701	-0.7509999999999999
1747	4353222073	-10.03	9.28
1748	4353222218	-7.81	10.83
1749	4353222291	38.948	-4.94
1750	4353222324	-7.81	10.83
1751	4353222325	-7.81	10.83
1752	4353222371	8.7	3.7
1753	4353222450	-15.582	11.890999999999998
1754	4353222545	-14.917	13.567
1755	4353222636	-14.917	13.567
1756	4353222649	13.558	4.341
1757	4353222653	14.442	5.747000000000001
1758	4353222891	-15.9	13.55
1759	4353222960	-9.53	8.48
1760	4353222995	39.909	-3.511
1761	4353223072	13.302	-8.884
1762	4353223086	-10.03	9.28
1763	4353223087	-10.03	9.28
1764	4353223271	9.455	0.384
1765	4353223366	-14.917	13.567
1766	4353223555	-14.917	13.567
1767	4353223751	-16.033	13.417
1768	4353223979	29.701	-0.7509999999999999
1769	4353223980	29.701	-0.7509999999999999
1770	4353224053	13.302	-8.884
1771	4353224163	21.017	4.283
1772	4353224221	-8.15	12.89
1773	4353224222	-8.15	12.89
1774	4353224288	-4.472	11.233
1775	4353224351	-7.81	10.83
1776	4353224402	-4.535	11.235
1777	4353224813	-7.81	10.83
1778	4353224992	13.558	4.341
1779	4353225144	34.026	0.77
1780	4353225576	39.909	-3.511
1781	4353225727	-14.917	13.567
1782	4353225758	38.948	-4.94
1783	4353225985	-4.472	11.233
1784	4353225986	-4.472	11.233
1785	4353226140	34.026	0.77
1786	4353226192	-4.235	11.15
1787	4353226282	35.299	-23.716
1788	4353226375	-4.823	5.898
1789	4353226410	-9.53	8.48
1790	4353226568	-14.917	13.567
1791	4353226569	-14.917	13.567
1792	4353226720	13.558	4.341
1793	4353226773	35.299	-23.716
1794	4353226799	13.558	4.341
1795	4353227154	34.026	0.77
1796	4353227155	34.026	0.77
1797	4353227213	11.515999999999998	3.972
1798	4353227337	13.302	-8.884
1799	4353227349	13.56	9.424
1800	4353227452	-14.917	13.567
1801	4353227645	14.442	5.747000000000001
1802	4353227646	14.442	5.747000000000001
1803	4353227697	38.948	-4.94
1804	4353227702	-15.9	13.55
1805	4353227703	-15.9	13.55
1806	4353227780	-1.5490000000000002	5.609
1807	4353227836	-8.33	11.47
1808	4353227837	-8.15	12.89
1809	4353228014	13.558	4.341
1810	4353228015	13.558	4.341
1811	4353228122	38.948	-4.94
1812	4353228221	-14.917	13.567
1813	4353228288	18.583	4.367
1814	4353228321	14.442	5.747000000000001
1815	4353228322	14.442	5.747000000000001
1816	4353228336	-7.81	10.83
1817	4353228434	13.558	4.341
1818	4353228435	13.558	4.341
1819	4353228578	-0.261	6.093999999999999
1820	4353228699	34.026	0.77
1821	4353228864	13.558	4.341
1822	4353228865	13.844	4.777
1823	4353228927	-9.53	8.48
1824	4353228935	-15.582	11.890999999999998
1825	4353229003	13.558	4.341
1826	4353229231	21.017	4.283
1827	4353229411	9.455	0.384
1828	4353229424	-8.45	11.88
1829	4353229435	-8.33	11.47
1830	4353229506	-14.917	13.567
1831	4353229520	14.442	5.747000000000001
1832	4353229574	-8.15	12.89
1833	4353229614	-4.823	5.898
1834	4353229617	34.026	0.77
1835	4353229868	14.442	5.747000000000001
1836	4353229906	14.442	5.747000000000001
1837	4353230602	-15.9	13.55
1838	4353230727	-7.81	10.83
1839	4353230746	-4.535	11.235
1840	4353230844	11.515999999999998	3.972
1841	4353230861	-16.033	13.417
1842	4353230920	39.909	-3.511
1843	4353230946	-14.917	13.567
1844	4353230968	-4.535	11.235
1845	4353231052	-4.535	11.235
1846	4353231421	-4.823	5.898
1847	4353231422	-4.823	5.898
1848	4353231426	39.909	-3.511
1849	4353231448	14.228	10.368
1850	4353231449	14.143	10.188
1851	4353231624	-4.823	5.898
1852	4353232640	35.299	-23.716
1853	4353232780	-14.917	13.567
1854	4353233077	21.017	4.283
1855	4353233111	-4.235	11.15
1856	4353233140	-1.774	4.912
1857	4353233160	9.455	0.384
1858	4353233463	13.844	4.777
1859	4353233464	13.558	4.341
1860	4353233466	-7.81	10.83
1861	4353233707	10.457	5.479
1862	4353233995	13.714	8.394
1863	4353234013	39.909	-3.511
1864	4353234096	-15.582	11.890999999999998
1865	4353234469	-8.45	11.88
1866	4353234476	35.299	-23.716
1867	4353234620	9.455	0.384
1868	4353234776	13.844	4.777
1869	4353234799	-4.535	11.235
1870	4353234900	34.026	0.77
1871	4353235248	13.558	4.341
1872	4353235256	-4.535	11.235
1873	4353235330	-0.261	6.093999999999999
1874	4353235362	35.299	-23.716
1875	4353235640	13.302	-8.884
1876	4353235926	-1.774	4.912
1877	4353235993	-14.917	13.567
1878	4353235999	-1.5490000000000002	5.609
1879	4353236072	13.844	4.777
1880	4353236133	-15.9	13.583
1881	4353236357	-4.535	11.235
1882	4353236387	29.701	-0.7509999999999999
1883	4353236389	29.701	-0.7509999999999999
1884	4353236565	13.133	6.997000000000001
1885	4353236583	14.442	5.747000000000001
1886	4353236585	14.442	5.747000000000001
1887	4353236627	14.442	5.747000000000001
1888	4353236938	29.701	-0.7509999999999999
1889	4353236996	-10.03	9.28
1890	4353237113	13.302	-8.884
1891	4353237114	13.302	-8.884
1892	4353237115	13.302	-8.884
1893	4353237424	-14.917	13.567
1894	4353237425	-14.917	13.567
1895	4353237430	21.017	4.283
1896	4353237529	-10.03	9.28
1897	4353237532	9.455	0.384
1898	4353237541	-1.5490000000000002	5.609
1899	4353237670	21.017	4.283
1900	4353238073	-4.823	5.898
1901	4353238074	-4.823	5.898
1902	4353238458	13.844	4.777
1903	4353238573	21.017	4.283
1904	4353238673	34.026	0.77
1905	4353238965	13.302	-8.884
1906	4353239097	21.017	4.283
1907	4353239165	21.017	4.283
1908	4353239195	12.629	6.468999999999999
1909	4353239217	-4.235	11.15
1910	4353239511	-1.774	4.912
1911	4353239598	29.701	-0.7509999999999999
1912	4353239617	-4.472	11.233
1913	4353239641	-5.9	13.21
1914	4353239660	-9.53	8.48
1915	4353239701	13.547	7.782999999999999
1916	4353239759	-15.582	11.890999999999998
1917	4353239936	11.505999999999998	3.88
1918	4353239937	11.505999999999998	3.88
1919	4353239969	14.442	5.747000000000001
1920	4353240406	-8.15	12.89
1921	4353240407	-8.15	12.89
1922	4353240718	39.909	-3.511
1923	4353240782	-14.917	13.567
1924	4353240876	18.583	4.367
1925	4353241213	-4.235	11.15
1926	4353241479	-4.535	11.235
1927	4353242196	18.583	4.367
1928	4353242333	-4.472	11.233
1929	4353242336	-4.535	11.235
1930	4353242397	-4.235	11.15
1931	4353242654	-14.917	13.567
1932	4353242656	-14.917	13.567
1933	4353242880	34.026	0.77
1934	4353242917	13.558	4.341
1935	4353243267	35.299	-23.716
1936	4353243409	-4.472	11.233
1937	4353243464	-0.261	6.093999999999999
1938	4353243466	-0.261	6.093999999999999
1939	4353243506	38.948	-4.94
1940	4353243507	38.948	-4.94
1941	4353243508	38.948	-4.94
1942	4353243521	-15.582	11.890999999999998
1943	4353243875	-15.9	13.55
1944	4353243882	-14.917	13.567
1945	4353243893	13.864	9.784
1946	4353243997	21.017	4.283
1947	4353244116	34.026	0.77
1948	4353244555	-8.15	12.89
1949	4353244607	21.017	4.283
1950	4353244608	21.017	4.283
1951	4353244970	14.442	5.747000000000001
1952	4353245003	13.844	4.777
1953	4353245037	13.505999999999998	9.119
1954	4353245077	13.844	4.777
1955	4353245078	13.844	4.777
1956	4353245128	-15.9	13.55
1957	4353245129	-16.033	13.417
1958	4353245461	-7.87	12.69
1959	4353245823	39.909	-3.511
1960	4353245849	18.583	4.367
1961	4353245913	-4.472	11.233
1962	4353246168	35.299	-23.716
1963	4353246260	21.017	4.283
1964	4353246263	-15.9	13.55
1965	4353246453	14.265	10.522
1966	4353246486	14.442	5.747000000000001
1967	4353246673	13.558	4.341
1968	4353246674	13.558	4.341
1969	4353246676	13.558	4.341
1970	4353246786	34.026	0.77
1971	4353246936	-4.472	11.233
1972	4353246938	-4.472	11.233
1973	4353246964	38.948	-4.94
1974	4353247157	35.299	-23.716
1975	4353247294	13.558	4.341
1976	4353247529	18.583	4.367
1977	4353247547	-10.03	9.28
1978	4353247581	-14.917	13.567
1979	4353247666	9.455	0.384
1980	4353247808	-0.2189999999999999	5.667999999999999
1981	4353247964	13.302	-8.884
1982	4353248001	39.909	-3.511
1983	4353248140	13.844	4.777
1984	4353248141	13.844	4.777
1985	4353248181	29.701	-0.7509999999999999
1986	4353248187	13.95	9.765
1987	4353248397	-14.917	13.567
1988	4353248644	14.442	5.747000000000001
1989	4353248848	-4.823	5.898
1990	4353248856	39.909	-3.511
1991	4353248917	29.701	-0.7509999999999999
1992	4353249050	31.651	-1.962
1993	4353249090	-9.53	8.48
1994	4353249167	-8.45	11.88
1995	4353249723	39.909	-3.511
1996	4353249808	8.7	3.7
1997	4353250083	13.302	-8.884
1998	4353250084	13.302	-8.884
1999	4353250124	-4.235	11.15
2000	4353250253	-8.16	12.9
2001	4353250436	13.558	4.341
2002	4353250711	29.701	-0.7509999999999999
2003	4353250820	-1.17	12.06
2004	4353250920	11.632	4.332
2005	4353250934	13.844	4.777
2006	4353251108	13.558	4.341
2007	4353251136	-15.582	11.890999999999998
2008	4353251137	-15.582	11.890999999999998
2009	4353251139	-15.582	11.890999999999998
2010	4353251307	9.455	0.384
2011	4353251315	-14.917	13.567
2012	4353251357	-4.823	5.898
2013	4353251432	13.844	4.777
2014	4353251598	39.909	-3.511
2015	4353251669	-15.9	13.55
2016	4353251718	-14.917	13.567
2017	4353252016	-7.81	10.83
2018	4353252159	21.017	4.283
2019	4353252175	31.651	-1.962
2020	4353252254	-9.53	8.48
2021	4353252455	-9.53	8.48
2022	4353252660	-4.823	5.898
2023	4353252788	39.909	-3.511
2024	4353252964	29.701	-0.7509999999999999
2025	4353253087	-9.53	8.48
2026	4353253240	13.558	4.341
2027	4353253290	34.026	0.77
2028	4353253384	38.948	-4.94
2029	4353253431	-4.823	5.898
2030	4353253437	14.442	5.747000000000001
2031	4353253729	34.026	0.77
2032	4353253730	34.026	0.77
2033	4353253731	34.026	0.77
2034	4353253732	34.026	0.77
2035	4353253762	18.583	4.367
2036	4353253831	-15.9	13.55
2037	4353254012	13.844	4.777
2038	4353254017	13.603	8.513
2039	4353254093	-8.33	11.47
2040	4353254094	-8.33	11.47
2041	4353254343	14.442	5.747000000000001
2042	4353254532	-14.917	13.567
2043	4353254533	-14.917	13.567
2044	4353254545	-15.9	13.55
2045	4353254746	-4.823	5.898
2046	4353254790	-14.917	13.567
2047	4353254978	-7.84	12.68
2048	4353255083	-14.917	13.567
2049	4353255307	14.442	5.747000000000001
2050	4353255657	-15.9	13.55
2051	4353255856	-4.472	11.233
2052	4353255942	-14.917	13.567
2053	4353256072	14.442	5.747000000000001
2054	4353256082	-4.472	11.233
2055	4353256108	-1.17	12.06
2056	4353256131	-15.649	11.957
2057	4353256140	29.701	-0.7509999999999999
2058	4353256268	14.143	10.188
2059	4353256293	9.983	2.367
2060	4353256413	13.844	4.777
2061	4353256432	-15.582	11.890999999999998
2062	4353256553	21.017	4.283
2063	4353256591	-7.81	10.83
2064	4353256645	13.558	4.341
2065	4353256697	31.651	-1.962
2066	4353256753	-16.033	13.417
2067	4353256771	13.558	4.341
2068	4353256915	31.651	-1.962
2069	4353256934	-7.81	10.83
2070	4353257020	11.507	3.805
2071	4353257026	-4.472	11.233
2072	4353257089	34.026	0.77
2073	4353257104	-15.9	13.55
2074	4353257105	-15.9	13.55
2075	4353257209	18.583	4.367
2076	4353257231	10.868	5.726
2077	4353257472	-8.15	12.89
2078	4353257534	18.583	4.367
2079	4353257606	39.909	-3.511
2080	4353257708	-14.917	13.567
2081	4353257851	14.442	5.747000000000001
2082	4353257853	14.442	5.747000000000001
2083	4353257880	13.594	9.438
2084	4353258045	-5.9	13.21
2085	4353258121	-4.535	11.235
2086	4353258142	-14.222	12.272
2087	4353258345	-8.2	12.2
2088	4353258346	-8.2	12.2
2089	4353258429	-8.16	12.9
2090	4353258432	39.909	-3.511
2091	4353258444	-8.45	11.88
2092	4353258445	-8.45	11.88
2093	4353258455	-5.9	13.21
2094	4353258457	31.651	-1.962
2095	4353258525	13.844	4.777
2096	4353258918	-4.235	11.15
2097	4353258946	18.583	4.367
2098	4353259256	35.299	-23.716
2099	4353259311	29.701	-0.7509999999999999
2100	4353259412	-9.53	8.48
2101	4353259479	29.701	-0.7509999999999999
2102	4353259480	29.701	-0.7509999999999999
2103	4353259546	34.026	0.77
2104	4353259754	-4.235	11.15
2105	4353259829	13.558	4.341
2106	4353259943	34.026	0.77
2107	4353260157	13.564	8.525
2108	4353260636	13.844	4.777
2109	4353260643	-9.53	8.48
2110	4353260644	-9.53	8.48
2111	4353260778	34.026	0.77
2112	4353260779	34.026	0.77
2113	4353261137	14.442	5.747000000000001
2114	4353261169	14.442	5.747000000000001
2115	4353261180	9.455	0.384
2116	4353261547	11.515999999999998	3.972
2117	4353261554	39.909	-3.511
2118	4353261851	-14.917	13.567
2119	4353261852	-14.917	13.567
2120	4353261934	13.844	4.777
2121	4353262209	13.302	-8.884
2122	4353262433	-14.917	13.567
2123	4353262434	-14.917	13.567
2124	4353262582	-1.774	4.912
2125	4353262685	13.844	4.777
2126	4353262690	21.017	4.283
2127	4353262916	-4.535	11.235
2128	4353262929	29.701	-0.7509999999999999
2129	4353262934	13.844	4.777
2130	4353263344	-1.5490000000000002	5.609
2131	4353263436	34.026	0.77
2132	4353263443	-14.917	13.567
2133	4353263484	18.583	4.367
2134	4353263533	-0.2189999999999999	5.667999999999999
2135	4353263588	13.558	4.341
2136	4353263677	-4.472	11.233
2137	4353263685	-15.9	13.55
2138	4353263773	-9.53	8.48
2139	4353263775	21.017	4.283
2140	4353264075	38.948	-4.94
2141	4353264214	-4.472	11.233
2142	4353264313	12.629	6.468999999999999
2143	4353264505	34.026	0.77
2144	4353264653	-15.649	11.957
2145	4353264842	13.558	4.341
2146	4353264843	13.558	4.341
2147	4353265096	-8.33	11.47
2148	4353265340	38.948	-4.94
2149	4353265447	-4.472	11.233
2150	4353265466	-14.917	13.567
2151	4353265554	21.017	4.283
2152	4353265674	13.53	8.533999999999999
2153	4353265766	-1.17	12.06
2154	4353265767	-1.17	12.06
2155	4353265965	35.299	-23.716
2156	4353265966	35.299	-23.716
2157	4353265971	13.558	4.341
2158	4353266277	-9.53	8.48
2159	4353266279	-9.53	8.48
2160	4353266336	13.558	4.341
2161	4353266420	-0.2189999999999999	5.667999999999999
2162	4353266680	-15.582	11.890999999999998
2163	4353266728	18.583	4.367
2164	4353267052	14.442	5.747000000000001
2165	4353267067	-5.9	13.21
2166	4353267290	-7.81	10.83
2167	4353267292	-7.81	10.83
2168	4353267369	13.302	-8.884
2169	4353267401	-15.582	11.890999999999998
2170	4353267403	14.442	5.747000000000001
2171	4353267404	14.442	5.747000000000001
2172	4353267405	14.442	5.747000000000001
2173	4353267523	-15.9	13.55
2174	4353267539	13.844	4.777
2175	4353267540	13.558	4.341
2176	4353267673	-14.222	12.272
2177	4353267697	13.302	-8.884
2178	4353267842	-16.033	13.417
2179	4353267904	-4.535	11.235
2180	4353267934	35.299	-23.716
2181	4353268057	-14.917	13.567
2182	4353268074	-15.649	11.957
2183	4353268640	13.302	-8.884
2184	4353268702	-15.582	11.890999999999998
2185	4353268703	-15.582	11.890999999999998
2186	4353269003	-14.917	13.567
2187	4353269130	14.442	5.747000000000001
2188	4353269216	13.607	7.902
2189	4353269279	34.026	0.77
2190	4353269404	13.844	4.777
2191	4353269460	39.909	-3.511
2192	4353269476	14.188	10.211
2193	4353269477	14.143	10.188
2194	4353269656	-15.9	13.55
2195	4353269801	13.554	7.3
2196	4353269959	-9.53	8.48
2197	4353269982	18.583	4.367
2198	4353270330	-4.235	11.15
2199	4353270557	29.701	-0.7509999999999999
2200	4353270626	13.844	4.777
2201	4353270648	9.455	0.384
2202	4353270789	13.844	4.777
2203	4353270805	-9.53	8.48
2204	4353271147	-7.81	10.83
2205	4353271148	-7.81	10.83
2206	4353272391	21.017	4.283
2207	4353272392	21.017	4.283
2208	4353272494	29.701	-0.7509999999999999
2209	4353272675	-10.03	9.28
2210	4353272706	31.651	-1.962
2211	4353272737	-14.917	13.567
2212	4353272833	21.017	4.283
2213	4353272885	14.442	5.747000000000001
2214	4353273016	-4.235	11.15
2215	4353273026	10.868	5.726
2216	4353273267	18.583	4.367
2217	4353273295	13.844	4.777
2218	4353273434	-14.222	12.272
2219	4353273493	-4.535	11.235
2220	4353273563	9.927	2.949
2221	4353273590	35.299	-23.716
2222	4353273824	14.442	5.747000000000001
2223	4353273902	-4.235	11.15
2224	4353274175	-9.53	8.48
2225	4353274176	-9.53	8.48
2226	4353274327	13.558	4.341
2227	4353274350	11.11	5.88
2228	4353274351	10.868	5.726
2229	4353274448	13.302	-8.884
2230	4353274450	13.302	-8.884
2231	4353274487	13.844	4.777
2232	4353274585	-7.81	10.83
2233	4353274610	-4.535	11.235
2234	4353275570	-4.472	11.233
2235	4353275829	38.948	-4.94
2236	4353276006	-4.472	11.233
2237	4353276172	9.455	0.384
2238	4353276282	38.948	-4.94
2239	4353276288	-15.649	11.957
2240	4353276289	-15.582	11.890999999999998
2241	4353276371	-4.235	11.15
2242	4353276617	34.026	0.77
2243	4353276739	21.017	4.283
2244	4353276935	-4.472	11.233
2245	4353277150	14.442	5.747000000000001
2246	4353277263	18.583	4.367
2247	4353277264	18.583	4.367
2248	4353277399	13.844	4.777
2249	4353277433	-9.53	8.48
2250	4353277515	-9.53	8.48
2251	4353277558	13.599	8.097999999999999
2252	4353277699	13.844	4.777
2253	4353277891	-4.472	11.233
2254	4353278075	-4.235	11.15
2255	4353278569	9.455	0.384
2256	4353278601	9.455	0.384
2257	4353278624	-7.81	10.83
2258	4353278710	-8.15	12.89
2259	4353278767	13.558	4.341
2260	4353278775	-14.917	13.567
2261	4353278815	9.455	0.384
2262	4353279011	-9.53	8.48
2263	4353279017	-8.33	11.47
2264	4353279488	9.455	0.384
2265	4353279489	9.455	0.384
2266	4353279549	-8.33	11.47
2267	4353279626	39.909	-3.511
2268	4353279628	39.909	-3.511
2269	4353279725	13.302	-8.884
2270	4353279726	13.302	-8.884
2271	4353279751	-16.033	13.417
2272	4353279923	39.909	-3.511
2273	4353280005	14.442	5.747000000000001
2274	4353280029	13.558	4.341
2275	4353280325	-4.235	11.15
2276	4353280715	11.140999999999998	6.097
2277	4353280759	35.299	-23.716
2278	4353280760	35.299	-23.716
2279	4353281126	13.56	9.424
2280	4353281133	13.302	-8.884
2281	4353281467	34.026	0.77
2282	4353281542	13.844	4.777
2283	4353281926	13.844	4.777
2284	4353282035	11.515999999999998	3.972
2285	4353282146	-15.9	13.583
2286	4353282149	-15.9	13.55
2287	4353282179	29.701	-0.7509999999999999
2288	4353282180	29.701	-0.7509999999999999
2289	4353282225	-4.235	11.15
2290	4353282226	-4.235	11.15
2291	4353282502	-8.15	12.89
2292	4353282574	-9.53	8.48
2293	4353282607	13.558	4.341
2294	4353282830	13.558	4.341
2295	4353282949	-8.15	12.89
2296	4353283032	-14.917	13.567
2297	4353283043	-4.823	5.898
2298	4353283058	13.844	4.777
2299	4353283277	-4.235	11.15
2300	4353283603	31.651	-1.962
2301	4353283645	-7.87	12.69
2302	4353283846	13.558	4.341
2303	4353283847	13.844	4.777
2304	4353283945	-4.472	11.233
2305	4353284048	34.026	0.77
2306	4353284101	-4.472	11.233
2307	4353284277	21.017	4.283
2308	4353284418	31.651	-1.962
2309	4353284427	13.302	-8.884
2310	4353284695	-10.03	9.28
2311	4353284868	13.844	4.777
2312	4353284986	34.026	0.77
2313	4353285296	-4.823	5.898
2314	4353285313	-4.823	5.898
2315	4353285440	18.583	4.367
2316	4353285547	29.701	-0.7509999999999999
2317	4353285677	13.558	4.341
2318	4353285968	9.455	0.384
2319	4353286418	-9.53	8.48
2320	4353286513	34.026	0.77
2321	4353286663	35.299	-23.716
2322	4353286811	-4.472	11.233
2323	4353286835	34.026	0.77
2324	4353286836	34.026	0.77
2325	4353287172	-8.15	12.89
2326	4353287256	-4.472	11.233
2327	4353287277	13.302	-8.884
2328	4353287278	13.302	-8.884
2329	4353287564	39.909	-3.511
2330	4353287887	-14.917	13.567
2331	4353287908	-4.823	5.898
2332	4353287909	-4.823	5.898
2333	4353287956	11.505999999999998	3.88
2334	4353287958	11.507	3.805
2335	4353288024	-14.917	13.567
2336	4353288091	-14.917	13.567
2337	4353288140	29.701	-0.7509999999999999
2338	4353288159	-6.13	13.2
2339	4353288377	-10.03	9.28
2340	4353288598	14.442	5.747000000000001
2341	4353288634	39.909	-3.511
2342	4353288635	39.909	-3.511
2343	4353288637	-10.03	9.28
2344	4353289219	-8.33	11.47
2345	4353289351	13.558	4.341
2346	4353289380	35.299	-23.716
2347	4353289432	-15.9	13.55
2348	4353289522	-10.03	9.28
2349	4353289602	-14.917	13.567
2350	4353289795	12.629	6.468999999999999
2351	4353289923	34.026	0.77
2352	4353290080	-4.472	11.233
2353	4353290572	14.442	5.747000000000001
2354	4353290755	-15.9	13.55
2355	4353290809	-14.917	13.567
2356	4353290881	35.299	-23.716
2357	4353291048	-14.917	13.567
2358	4353291079	14.149	10.05
2359	4353291230	13.558	4.341
2360	4353291451	13.558	4.341
2361	4353291484	-4.535	11.235
2362	4353291836	29.701	-0.7509999999999999
2363	4353291852	13.4	7.322999999999999
2364	4353291929	9.455	0.384
2365	4353292050	-0.2189999999999999	5.667999999999999
2366	4353292141	34.026	0.77
2367	4353292295	-4.823	5.898
2368	4353292620	-4.535	11.235
2369	4353292652	-4.472	11.233
2370	4353292694	-1.5490000000000002	5.609
2371	4353292716	-4.472	11.233
2372	4353293101	-4.823	5.898
2373	4353293102	-4.823	5.898
2374	4353293227	-14.917	13.567
2375	4353293439	-14.917	13.567
2376	4353293609	29.701	-0.7509999999999999
2377	4353293611	29.701	-0.7509999999999999
2378	4353293633	29.701	-0.7509999999999999
2379	4353293634	29.701	-0.7509999999999999
2380	4353293798	-4.235	11.15
2381	4353293874	-10.03	9.28
2382	4353294021	35.299	-23.716
2383	4353294104	13.558	4.341
2384	4353294141	18.583	4.367
2385	4353294313	-15.582	11.890999999999998
2386	4353294502	-15.9	13.55
2387	4353294533	-15.582	11.890999999999998
2388	4353294765	-1.774	4.912
2389	4353295218	-15.582	11.890999999999998
2390	4353295492	-8.15	12.89
2391	4353295493	-8.15	12.89
