	sampleID	x	y
0	4350419268	-15.649	11.957
1	4350846103	14.29	10.658
2	4351295742	31.651	-1.962
3	4351334789	14.442	5.747000000000001
4	4351459679	35.299	-23.716
5	4351565724	-14.917	13.567
6	4351656474	12.629	6.468999999999999
7	4351670933	-1.17	12.06
8	4351676225	-7.81	10.83
9	4351738984	18.583	4.367
10	4351806390	-5.9	13.21
11	4351822282	34.026	0.77
12	4351845610	13.302	-8.884
13	4351870347	13.844	4.777
14	4351873051	34.026	0.77
15	4351878852	-1.774	4.912
16	4351922665	9.927	2.949
17	4351949613	35.299	-23.716
18	4351964085	-4.535	11.235
19	4351965881	-0.2189999999999999	5.667999999999999
20	4351977902	-15.582	11.890999999999998
21	4351986520	-6.13	13.2
22	4351990483	-10.03	9.28
23	4352007014	35.299	-23.716
24	4352015662	35.299	-23.716
25	4352052833	29.701	-0.7509999999999999
26	4352065920	-0.2189999999999999	5.667999999999999
27	4352072881	35.299	-23.716
28	4352087237	13.302	-8.884
29	4352087933	39.909	-3.511
30	4352090309	-7.81	10.83
31	4352091286	-8.33	11.47
32	4352097433	-1.17	12.06
33	4352098324	21.017	4.283
34	4352105686	-14.917	13.567
35	4352123672	14.442	5.747000000000001
36	4352134230	13.302	-8.884
37	4352138508	13.302	-8.884
38	4352140599	-16.033	13.417
39	4352160335	-1.774	4.912
40	4352166270	-7.81	10.83
41	4352173341	-15.649	11.957
42	4352174371	-14.917	13.567
43	4352175028	13.302	-8.884
44	4352179541	-6.13	13.2
45	4352179637	38.948	-4.94
46	4352184415	-1.774	4.912
47	4352187091	-8.45	11.88
48	4352192294	-7.81	10.83
49	4352195722	-7.87	12.69
50	4352197080	-15.9	13.55
51	4352202325	18.583	4.367
52	4352206960	13.558	4.341
53	4352209117	29.701	-0.7509999999999999
54	4352210188	-1.774	4.912
55	4352212221	-16.033	13.417
56	4352216710	10.868	5.726
57	4352222794	-16.033	13.417
58	4352226040	-0.261	6.093999999999999
59	4352229716	-7.81	10.83
60	4352234747	-14.917	13.567
61	4352235431	-10.03	9.28
62	4352245702	39.909	-3.511
63	4352251049	38.948	-4.94
64	4352251531	-7.81	10.83
65	4352251740	14.149	10.05
66	4352253017	38.948	-4.94
67	4352259115	31.651	-1.962
68	4352263060	-15.582	11.890999999999998
69	4352263441	14.188	10.211
70	4352264448	14.228	10.368
71	4352283474	-8.15	12.89
72	4352297116	34.026	0.77
73	4352298538	21.017	4.283
74	4352299572	-4.472	11.233
75	4352308349	-4.472	11.233
76	4352311923	14.254	10.3
77	4352312112	13.844	4.777
78	4352317293	-5.9	13.21
79	4352324187	13.558	4.341
80	4352324498	-1.5490000000000002	5.609
81	4352328499	-4.823	5.898
82	4352329941	21.017	4.283
83	4352330559	-4.472	11.233
84	4352336513	-10.03	9.28
85	4352337567	-15.649	11.957
86	4352340916	21.017	4.283
87	4352346635	21.017	4.283
88	4352347331	-15.9	13.583
89	4352347595	-15.582	11.890999999999998
90	4352352626	-4.535	11.235
91	4352353248	-15.9	13.55
92	4352353921	9.455	0.384
93	4352356325	-0.2189999999999999	5.667999999999999
94	4352357068	14.193	10.102
95	4352358769	31.651	-1.962
96	4352362577	39.909	-3.511
97	4352372156	-0.261	6.093999999999999
98	4352375025	34.026	0.77
99	4352376136	13.302	-8.884
100	4352378807	-4.823	5.898
101	4352384340	-15.582	11.890999999999998
102	4352390159	11.515999999999998	3.972
103	4352392624	34.026	0.77
104	4352396219	-10.03	9.28
105	4352396283	-4.472	11.233
106	4352396467	29.701	-0.7509999999999999
107	4352396821	-9.53	8.48
108	4352396987	-9.53	8.48
109	4352401898	-5.9	13.21
110	4352403872	13.302	-8.884
111	4352404254	-15.9	13.55
112	4352405588	13.844	4.777
113	4352407625	29.701	-0.7509999999999999
114	4352411812	13.844	4.777
115	4352414220	13.302	-8.884
116	4352415609	-1.774	4.912
117	4352416686	-8.33	11.47
118	4352417982	38.948	-4.94
119	4352422357	11.515999999999998	3.972
120	4352427820	14.143	10.188
121	4352428215	39.909	-3.511
122	4352428663	34.026	0.77
123	4352429294	-15.9	13.55
124	4352429968	-7.81	10.83
125	4352429988	38.948	-4.94
126	4352430284	29.701	-0.7509999999999999
127	4352431718	-7.81	10.83
128	4352431812	13.844	4.777
129	4352434349	-1.774	4.912
130	4352435401	21.017	4.283
131	4352436169	34.026	0.77
132	4352436899	13.844	4.777
133	4352436900	13.844	4.777
134	4352437611	-4.535	11.235
135	4352438118	13.302	-8.884
136	4352438642	35.299	-23.716
137	4352438871	34.026	0.77
138	4352443426	9.455	0.384
139	4352444529	-9.53	8.48
140	4352448045	-4.235	11.15
141	4352451998	-4.235	11.15
142	4352454247	29.701	-0.7509999999999999
143	4352454962	38.948	-4.94
144	4352458852	34.026	0.77
145	4352458924	-4.823	5.898
146	4352459766	13.558	4.341
147	4352461872	-15.649	11.957
148	4352461901	13.844	4.777
149	4352464825	-14.917	13.567
150	4352464937	9.455	0.384
151	4352468257	13.844	4.777
152	4352469550	9.455	0.384
153	4352474642	-4.235	11.15
154	4352474986	13.558	4.341
155	4352477195	-14.917	13.567
156	4352486354	-4.235	11.15
157	4352487101	-15.9	13.55
158	4352487413	39.909	-3.511
159	4352487897	14.442	5.747000000000001
160	4352492342	13.844	4.777
161	4352492622	13.644	8.476
162	4352501361	13.714	8.394
163	4352503357	35.299	-23.716
164	4352505783	-14.917	13.567
165	4352506109	-1.774	4.912
166	4352506364	13.302	-8.884
167	4352508902	13.302	-8.884
168	4352509789	31.651	-1.962
169	4352511223	-5.9	13.21
170	4352511317	-7.87	12.69
171	4352511585	18.583	4.367
172	4352512894	39.909	-3.511
173	4352512999	-7.81	10.83
174	4352515130	-0.2189999999999999	5.667999999999999
175	4352515681	-15.9	13.55
176	4352517406	34.026	0.77
177	4352519279	-7.84	12.68
178	4352521511	-4.535	11.235
179	4352521580	13.302	-8.884
180	4352523365	29.701	-0.7509999999999999
181	4352524559	-8.15	12.89
182	4352524935	14.442	5.747000000000001
183	4352525197	10.457	5.479
184	4352526594	8.7	3.7
185	4352527945	29.701	-0.7509999999999999
186	4352529756	13.558	4.341
187	4352529864	31.651	-1.962
188	4352529886	-4.535	11.235
189	4352531791	11.515999999999998	3.972
190	4352532514	34.026	0.77
191	4352532557	-7.81	10.83
192	4352532742	-0.261	6.093999999999999
193	4352536681	-14.917	13.567
194	4352537222	-8.33	11.47
195	4352537317	-8.16	12.9
196	4352538247	18.583	4.367
197	4352541067	-0.261	6.093999999999999
198	4352541767	-4.235	11.15
199	4352542293	-14.917	13.567
200	4352542437	21.017	4.283
201	4352547242	-10.03	9.28
202	4352549296	9.455	0.384
203	4352549843	13.558	4.341
204	4352550803	38.948	-4.94
205	4352551985	-8.15	12.89
206	4352552517	-15.582	11.890999999999998
207	4352553261	-0.261	6.093999999999999
208	4352555110	14.188	10.211
209	4352555907	14.442	5.747000000000001
210	4352557371	-1.5490000000000002	5.609
211	4352558187	-14.917	13.567
212	4352559144	-4.235	11.15
213	4352560162	-15.9	13.55
214	4352560636	14.255	10.495
215	4352562480	-15.582	11.890999999999998
216	4352564871	-4.823	5.898
217	4352565421	-4.535	11.235
218	4352566274	18.583	4.367
219	4352566376	-1.17	12.06
220	4352568007	35.299	-23.716
221	4352568907	18.583	4.367
222	4352569389	13.844	4.777
223	4352569416	39.909	-3.511
224	4352569767	39.909	-3.511
225	4352571340	13.302	-8.884
226	4352571985	-4.535	11.235
227	4352572063	-15.9	13.583
228	4352573111	-4.472	11.233
229	4352575928	13.558	4.341
230	4352577108	13.558	4.341
231	4352580213	14.442	5.747000000000001
232	4352580395	21.017	4.283
233	4352580567	21.017	4.283
234	4352582266	21.017	4.283
235	4352583039	-4.823	5.898
236	4352583894	-14.917	13.567
237	4352583902	29.701	-0.7509999999999999
238	4352585341	-8.08	12.81
239	4352585806	13.558	4.341
240	4352587441	-15.9	13.55
241	4352588514	13.302	-8.884
242	4352594146	39.909	-3.511
243	4352594595	14.442	5.747000000000001
244	4352595090	-10.03	9.28
245	4352595211	-0.261	6.093999999999999
246	4352596447	14.442	5.747000000000001
247	4352597430	39.909	-3.511
248	4352600553	-14.917	13.567
249	4352601403	-4.472	11.233
250	4352603527	-16.033	13.417
251	4352603957	34.026	0.77
252	4352604279	-4.472	11.233
253	4352606183	-4.472	11.233
254	4352606762	8.7	3.7
255	4352606834	-1.5490000000000002	5.609
256	4352608068	-10.03	9.28
257	4352610007	-4.472	11.233
258	4352610091	39.909	-3.511
259	4352611218	13.558	4.341
260	4352611708	-4.472	11.233
261	4352612958	11.505999999999998	3.88
262	4352614127	39.909	-3.511
263	4352614412	-8.33	11.47
264	4352614931	-9.53	8.48
265	4352615649	9.817	2.367
266	4352616186	35.299	-23.716
267	4352617275	-7.81	10.83
268	4352617823	-14.917	13.567
269	4352618477	-4.472	11.233
270	4352618586	31.651	-1.962
271	4352621547	13.558	4.341
272	4352621589	-4.235	11.15
273	4352623161	-0.2189999999999999	5.667999999999999
274	4352626332	-8.15	12.89
275	4352627452	-15.582	11.890999999999998
276	4352627627	39.909	-3.511
277	4352628432	-9.53	8.48
278	4352628757	-8.08	12.81
279	4352629385	-15.582	11.890999999999998
280	4352629935	11.505999999999998	3.88
281	4352630821	18.583	4.367
282	4352631590	-14.917	13.567
283	4352631958	-4.472	11.233
284	4352632188	13.302	-8.884
285	4352633226	-4.472	11.233
286	4352633532	10.868	5.726
287	4352633613	18.583	4.367
288	4352633691	18.583	4.367
289	4352634304	18.583	4.367
290	4352634955	-1.774	4.912
291	4352635555	13.844	4.777
292	4352638185	-4.472	11.233
293	4352639404	-14.917	13.567
294	4352639521	38.948	-4.94
295	4352641054	21.017	4.283
296	4352641520	18.583	4.367
297	4352642003	-15.582	11.890999999999998
298	4352642580	-4.535	11.235
299	4352645917	-15.9	13.55
300	4352646490	14.442	5.747000000000001
301	4352646724	-15.582	11.890999999999998
302	4352647085	-1.774	4.912
303	4352647276	-15.9	13.55
304	4352647458	13.4	7.322999999999999
305	4352648152	-8.16	12.9
306	4352650519	29.701	-0.7509999999999999
307	4352650568	-4.823	5.898
308	4352650653	35.299	-23.716
309	4352651770	11.505999999999998	3.88
310	4352652506	14.442	5.747000000000001
311	4352653161	13.844	4.777
312	4352654032	-4.535	11.235
313	4352654585	-15.582	11.890999999999998
314	4352654897	-10.03	9.28
315	4352655395	-8.15	12.89
316	4352656785	34.026	0.77
317	4352657121	29.701	-0.7509999999999999
318	4352657577	-8.45	11.88
319	4352659116	35.299	-23.716
320	4352659179	-1.5490000000000002	5.609
321	4352660496	-0.2189999999999999	5.667999999999999
322	4352662320	31.651	-1.962
323	4352663135	21.017	4.283
324	4352663289	-9.53	8.48
325	4352663380	-0.2189999999999999	5.667999999999999
326	4352664404	-8.33	11.47
327	4352667953	18.583	4.367
328	4352668643	29.701	-0.7509999999999999
329	4352668676	13.302	-8.884
330	4352669936	13.558	4.341
331	4352672229	13.558	4.341
332	4352676677	-8.15	12.89
333	4352677519	-4.235	11.15
334	4352679195	11.507	3.805
335	4352679470	13.558	4.341
336	4352680214	-4.472	11.233
337	4352680268	-8.15	12.89
338	4352680676	8.7	3.7
339	4352681587	31.651	-1.962
340	4352681763	34.026	0.77
341	4352681918	-14.917	13.567
342	4352682069	13.132	6.915
343	4352683726	11.515999999999998	3.972
344	4352684098	18.583	4.367
345	4352684276	-15.649	11.957
346	4352684496	-8.2	12.2
347	4352684508	29.701	-0.7509999999999999
348	4352687402	13.302	-8.884
349	4352687812	14.442	5.747000000000001
350	4352688215	-4.823	5.898
351	4352689065	35.299	-23.716
352	4352689643	-5.9	13.21
353	4352690076	-4.535	11.235
354	4352690125	8.7	3.7
355	4352690219	10.868	5.726
356	4352690602	13.558	4.341
357	4352690992	-4.535	11.235
358	4352691183	-10.03	9.28
359	4352691740	14.442	5.747000000000001
360	4352691828	-10.03	9.28
361	4352691951	13.844	4.777
362	4352692512	-8.15	12.89
363	4352692541	-4.472	11.233
364	4352693049	-10.03	9.28
365	4352693750	14.442	5.747000000000001
366	4352695352	-8.45	11.88
367	4352695474	-8.2	12.2
368	4352695836	14.442	5.747000000000001
369	4352695993	-4.235	11.15
370	4352697207	39.909	-3.511
371	4352697735	-14.917	13.567
372	4352697737	-14.917	13.567
373	4352699241	-14.917	13.567
374	4352699437	29.701	-0.7509999999999999
375	4352700605	11.5	3.516
376	4352700676	-10.03	9.28
377	4352702587	-8.45	11.88
378	4352703081	13.844	4.777
379	4352703319	-14.917	13.567
380	4352703381	-14.917	13.567
381	4352703382	-14.917	13.567
382	4352703936	-4.472	11.233
383	4352704028	13.823	9.513
384	4352704041	14.265	10.522
385	4352704382	13.558	4.341
386	4352705471	29.701	-0.7509999999999999
387	4352705530	13.558	4.341
388	4352705578	-8.33	11.47
389	4352705639	35.299	-23.716
390	4352705713	35.299	-23.716
391	4352706191	-4.535	11.235
392	4352707389	-15.9	13.55
393	4352707838	14.442	5.747000000000001
394	4352708658	13.558	4.341
395	4352710369	31.651	-1.962
396	4352710852	11.515999999999998	3.972
397	4352711531	21.017	4.283
398	4352711696	-4.823	5.898
399	4352712012	13.558	4.341
400	4352712013	13.558	4.341
401	4352712134	-15.649	11.957
402	4352712162	-1.17	12.06
403	4352712780	-15.649	11.957
404	4352713788	13.558	4.341
405	4352714498	13.547	7.782999999999999
406	4352714549	-15.582	11.890999999999998
407	4352715048	-14.917	13.567
408	4352715960	-1.5490000000000002	5.609
409	4352717025	-14.917	13.567
410	4352717153	-4.823	5.898
411	4352717229	-0.261	6.093999999999999
412	4352717991	-10.03	9.28
413	4352718109	-8.45	11.88
414	4352719047	-4.235	11.15
415	4352719168	21.017	4.283
416	4352719328	14.442	5.747000000000001
417	4352720115	14.442	5.747000000000001
418	4352720124	39.909	-3.511
419	4352720466	-14.917	13.567
420	4352721307	-15.582	11.890999999999998
421	4352722889	-8.45	11.88
422	4352723090	11.632	4.332
423	4352723302	10.868	5.726
424	4352723736	-14.917	13.567
425	4352723737	-14.917	13.567
426	4352724282	13.844	4.777
427	4352724552	10.457	5.479
428	4352724596	34.026	0.77
429	4352725311	13.302	-8.884
430	4352725991	-15.9	13.55
431	4352726137	-15.649	11.957
432	4352726668	-15.9	13.55
433	4352727117	-14.917	13.567
434	4352727276	-4.823	5.898
435	4352727742	29.701	-0.7509999999999999
436	4352728596	39.909	-3.511
437	4352728853	-15.649	11.957
438	4352729605	13.302	-8.884
439	4352730185	-4.472	11.233
440	4352731405	-4.823	5.898
441	4352731818	-1.17	12.06
442	4352732033	35.299	-23.716
443	4352732034	35.299	-23.716
444	4352732082	13.844	4.777
445	4352732175	35.299	-23.716
446	4352733107	-4.535	11.235
447	4352733934	-4.823	5.898
448	4352733997	-14.917	13.567
449	4352734823	9.455	0.384
450	4352736925	-7.81	10.83
451	4352737349	14.442	5.747000000000001
452	4352737456	14.242	10.425
453	4352738155	-4.535	11.235
454	4352738511	-16.033	13.417
455	4352738905	-4.823	5.898
456	4352739602	-8.33	11.47
457	4352739927	13.558	4.341
458	4352740630	-8.33	11.47
459	4352741885	-9.53	8.48
460	4352742302	-4.472	11.233
461	4352744510	-15.9	13.55
462	4352744584	14.442	5.747000000000001
463	4352744600	-7.81	10.83
464	4352744609	-4.535	11.235
465	4352744977	39.909	-3.511
466	4352745662	12.629	6.468999999999999
467	4352748214	13.302	-8.884
468	4352749492	9.455	0.384
469	4352750748	13.844	4.777
470	4352751254	8.7	3.7
471	4352752404	21.017	4.283
472	4352752733	13.558	4.341
473	4352752832	-4.235	11.15
474	4352753028	29.701	-0.7509999999999999
475	4352753426	-8.16	12.9
476	4352753513	-4.823	5.898
477	4352754153	11.632	4.332
478	4352754889	8.7	3.7
479	4352756928	14.442	5.747000000000001
480	4352757074	29.701	-0.7509999999999999
481	4352757075	29.701	-0.7509999999999999
482	4352757683	29.701	-0.7509999999999999
483	4352758003	10.934	2.817
484	4352758919	-15.649	11.957
485	4352760038	9.455	0.384
486	4352760432	-9.53	8.48
487	4352760527	-15.9	13.583
488	4352761282	21.017	4.283
489	4352762416	-8.45	11.88
490	4352763109	-14.917	13.567
491	4352763967	35.299	-23.716
492	4352764039	-0.2189999999999999	5.667999999999999
493	4352764851	-7.81	10.83
494	4352764936	-4.823	5.898
495	4352765148	18.583	4.367
496	4352765437	34.026	0.77
497	4352765681	-4.823	5.898
498	4352766678	8.7	3.7
499	4352767011	-4.235	11.15
500	4352767260	13.893	9.774
501	4352767680	39.909	-3.511
502	4352767790	9.455	0.384
503	4352767833	9.455	0.384
504	4352768150	-4.472	11.233
505	4352768957	13.844	4.777
506	4352769614	-15.649	11.957
507	4352769967	14.442	5.747000000000001
508	4352770487	13.558	4.341
509	4352770833	13.844	4.777
510	4352771794	9.983	2.367
511	4352772566	13.302	-8.884
512	4352773321	-7.81	10.83
513	4352773323	-7.81	10.83
514	4352773424	14.228	10.462
515	4352773469	-10.03	9.28
516	4352773855	13.302	-8.884
517	4352774635	-14.917	13.567
518	4352774675	35.299	-23.716
519	4352774920	-15.9	13.583
520	4352775027	39.909	-3.511
521	4352775752	13.558	4.341
522	4352775988	13.844	4.777
523	4352776048	-9.53	8.48
524	4352776049	-9.53	8.48
525	4352776090	-14.222	12.272
526	4352776135	-15.649	11.957
527	4352776235	-4.472	11.233
528	4352776848	-14.917	13.567
529	4352777085	9.455	0.384
530	4352777139	-14.222	12.272
531	4352777215	-9.53	8.48
532	4352777991	-4.535	11.235
533	4352778421	18.583	4.367
534	4352778688	-4.823	5.898
535	4352778949	-15.582	11.890999999999998
536	4352779768	9.455	0.384
537	4352780035	29.701	-0.7509999999999999
538	4352780066	-4.823	5.898
539	4352780360	9.455	0.384
540	4352780365	-15.9	13.55
541	4352780433	-15.582	11.890999999999998
542	4352781238	9.455	0.384
543	4352781333	-15.649	11.957
544	4352781594	13.844	4.777
545	4352781606	34.026	0.77
546	4352781794	13.558	4.341
547	4352782350	-15.582	11.890999999999998
548	4352783049	21.017	4.283
549	4352783516	39.909	-3.511
550	4352783706	-7.81	10.83
551	4352783752	-7.81	10.83
552	4352783907	34.026	0.77
553	4352783950	13.558	4.341
554	4352784026	-4.235	11.15
555	4352784469	13.503	8.888
556	4352784652	-1.5490000000000002	5.609
557	4352785603	14.143	10.188
558	4352785855	13.844	4.777
559	4352785873	-4.472	11.233
560	4352785969	-7.81	10.83
561	4352786093	21.017	4.283
562	4352786220	-1.774	4.912
563	4352786571	13.302	-8.884
564	4352787287	13.302	-8.884
565	4352787856	21.017	4.283
566	4352787870	-4.535	11.235
567	4352787884	-10.03	9.28
568	4352788413	-8.15	12.89
569	4352788783	-4.823	5.898
570	4352789595	9.455	0.384
571	4352790370	-9.53	8.48
572	4352790449	-7.87	12.69
573	4352790671	11.515999999999998	3.972
574	4352791348	35.299	-23.716
575	4352791503	35.299	-23.716
576	4352791795	13.515999999999998	8.579
577	4352791923	34.026	0.77
578	4352792104	38.948	-4.94
579	4352792297	-14.917	13.567
580	4352792475	-4.472	11.233
581	4352792612	-7.81	10.83
582	4352792665	13.714	8.394
583	4352792992	-4.823	5.898
584	4352793532	31.651	-1.962
585	4352793536	-4.235	11.15
586	4352793885	29.701	-0.7509999999999999
587	4352794053	21.017	4.283
588	4352794091	11.11	5.88
589	4352794868	34.026	0.77
590	4352795366	-15.649	11.957
591	4352795841	-8.15	12.89
592	4352795904	39.909	-3.511
593	4352796545	-15.582	11.890999999999998
594	4352796726	-4.235	11.15
595	4352797006	34.026	0.77
596	4352797389	35.299	-23.716
597	4352797695	-9.53	8.48
598	4352798014	-15.9	13.55
599	4352798194	34.026	0.77
600	4352798992	13.558	4.341
601	4352799111	10.868	5.726
602	4352799339	13.558	4.341
603	4352799727	38.948	-4.94
604	4352800152	14.442	5.747000000000001
605	4352800173	34.026	0.77
606	4352800970	-15.649	11.957
607	4352802035	13.533	8.981
608	4352802086	-0.2189999999999999	5.667999999999999
609	4352802133	13.844	4.777
610	4352802234	-16.033	13.417
611	4352802512	-15.9	13.583
612	4352802793	-4.535	11.235
613	4352803177	-10.03	9.28
614	4352803178	-10.03	9.28
615	4352803292	-4.472	11.233
616	4352803484	34.026	0.77
617	4352803895	9.455	0.384
618	4352804127	-4.472	11.233
619	4352804581	14.442	5.747000000000001
620	4352804586	18.583	4.367
621	4352805465	-5.9	13.21
622	4352806071	-15.582	11.890999999999998
623	4352806433	13.302	-8.884
624	4352806697	-1.17	12.06
625	4352806961	9.721	4.055
626	4352808165	-15.9	13.55
627	4352808549	-4.472	11.233
628	4352808862	35.299	-23.716
629	4352809244	18.583	4.367
630	4352809903	-15.582	11.890999999999998
631	4352810041	9.455	0.384
632	4352810162	31.651	-1.962
633	4352811072	-8.45	11.88
634	4352811675	-4.472	11.233
635	4352812813	9.455	0.384
636	4352813208	13.558	4.341
637	4352813435	-8.33	11.47
638	4352813867	-8.15	12.89
639	4352814587	-10.03	9.28
640	4352814605	13.302	-8.884
641	4352815196	-9.53	8.48
642	4352815306	-8.45	11.88
643	4352815307	-8.45	11.88
644	4352815370	14.442	5.747000000000001
645	4352815505	21.017	4.283
646	4352815694	13.554	7.3
647	4352815722	13.558	4.341
648	4352815789	-15.9	13.583
649	4352815825	-4.472	11.233
650	4352817358	-14.917	13.567
651	4352817840	14.442	5.747000000000001
652	4352818042	13.550999999999998	7.399
653	4352818248	-14.917	13.567
654	4352819128	-4.472	11.233
655	4352819760	-7.87	12.69
656	4352819806	-15.649	11.957
657	4352820041	-7.81	10.83
658	4352820222	-8.45	11.88
659	4352820242	13.558	4.341
660	4352820496	-14.917	13.567
661	4352820569	-4.235	11.15
662	4352820903	-4.823	5.898
663	4352821834	35.299	-23.716
664	4352821835	35.299	-23.716
665	4352822208	-15.9	13.55
666	4352822273	-4.235	11.15
667	4352823558	-8.2	12.2
668	4352823778	-4.823	5.898
669	4352823929	11.11	5.88
670	4352824518	14.442	5.747000000000001
671	4352824797	13.844	4.777
672	4352824832	-14.917	13.567
673	4352824880	-4.472	11.233
674	4352825194	-4.235	11.15
675	4352825361	8.7	3.7
676	4352825544	39.909	-3.511
677	4352825578	-4.823	5.898
678	4352825614	-9.53	8.48
679	4352826561	-4.472	11.233
680	4352826828	29.701	-0.7509999999999999
681	4352827539	-9.53	8.48
682	4352827637	-8.15	12.89
683	4352828359	18.583	4.367
684	4352830037	9.455	0.384
685	4352830357	18.583	4.367
686	4352831281	34.026	0.77
687	4352831420	21.017	4.283
688	4352831570	9.455	0.384
689	4352832021	-15.582	11.890999999999998
690	4352832104	-7.81	10.83
691	4352832278	-7.81	10.83
692	4352833053	-14.917	13.567
693	4352833084	-15.582	11.890999999999998
694	4352833285	-9.53	8.48
695	4352833463	-9.53	8.48
696	4352833759	13.302	-8.884
697	4352834048	-4.535	11.235
698	4352835436	13.844	4.777
699	4352836055	-15.649	11.957
700	4352836872	-14.917	13.567
701	4352837367	-15.582	11.890999999999998
702	4352837999	-7.81	10.83
703	4352838308	-14.917	13.567
704	4352839943	-14.917	13.567
705	4352841668	-7.81	10.83
706	4352842022	-14.917	13.567
707	4352842062	-4.472	11.233
708	4352842253	-4.235	11.15
709	4352842791	13.844	4.777
710	4352842873	29.701	-0.7509999999999999
711	4352843594	-15.9	13.55
712	4352844224	-7.81	10.83
713	4352844341	13.302	-8.884
714	4352844349	13.53	8.533999999999999
715	4352844778	-15.9	13.55
716	4352845054	-7.81	10.83
717	4352845055	-7.81	10.83
718	4352845727	-15.9	13.55
719	4352846086	14.254	10.3
720	4352846487	21.017	4.283
721	4352846754	-4.535	11.235
722	4352846987	-4.472	11.233
723	4352846988	-4.535	11.235
724	4352847165	-4.535	11.235
725	4352847264	13.302	-8.884
726	4352848651	-10.03	9.28
727	4352848756	29.701	-0.7509999999999999
728	4352850394	14.442	5.747000000000001
729	4352850819	29.701	-0.7509999999999999
730	4352850887	13.302	-8.884
731	4352851405	-14.917	13.567
732	4352851522	29.701	-0.7509999999999999
733	4352851898	-15.9	13.55
734	4352854054	21.017	4.283
735	4352854240	13.844	4.777
736	4352854388	13.905	9.764
737	4352854424	-8.15	12.89
738	4352854425	-8.15	12.89
739	4352854789	-9.53	8.48
740	4352854860	-5.9	13.21
741	4352854879	35.299	-23.716
742	4352855461	18.583	4.367
743	4352855628	-0.2189999999999999	5.667999999999999
744	4352855662	39.909	-3.511
745	4352855826	35.299	-23.716
746	4352855934	-4.235	11.15
747	4352856020	34.026	0.77
748	4352856159	38.948	-4.94
749	4352856347	13.844	4.777
750	4352856386	-14.917	13.567
751	4352856388	-14.917	13.567
752	4352856877	-1.17	12.06
753	4352856905	-8.33	11.47
754	4352857193	9.455	0.384
755	4352857334	-4.472	11.233
756	4352858153	-5.9	13.21
757	4352858154	38.948	-4.94
758	4352858210	14.442	5.747000000000001
759	4352858224	13.56	9.424
760	4352858411	9.455	0.384
761	4352858412	9.455	0.384
762	4352858617	18.583	4.367
763	4352858703	13.558	4.341
764	4352858743	29.701	-0.7509999999999999
765	4352859013	14.442	5.747000000000001
766	4352859076	-8.15	12.89
767	4352859271	-16.033	13.417
768	4352859285	-14.917	13.567
769	4352859717	13.558	4.341
770	4352859807	13.558	4.341
771	4352859953	18.583	4.367
772	4352860209	-9.53	8.48
773	4352860252	13.558	4.341
774	4352860511	-9.53	8.48
775	4352860688	-5.9	13.21
776	4352861246	-4.472	11.233
777	4352861585	34.026	0.77
778	4352861845	-15.9	13.55
779	4352861921	-4.472	11.233
780	4352862284	-4.235	11.15
781	4352862340	34.026	0.77
782	4352862466	13.558	4.341
783	4352862614	29.701	-0.7509999999999999
784	4352862730	13.656	9.049
785	4352863277	14.143	10.188
786	4352863673	35.299	-23.716
787	4352864745	13.844	4.777
788	4352864962	-9.53	8.48
789	4352865864	13.558	4.341
790	4352866518	-4.535	11.235
791	4352866698	-16.033	13.417
792	4352866752	29.701	-0.7509999999999999
793	4352866753	29.701	-0.7509999999999999
794	4352866848	-7.81	10.83
795	4352866874	21.017	4.283
796	4352867175	13.844	4.777
797	4352867443	-7.81	10.83
798	4352867630	9.455	0.384
799	4352867651	-8.15	12.89
800	4352867908	-4.535	11.235
801	4352867954	-4.472	11.233
802	4352868152	13.95	9.765
803	4352868546	-4.823	5.898
804	4352868744	13.558	4.341
805	4352868953	-14.917	13.567
806	4352868959	9.455	0.384
807	4352869501	13.558	4.341
808	4352869762	-14.917	13.567
809	4352869827	39.909	-3.511
810	4352870081	29.701	-0.7509999999999999
811	4352870280	11.507	3.805
812	4352870720	13.558	4.341
813	4352870843	-14.917	13.567
814	4352871021	-14.917	13.567
815	4352871143	-4.472	11.233
816	4352871348	14.442	5.747000000000001
817	4352871425	35.299	-23.716
818	4352871593	-1.774	4.912
819	4352871667	13.302	-8.884
820	4352871668	13.302	-8.884
821	4352871898	21.017	4.283
822	4352872114	38.948	-4.94
823	4352872326	39.909	-3.511
824	4352872694	13.505999999999998	9.119
825	4352873073	-4.535	11.235
826	4352873184	9.455	0.384
827	4352873209	31.651	-1.962
828	4352873492	-15.582	11.890999999999998
829	4352873595	-14.917	13.567
830	4352873625	13.844	4.777
831	4352873938	-4.535	11.235
832	4352873999	-4.235	11.15
833	4352874001	-4.535	11.235
834	4352874236	38.948	-4.94
835	4352874440	-15.649	11.957
836	4352874717	18.583	4.367
837	4352874732	-8.33	11.47
838	4352874748	18.583	4.367
839	4352875161	-14.917	13.567
840	4352875162	-14.917	13.567
841	4352875404	-15.9	13.55
842	4352875487	38.948	-4.94
843	4352875728	13.558	4.341
844	4352875900	13.558	4.341
845	4352876013	38.948	-4.94
846	4352876076	39.909	-3.511
847	4352876352	34.026	0.77
848	4352877416	-4.823	5.898
849	4352877660	-0.2189999999999999	5.667999999999999
850	4352877900	13.302	-8.884
851	4352877901	13.302	-8.884
852	4352878618	12.629	6.468999999999999
853	4352878726	39.909	-3.511
854	4352878994	-16.033	13.417
855	4352879308	-8.15	12.89
856	4352879463	-8.15	12.89
857	4352879797	13.302	-8.884
858	4352880004	-7.81	10.83
859	4352880796	14.442	5.747000000000001
860	4352880935	39.909	-3.511
861	4352881239	-15.582	11.890999999999998
862	4352881442	29.701	-0.7509999999999999
863	4352881999	29.701	-0.7509999999999999
864	4352882919	-4.535	11.235
865	4352883072	-4.823	5.898
866	4352883166	13.558	4.341
867	4352883234	-1.5490000000000002	5.609
868	4352883732	21.017	4.283
869	4352884268	-0.2189999999999999	5.667999999999999
870	4352884515	18.583	4.367
871	4352885412	-10.03	9.28
872	4352886070	-14.917	13.567
873	4352886180	-1.5490000000000002	5.609
874	4352886182	13.302	-8.884
875	4352886264	35.299	-23.716
876	4352886329	-1.5490000000000002	5.609
877	4352886330	-1.5490000000000002	5.609
878	4352886648	13.844	4.777
879	4352886885	39.909	-3.511
880	4352887161	-15.582	11.890999999999998
881	4352887421	18.583	4.367
882	4352887931	-9.53	8.48
883	4352888151	14.442	5.747000000000001
884	4352888473	-14.917	13.567
885	4352888777	29.701	-0.7509999999999999
886	4352888782	-4.823	5.898
887	4352889062	-4.472	11.233
888	4352889259	-9.53	8.48
889	4352889859	13.558	4.341
890	4352889989	13.844	4.777
891	4352890210	-9.53	8.48
892	4352890409	18.583	4.367
893	4352890564	21.017	4.283
894	4352890606	-14.917	13.567
895	4352891646	13.558	4.341
896	4352891726	18.583	4.367
897	4352891857	13.844	4.777
898	4352892070	29.701	-0.7509999999999999
899	4352892076	29.701	-0.7509999999999999
900	4352892299	-4.535	11.235
901	4352892300	-4.535	11.235
902	4352892580	-8.15	12.89
903	4352892713	-8.45	11.88
904	4352893074	14.442	5.747000000000001
905	4352893244	-4.823	5.898
906	4352893290	9.455	0.384
907	4352893690	13.558	4.341
908	4352893775	-4.823	5.898
909	4352894184	29.701	-0.7509999999999999
910	4352894292	35.299	-23.716
911	4352894840	-4.472	11.233
912	4352895259	-15.649	11.957
913	4352895261	-15.649	11.957
914	4352895805	-8.33	11.47
915	4352895857	13.558	4.341
916	4352896079	9.455	0.384
917	4352896795	14.442	5.747000000000001
918	4352897085	13.844	4.777
919	4352897247	-14.917	13.567
920	4352897426	-9.53	8.48
921	4352897577	-4.535	11.235
922	4352897788	34.026	0.77
923	4352897789	34.026	0.77
924	4352898515	-14.917	13.567
925	4352899039	-6.13	13.2
926	4352899426	14.442	5.747000000000001
927	4352899553	13.54	8.722000000000001
928	4352899597	13.302	-8.884
929	4352900359	-1.17	12.06
930	4352900920	-8.08	12.81
931	4352901177	39.909	-3.511
932	4352901185	-15.582	11.890999999999998
933	4352901321	-4.235	11.15
934	4352901458	-4.472	11.233
935	4352901696	-14.917	13.567
936	4352902023	-8.15	12.89
937	4352902262	39.909	-3.511
938	4352902458	-8.33	11.47
939	4352903317	18.583	4.367
940	4352903324	-15.9	13.55
941	4352903949	-15.649	11.957
942	4352904232	-4.472	11.233
943	4352904233	-4.472	11.233
944	4352904374	-4.235	11.15
945	4352904600	29.701	-0.7509999999999999
946	4352904670	-1.5490000000000002	5.609
947	4352904694	39.909	-3.511
948	4352904980	-4.235	11.15
949	4352905003	-4.823	5.898
950	4352905209	14.442	5.747000000000001
951	4352905277	21.017	4.283
952	4352905926	-0.261	6.093999999999999
953	4352906335	-14.917	13.567
954	4352906418	-1.5490000000000002	5.609
955	4352906794	-4.235	11.15
956	4352906795	-4.472	11.233
957	4352907159	-15.582	11.890999999999998
958	4352907231	-0.261	6.093999999999999
959	4352907321	-7.81	10.83
960	4352907327	11.505999999999998	3.88
961	4352907634	13.302	-8.884
962	4352908123	13.302	-8.884
963	4352908417	-14.917	13.567
964	4352908650	29.701	-0.7509999999999999
965	4352908651	29.701	-0.7509999999999999
966	4352908787	31.651	-1.962
967	4352908881	-6.13	13.2
968	4352909045	13.302	-8.884
969	4352909316	-8.16	12.9
970	4352909496	-14.917	13.567
971	4352910095	14.442	5.747000000000001
972	4352910220	11.507	3.805
973	4352910573	34.026	0.77
974	4352910844	-9.53	8.48
975	4352911802	29.701	-0.7509999999999999
976	4352912056	11.515999999999998	3.972
977	4352912453	13.558	4.341
978	4352912660	-14.917	13.567
979	4352912951	13.844	4.777
980	4352913048	-4.823	5.898
981	4352913225	-15.9	13.55
982	4352913284	14.442	5.747000000000001
983	4352913415	-9.53	8.48
984	4352913565	13.844	4.777
985	4352913576	13.302	-8.884
986	4352914228	-8.15	12.89
987	4352914797	-8.2	12.2
988	4352915234	13.558	4.341
989	4352915442	18.583	4.367
990	4352915949	35.299	-23.716
991	4352916120	29.701	-0.7509999999999999
992	4352916538	-15.582	11.890999999999998
993	4352916549	-8.33	11.47
994	4352916742	9.455	0.384
995	4352916743	9.455	0.384
996	4352916744	-15.9	13.55
997	4352916852	31.651	-1.962
998	4352917560	38.948	-4.94
999	4352917660	-4.472	11.233
1000	4352917896	-7.81	10.83
1001	4352917941	34.026	0.77
1002	4352918282	14.442	5.747000000000001
1003	4352918538	18.583	4.367
1004	4352918599	-4.472	11.233
1005	4352918630	-7.81	10.83
1006	4352918858	-8.45	11.88
1007	4352919322	-14.917	13.567
1008	4352919557	-4.823	5.898
1009	4352919833	9.455	0.384
1010	4352919948	35.299	-23.716
1011	4352920106	-4.823	5.898
1012	4352920139	31.651	-1.962
1013	4352920213	14.236	10.342
1014	4352920214	14.242	10.425
1015	4352920369	39.909	-3.511
1016	4352920438	35.299	-23.716
1017	4352920490	-4.235	11.15
1018	4352920491	-4.535	11.235
1019	4352920772	18.583	4.367
1020	4352920773	18.583	4.367
1021	4352921076	34.026	0.77
1022	4352921683	13.462	7.335
1023	4352921721	9.455	0.384
1024	4352921722	9.455	0.384
1025	4352922044	-14.917	13.567
1026	4352922116	35.299	-23.716
1027	4352922208	34.026	0.77
1028	4352922731	-4.472	11.233
1029	4352923262	14.442	5.747000000000001
1030	4352923614	34.026	0.77
1031	4352923841	-7.81	10.83
1032	4352924003	14.217	10.255999999999998
1033	4352924309	-10.03	9.28
1034	4352924407	-14.917	13.567
1035	4352924415	34.026	0.77
1036	4352924423	31.651	-1.962
1037	4352924526	9.455	0.384
1038	4352925065	-4.235	11.15
1039	4352925066	-4.235	11.15
1040	4352925068	-4.235	11.15
1041	4352925335	13.302	-8.884
1042	4352926029	-4.472	11.233
1043	4352926148	35.299	-23.716
1044	4352926290	-14.917	13.567
1045	4352927379	29.701	-0.7509999999999999
1046	4352927598	29.701	-0.7509999999999999
1047	4352928204	13.844	4.777
1048	4352928279	-14.917	13.567
1049	4352928744	-8.15	12.89
1050	4352928766	-4.535	11.235
1051	4352929323	-14.917	13.567
1052	4352929545	-4.472	11.233
1053	4352929761	-4.235	11.15
1054	4352930122	34.026	0.77
1055	4352930530	-15.9	13.55
1056	4352931472	13.844	4.777
1057	4352931486	-14.917	13.567
1058	4352931624	-4.535	11.235
1059	4352931742	14.193	10.102
1060	4352931766	-4.823	5.898
1061	4352932750	13.581	7.82
1062	4352932993	-8.15	12.89
1063	4352933645	21.017	4.283
1064	4352933698	-15.9	13.55
1065	4352933841	-15.582	11.890999999999998
1066	4352933858	-7.81	10.83
1067	4352933966	-0.261	6.093999999999999
1068	4352934749	18.583	4.367
1069	4352934979	13.844	4.777
1070	4352935010	-15.582	11.890999999999998
1071	4352935030	34.026	0.77
1072	4352935483	39.909	-3.511
1073	4352935610	39.909	-3.511
1074	4352935617	-15.582	11.890999999999998
1075	4352936052	18.583	4.367
1076	4352936332	13.302	-8.884
1077	4352936461	-8.15	12.89
1078	4352936687	-7.81	10.83
1079	4352936799	-4.235	11.15
1080	4352936985	-14.917	13.567
1081	4352937256	13.599	8.097999999999999
1082	4352937757	13.52	8.801
1083	4352937759	14.442	5.747000000000001
1084	4352938296	-15.9	13.55
1085	4352938529	14.242	10.425
1086	4352939306	-14.917	13.567
1087	4352939548	-14.917	13.567
1088	4352939788	-15.582	11.890999999999998
1089	4352941244	14.442	5.747000000000001
1090	4352941617	-9.53	8.48
1091	4352941630	-8.33	11.47
1092	4352941834	34.026	0.77
1093	4352942112	13.558	4.341
1094	4352942254	-14.222	12.272
1095	4352942305	35.299	-23.716
1096	4352942351	-8.33	11.47
1097	4352942438	34.026	0.77
1098	4352942681	13.558	4.341
1099	4352942748	-9.53	8.48
1100	4352942953	13.302	-8.884
1101	4352943022	29.701	-0.7509999999999999
1102	4352943204	34.026	0.77
1103	4352943239	9.455	0.384
1104	4352943378	13.302	-8.884
1105	4352943642	29.701	-0.7509999999999999
1106	4352943882	-8.16	12.9
1107	4352943914	38.948	-4.94
1108	4352944172	8.7	3.7
1109	4352944227	18.583	4.367
1110	4352944247	34.026	0.77
1111	4352944453	21.017	4.283
1112	4352944639	-4.535	11.235
1113	4352944642	-4.235	11.15
1114	4352944644	-4.235	11.15
1115	4352945076	31.651	-1.962
1116	4352945173	14.217	10.255999999999998
1117	4352945292	-8.33	11.47
1118	4352945690	-8.33	11.47
1119	4352945946	-14.917	13.567
1120	4352945979	-16.033	13.417
1121	4352946675	-5.9	13.21
1122	4352946974	18.583	4.367
1123	4352946994	-8.33	11.47
1124	4352947352	-0.261	6.093999999999999
1125	4352947353	-0.2189999999999999	5.667999999999999
1126	4352947402	29.701	-0.7509999999999999
1127	4352947759	-0.261	6.093999999999999
1128	4352948332	14.442	5.747000000000001
1129	4352948350	18.583	4.367
1130	4352948466	-4.472	11.233
1131	4352948484	-9.53	8.48
1132	4352948576	-14.917	13.567
1133	4352949086	-4.235	11.15
1134	4352949113	13.558	4.341
1135	4352949184	39.909	-3.511
1136	4352949266	-0.2189999999999999	5.667999999999999
1137	4352949345	9.455	0.384
1138	4352949349	-4.823	5.898
1139	4352949423	-4.472	11.233
1140	4352949543	-4.535	11.235
1141	4352949728	35.299	-23.716
1142	4352949844	-1.774	4.912
1143	4352949845	-1.774	4.912
1144	4352950037	34.026	0.77
1145	4352950251	9.455	0.384
1146	4352950275	-4.535	11.235
1147	4352950283	-15.9	13.55
1148	4352950419	21.017	4.283
1149	4352951546	21.017	4.283
1150	4352951574	13.558	4.341
1151	4352951725	-9.53	8.48
1152	4352952095	39.909	-3.511
1153	4352952281	-8.15	12.89
1154	4352952308	-4.235	11.15
1155	4352952596	35.299	-23.716
1156	4352952603	13.558	4.341
1157	4352952743	-10.03	9.28
1158	4352952875	-1.5490000000000002	5.609
1159	4352952938	-14.917	13.567
1160	4352952998	-8.08	12.81
1161	4352953268	38.948	-4.94
1162	4352953517	-15.9	13.55
1163	4352953550	14.143	10.188
1164	4352953709	13.844	4.777
1165	4352953720	-8.45	11.88
1166	4352953996	-4.535	11.235
1167	4352954760	-0.261	6.093999999999999
1168	4352954878	-0.261	6.093999999999999
1169	4352955012	-14.917	13.567
1170	4352955119	18.583	4.367
1171	4352955120	18.583	4.367
1172	4352955160	-14.917	13.567
1173	4352955203	-15.9	13.55
1174	4352955399	21.017	4.283
1175	4352955992	38.948	-4.94
1176	4352956373	13.302	-8.884
1177	4352956488	-14.917	13.567
1178	4352956507	-4.472	11.233
1179	4352956526	13.302	-8.884
1180	4352956631	14.228	10.462
1181	4352956753	-15.582	11.890999999999998
1182	4352956757	13.302	-8.884
1183	4352956767	-4.235	11.15
1184	4352956902	-4.823	5.898
1185	4352957052	-8.33	11.47
1186	4352957148	18.583	4.367
1187	4352957338	-4.535	11.235
1188	4352957356	38.948	-4.94
1189	4352957368	21.017	4.283
1190	4352957627	-4.823	5.898
1191	4352957880	-16.033	13.417
1192	4352957895	21.017	4.283
1193	4352958103	-8.16	12.9
1194	4352958287	35.299	-23.716
1195	4352958553	14.442	5.747000000000001
1196	4352958596	-4.472	11.233
1197	4352958660	38.948	-4.94
1198	4352958726	-4.472	11.233
1199	4352959207	35.299	-23.716
1200	4352959347	21.017	4.283
1201	4352959348	21.017	4.283
1202	4352959691	-15.9	13.583
1203	4352959760	-4.535	11.235
1204	4352959761	-4.535	11.235
1205	4352959786	-10.03	9.28
1206	4352959947	-4.472	11.233
1207	4352960169	-14.917	13.567
1208	4352960430	-4.472	11.233
1209	4352960533	-4.823	5.898
1210	4352961532	-4.235	11.15
1211	4352961556	-4.823	5.898
1212	4352961652	38.948	-4.94
1213	4352961725	-4.472	11.233
1214	4352961881	35.299	-23.716
1215	4352962048	-8.33	11.47
1216	4352962265	-8.16	12.9
1217	4352962619	-4.472	11.233
1218	4352962649	13.302	-8.884
1219	4352962650	13.302	-8.884
1220	4352962682	13.302	-8.884
1221	4352962683	13.302	-8.884
1222	4352962796	18.583	4.367
1223	4352963316	14.143	10.188
1224	4352963457	-0.2189999999999999	5.667999999999999
1225	4352963595	-15.582	11.890999999999998
1226	4352963661	-4.535	11.235
1227	4352963686	9.455	0.384
1228	4352964258	38.948	-4.94
1229	4352964628	14.442	5.747000000000001
1230	4352964889	-10.03	9.28
1231	4352965303	14.442	5.747000000000001
1232	4352965385	39.909	-3.511
1233	4352965386	39.909	-3.511
1234	4352965387	13.844	4.777
1235	4352965583	31.651	-1.962
1236	4352965976	14.442	5.747000000000001
1237	4352966163	13.558	4.341
1238	4352966454	18.583	4.367
1239	4352966546	-8.2	12.2
1240	4352966643	14.442	5.747000000000001
1241	4352966698	-4.823	5.898
1242	4352967308	-4.472	11.233
1243	4352967754	-4.823	5.898
1244	4352967876	11.515999999999998	3.972
1245	4352968409	-14.917	13.567
1246	4352968519	13.558	4.341
1247	4352968520	13.558	4.341
1248	4352968521	13.558	4.341
1249	4352968970	-10.03	9.28
1250	4352969313	-9.53	8.48
1251	4352969552	-4.472	11.233
1252	4352969709	11.632	4.332
1253	4352969963	-14.917	13.567
1254	4352969964	-14.917	13.567
1255	4352970412	-10.03	9.28
1256	4352970730	13.844	4.777
1257	4352970767	13.558	4.341
1258	4352970768	13.844	4.777
1259	4352970904	38.948	-4.94
1260	4352971108	-1.774	4.912
1261	4352971116	13.558	4.341
1262	4352971123	-8.33	11.47
1263	4352971212	-4.235	11.15
1264	4352971358	10.868	5.726
1265	4352971386	31.651	-1.962
1266	4352971568	13.558	4.341
1267	4352971792	12.629	6.468999999999999
1268	4352971828	13.844	4.777
1269	4352971830	13.844	4.777
1270	4352971832	13.844	4.777
1271	4352972017	21.017	4.283
1272	4352972018	21.017	4.283
1273	4352972107	13.558	4.341
1274	4352972325	-1.17	12.06
1275	4352972335	-4.472	11.233
1276	4352972403	-4.472	11.233
1277	4352972480	39.909	-3.511
1278	4352972570	-14.917	13.567
1279	4352972837	-14.917	13.567
1280	4352973042	29.701	-0.7509999999999999
1281	4352973270	34.026	0.77
1282	4352973645	-9.53	8.48
1283	4352973779	10.593	5.484
1284	4352973862	-0.261	6.093999999999999
1285	4352974222	-4.472	11.233
1286	4352974295	-16.033	13.417
1287	4352974351	-14.917	13.567
1288	4352974353	-14.917	13.567
1289	4352974518	-15.9	13.55
1290	4352974592	39.909	-3.511
1291	4352974836	-4.535	11.235
1292	4352974837	-4.535	11.235
1293	4352974948	13.578	7.354
1294	4352975001	13.859000000000002	9.703
1295	4352975015	-4.823	5.898
1296	4352975121	13.844	4.777
1297	4352975202	9.455	0.384
1298	4352975300	-4.535	11.235
1299	4352975583	-4.823	5.898
1300	4352975756	14.442	5.747000000000001
1301	4352975861	-7.81	10.83
1302	4352976152	-14.222	12.272
1303	4352976162	13.607	7.902
1304	4352976380	34.026	0.77
1305	4352976394	-1.5490000000000002	5.609
1306	4352976597	-4.472	11.233
1307	4352976598	-4.472	11.233
1308	4352976765	-14.917	13.567
1309	4352976770	-15.582	11.890999999999998
1310	4352977380	13.558	4.341
1311	4352977679	9.455	0.384
1312	4352977819	-10.03	9.28
1313	4352978192	-4.472	11.233
1314	4352978292	-4.823	5.898
1315	4352978616	14.442	5.747000000000001
1316	4352978621	-15.9	13.55
1317	4352978623	-15.9	13.55
1318	4352978624	-15.9	13.55
1319	4352978722	-4.472	11.233
1320	4352978789	29.701	-0.7509999999999999
1321	4352978996	14.442	5.747000000000001
1322	4352979044	-15.649	11.957
1323	4352979052	-14.917	13.567
1324	4352979511	13.844	4.777
1325	4352980469	34.026	0.77
1326	4352980628	13.844	4.777
1327	4352980629	13.844	4.777
1328	4352980780	-15.649	11.957
1329	4352980838	-9.53	8.48
1330	4352980986	13.558	4.341
1331	4352981375	29.701	-0.7509999999999999
1332	4352981434	-1.774	4.912
1333	4352981478	21.017	4.283
1334	4352981674	34.026	0.77
1335	4352981682	-9.53	8.48
1336	4352981762	29.701	-0.7509999999999999
1337	4352981866	-16.033	13.417
1338	4352981942	-0.2189999999999999	5.667999999999999
1339	4352982193	13.558	4.341
1340	4352982238	-9.53	8.48
1341	4352982364	-5.9	13.21
1342	4352982545	-14.917	13.567
1343	4352982615	18.583	4.367
1344	4352982803	-4.472	11.233
1345	4352982839	-10.03	9.28
1346	4352983080	-15.582	11.890999999999998
1347	4352983224	9.455	0.384
1348	4352983355	39.909	-3.511
1349	4352983673	-15.582	11.890999999999998
1350	4352984012	13.302	-8.884
1351	4352984094	-9.53	8.48
1352	4352984163	-8.33	11.47
1353	4352984550	13.844	4.777
1354	4352984644	-16.033	13.417
1355	4352984727	29.701	-0.7509999999999999
1356	4352984864	34.026	0.77
1357	4352985016	-4.823	5.898
1358	4352985024	-7.81	10.83
1359	4352985209	9.455	0.384
1360	4352985274	35.299	-23.716
1361	4352985492	-10.03	9.28
1362	4352985563	-4.472	11.233
1363	4352985725	38.948	-4.94
1364	4352985726	38.948	-4.94
1365	4352985758	-14.917	13.567
1366	4352985810	18.583	4.367
1367	4352985954	-14.917	13.567
1368	4352986268	-14.917	13.567
1369	4352986382	13.4	7.322999999999999
1370	4352986448	13.844	4.777
1371	4352986720	13.864	9.784
1372	4352986745	-7.81	10.83
1373	4352986889	34.026	0.77
1374	4352986896	-9.53	8.48
1375	4352986947	18.583	4.367
1376	4352987079	13.554	7.3
1377	4352987563	-1.5490000000000002	5.609
1378	4352987588	-9.53	8.48
1379	4352987646	-15.649	11.957
1380	4352988085	-15.9	13.55
1381	4352988196	-4.823	5.898
1382	4352988370	-4.235	11.15
1383	4352988884	34.026	0.77
1384	4352989043	-4.823	5.898
1385	4352989454	35.299	-23.716
1386	4352989696	13.558	4.341
1387	4352990263	34.026	0.77
1388	4352990369	13.558	4.341
1389	4352990674	9.455	0.384
1390	4352990764	-14.917	13.567
1391	4352990765	-4.472	11.233
1392	4352990782	14.442	5.747000000000001
1393	4352990854	13.558	4.341
1394	4352990879	-4.235	11.15
1395	4352990976	-15.9	13.55
1396	4352991613	-4.472	11.233
1397	4352991766	-7.87	12.69
1398	4352991939	-4.535	11.235
1399	4352991978	-4.535	11.235
1400	4352991989	34.026	0.77
1401	4352992266	14.442	5.747000000000001
1402	4352992319	-4.472	11.233
1403	4352992320	-4.235	11.15
1404	4352992999	8.7	3.7
1405	4352993029	39.909	-3.511
1406	4352993042	-15.9	13.55
1407	4352993094	34.026	0.77
1408	4352993311	29.701	-0.7509999999999999
1409	4352993486	-9.53	8.48
1410	4352993735	-14.917	13.567
1411	4352993889	-4.823	5.898
1412	4352994103	-7.81	10.83
1413	4352994333	21.017	4.283
1414	4352994864	38.948	-4.94
1415	4352995021	-7.81	10.83
1416	4352995234	13.844	4.777
1417	4352995488	13.844	4.777
1418	4352995491	13.844	4.777
1419	4352995995	-4.535	11.235
1420	4352996612	-7.81	10.83
1421	4352996701	-4.472	11.233
1422	4352997220	13.302	-8.884
1423	4352997314	-15.9	13.55
1424	4352997315	-15.9	13.55
1425	4352997408	34.026	0.77
1426	4352997409	34.026	0.77
1427	4352997435	-8.33	11.47
1428	4352997747	-4.535	11.235
1429	4352997771	-9.53	8.48
1430	4352997794	-4.472	11.233
1431	4352997833	-4.535	11.235
1432	4352997939	-8.45	11.88
1433	4352998330	13.558	4.341
1434	4352998657	-14.917	13.567
1435	4352998900	-15.9	13.55
1436	4352999494	39.909	-3.511
1437	4352999537	-9.53	8.48
1438	4352999609	34.026	0.77
1439	4352999642	-1.774	4.912
1440	4352999679	13.558	4.341
1441	4352999784	-0.261	6.093999999999999
1442	4352999886	-4.235	11.15
1443	4352999887	-4.235	11.15
1444	4353000048	-14.917	13.567
1445	4353000978	-4.472	11.233
1446	4353001194	-15.582	11.890999999999998
1447	4353001208	13.558	4.341
1448	4353001344	-9.53	8.48
1449	4353001571	-8.45	11.88
1450	4353001888	-15.9	13.55
1451	4353001980	21.017	4.283
1452	4353001987	-4.472	11.233
1453	4353002049	-4.235	11.15
1454	4353002079	34.026	0.77
1455	4353002100	18.583	4.367
1456	4353002134	31.651	-1.962
1457	4353002148	21.017	4.283
1458	4353002288	-9.53	8.48
1459	4353002882	39.909	-3.511
1460	4353002998	-14.917	13.567
1461	4353003065	-14.917	13.567
1462	4353003076	13.844	4.777
1463	4353003142	-4.235	11.15
1464	4353003175	13.844	4.777
1465	4353003203	13.302	-8.884
1466	4353003220	38.948	-4.94
1467	4353003490	-1.5490000000000002	5.609
1468	4353003609	-7.81	10.83
1469	4353003615	21.017	4.283
1470	4353003646	-10.03	9.28
1471	4353003647	-10.03	9.28
1472	4353003813	-7.81	10.83
1473	4353003876	-8.15	12.89
1474	4353004723	13.133	6.997000000000001
1475	4353004972	-14.917	13.567
1476	4353004973	-14.917	13.567
1477	4353005248	9.455	0.384
1478	4353005257	21.017	4.283
1479	4353005542	13.844	4.777
1480	4353005665	-9.53	8.48
1481	4353005974	-4.535	11.235
1482	4353006181	-14.917	13.567
1483	4353006273	31.651	-1.962
1484	4353006367	-14.917	13.567
1485	4353006368	-14.917	13.567
1486	4353006484	39.909	-3.511
1487	4353006679	39.909	-3.511
1488	4353006887	-14.917	13.567
1489	4353007204	-0.2189999999999999	5.667999999999999
1490	4353007318	13.302	-8.884
1491	4353007319	13.302	-8.884
1492	4353007404	14.442	5.747000000000001
1493	4353007519	29.701	-0.7509999999999999
1494	4353007603	-9.53	8.48
1495	4353007881	-16.033	13.417
1496	4353008464	13.558	4.341
1497	4353008918	14.255	10.495
1498	4353009283	-9.53	8.48
1499	4353009927	-15.9	13.55
1500	4353010063	-4.235	11.15
1501	4353010386	-15.582	11.890999999999998
1502	4353010412	29.701	-0.7509999999999999
1503	4353010413	29.701	-0.7509999999999999
1504	4353010966	-4.823	5.898
1505	4353010967	-4.823	5.898
1506	4353011097	-14.917	13.567
1507	4353011161	-10.03	9.28
1508	4353011256	29.701	-0.7509999999999999
1509	4353011393	-4.823	5.898
1510	4353011726	34.026	0.77
1511	4353012014	31.651	-1.962
1512	4353012141	29.701	-0.7509999999999999
1513	4353012142	29.701	-0.7509999999999999
1514	4353012145	-7.81	10.83
1515	4353012228	-4.472	11.233
1516	4353012229	-4.472	11.233
1517	4353012252	-4.235	11.15
1518	4353012253	-4.235	11.15
1519	4353012483	14.442	5.747000000000001
1520	4353012553	9.455	0.384
1521	4353012596	-15.9	13.55
1522	4353012770	35.299	-23.716
1523	4353012856	21.017	4.283
1524	4353012857	21.017	4.283
1525	4353012897	35.299	-23.716
1526	4353013308	10.868	5.726
1527	4353013781	14.442	5.747000000000001
1528	4353013949	-15.9	13.583
1529	4353014126	34.026	0.77
1530	4353014799	-7.81	10.83
1531	4353014871	-15.582	11.890999999999998
1532	4353014873	-1.17	12.06
1533	4353014943	-14.917	13.567
1534	4353014944	-14.917	13.567
1535	4353015422	-4.535	11.235
1536	4353015636	-8.33	11.47
1537	4353015732	13.844	4.777
1538	4353016490	-4.823	5.898
1539	4353016510	34.026	0.77
1540	4353017152	-15.9	13.55
1541	4353017384	13.302	-8.884
1542	4353018072	14.442	5.747000000000001
1543	4353018073	14.442	5.747000000000001
1544	4353018261	14.442	5.747000000000001
1545	4353018538	34.026	0.77
1546	4353018766	35.299	-23.716
1547	4353019174	34.026	0.77
1548	4353019345	13.844	4.777
1549	4353019378	-4.472	11.233
1550	4353019572	-8.15	12.89
1551	4353020097	21.017	4.283
1552	4353020170	35.299	-23.716
1553	4353020171	35.299	-23.716
1554	4353021027	-4.472	11.233
1555	4353021065	-1.774	4.912
1556	4353021260	13.56	9.424
1557	4353021488	35.299	-23.716
1558	4353021518	-8.33	11.47
1559	4353022090	9.455	0.384
1560	4353022673	-15.649	11.957
1561	4353022686	-14.917	13.567
1562	4353022845	39.909	-3.511
1563	4353022880	10.868	5.726
1564	4353023238	14.442	5.747000000000001
1565	4353023251	9.455	0.384
1566	4353023646	-15.582	11.890999999999998
1567	4353023647	-15.582	11.890999999999998
1568	4353023734	39.909	-3.511
1569	4353023991	-9.53	8.48
1570	4353024024	18.583	4.367
1571	4353024415	-4.535	11.235
1572	4353025018	14.442	5.747000000000001
1573	4353025056	29.701	-0.7509999999999999
1574	4353025225	34.026	0.77
1575	4353025323	13.844	4.777
1576	4353025324	13.844	4.777
1577	4353025325	13.844	4.777
1578	4353025531	-4.535	11.235
1579	4353026450	31.651	-1.962
1580	4353026455	-15.582	11.890999999999998
1581	4353026786	18.583	4.367
1582	4353026822	-4.472	11.233
1583	4353026876	13.302	-8.884
1584	4353027037	-4.235	11.15
1585	4353027098	-15.9	13.55
1586	4353027681	-9.53	8.48
1587	4353027893	-10.03	9.28
1588	4353027917	-5.9	13.21
1589	4353028499	-15.582	11.890999999999998
1590	4353028584	35.299	-23.716
1591	4353028590	-10.03	9.28
1592	4353028599	-8.15	12.89
1593	4353028643	-1.17	12.06
1594	4353028709	18.583	4.367
1595	4353028882	13.302	-8.884
1596	4353029093	13.844	4.777
1597	4353029195	-6.13	13.2
1598	4353029219	14.442	5.747000000000001
1599	4353029289	35.299	-23.716
1600	4353029330	35.299	-23.716
1601	4353029489	-9.53	8.48
1602	4353029504	-0.2189999999999999	5.667999999999999
1603	4353029505	-0.2189999999999999	5.667999999999999
1604	4353029519	29.701	-0.7509999999999999
1605	4353029832	14.442	5.747000000000001
1606	4353029887	13.302	-8.884
1607	4353029905	13.302	-8.884
1608	4353029921	13.823	9.513
1609	4353030069	34.026	0.77
1610	4353030336	-1.774	4.912
1611	4353030489	-14.917	13.567
1612	4353030831	-4.235	11.15
1613	4353030832	-14.917	13.567
1614	4353030839	-10.03	9.28
1615	4353030943	39.909	-3.511
1616	4353031096	31.651	-1.962
1617	4353031263	13.844	4.777
1618	4353031317	39.909	-3.511
1619	4353031332	13.581	7.82
1620	4353031471	-5.9	13.21
1621	4353031488	-8.16	12.9
1622	4353031514	-14.917	13.567
1623	4353031554	35.299	-23.716
1624	4353031722	-4.235	11.15
1625	4353031971	13.558	4.341
1626	4353031972	13.844	4.777
1627	4353032048	13.558	4.341
1628	4353032099	-4.823	5.898
1629	4353032106	-8.45	11.88
1630	4353032208	-10.03	9.28
1631	4353032288	-9.53	8.48
1632	4353032407	13.558	4.341
1633	4353032458	-15.649	11.957
1634	4353032574	-4.535	11.235
1635	4353032869	-4.823	5.898
1636	4353032883	-4.472	11.233
1637	4353032956	-0.261	6.093999999999999
1638	4353033298	11.535	4.166
1639	4353033300	11.515999999999998	3.972
1640	4353033346	18.583	4.367
1641	4353033427	-14.917	13.567
1642	4353033431	-9.53	8.48
1643	4353033435	-9.53	8.48
1644	4353033662	29.701	-0.7509999999999999
1645	4353033815	38.948	-4.94
1646	4353034022	9.455	0.384
1647	4353034024	11.505999999999998	3.88
1648	4353034046	13.558	4.341
1649	4353034183	34.026	0.77
1650	4353034203	39.909	-3.511
1651	4353034204	39.909	-3.511
1652	4353034268	38.948	-4.94
1653	4353034297	35.299	-23.716
1654	4353034298	35.299	-23.716
1655	4353034418	21.017	4.283
1656	4353034436	34.026	0.77
1657	4353034447	13.54	8.722000000000001
1658	4353034448	13.844	4.777
1659	4353034488	35.299	-23.716
1660	4353034615	9.455	0.384
1661	4353034856	-4.235	11.15
1662	4353034875	29.701	-0.7509999999999999
1663	4353034955	-15.582	11.890999999999998
1664	4353034996	-7.81	10.83
1665	4353035023	-8.15	12.89
1666	4353035194	9.455	0.384
1667	4353035196	9.455	0.384
1668	4353035567	-14.917	13.567
1669	4353035568	-14.917	13.567
1670	4353035600	-9.53	8.48
1671	4353035746	-10.03	9.28
1672	4353035827	-15.9	13.55
1673	4353036132	39.909	-3.511
1674	4353036177	13.558	4.341
1675	4353036371	13.594	9.438
1676	4353036414	-1.774	4.912
1677	4353036628	-5.9	13.21
1678	4353036678	-4.472	11.233
1679	4353036812	-14.917	13.567
1680	4353036926	11.140999999999998	6.097
1681	4353037035	13.209	7.107
1682	4353037072	13.302	-8.884
1683	4353037244	35.299	-23.716
1684	4353037360	29.701	-0.7509999999999999
1685	4353037587	38.948	-4.94
1686	4353037976	-14.917	13.567
1687	4353038206	-10.03	9.28
1688	4353038292	9.455	0.384
1689	4353038491	14.442	5.747000000000001
1690	4353038492	14.442	5.747000000000001
1691	4353038643	-1.5490000000000002	5.609
1692	4353038652	35.299	-23.716
1693	4353038769	-14.917	13.567
1694	4353039168	39.909	-3.511
1695	4353039269	-4.472	11.233
1696	4353039288	39.909	-3.511
1697	4353039321	-4.472	11.233
1698	4353039615	-15.9	13.55
1699	4353039627	21.017	4.283
1700	4353039866	-15.9	13.55
1701	4353039884	-15.9	13.55
1702	4353040014	-6.13	13.2
1703	4353040324	-0.2189999999999999	5.667999999999999
1704	4353040325	-0.2189999999999999	5.667999999999999
1705	4353040476	9.721	4.055
1706	4353040629	39.909	-3.511
1707	4353040708	-4.472	11.233
1708	4353040875	-4.472	11.233
1709	4353041111	-14.917	13.567
1710	4353041112	-14.917	13.567
1711	4353041230	-4.472	11.233
1712	4353041231	-4.472	11.233
1713	4353041471	9.455	0.384
1714	4353041564	14.212	10.708
1715	4353042007	-4.823	5.898
1716	4353042008	-4.823	5.898
1717	4353042090	-0.261	6.093999999999999
1718	4353042343	11.539	3.87
1719	4353042371	39.909	-3.511
1720	4353042451	-8.08	12.81
1721	4353042697	13.302	-8.884
1722	4353042713	13.302	-8.884
1723	4353042797	10.868	5.726
1724	4353042957	21.017	4.283
1725	4353042965	21.017	4.283
1726	4353043106	-4.535	11.235
1727	4353043420	9.455	0.384
1728	4353043701	-1.774	4.912
1729	4353044073	13.844	4.777
1730	4353044121	-4.535	11.235
1731	4353044144	14.149	10.05
1732	4353044221	-7.87	12.69
1733	4353044473	-4.235	11.15
1734	4353044755	-9.53	8.48
1735	4353044792	-15.9	13.55
1736	4353045048	18.583	4.367
1737	4353045082	29.701	-0.7509999999999999
1738	4353045088	13.302	-8.884
1739	4353045336	21.017	4.283
1740	4353045409	-7.81	10.83
1741	4353045446	-4.823	5.898
1742	4353045742	13.844	4.777
1743	4353045850	-8.15	12.89
1744	4353045856	13.564	8.525
1745	4353045952	-4.823	5.898
1746	4353046012	-14.917	13.567
1747	4353046013	-14.917	13.567
1748	4353046014	-14.917	13.567
1749	4353046015	-14.917	13.567
1750	4353046095	13.558	4.341
1751	4353046254	-15.582	11.890999999999998
1752	4353046276	29.701	-0.7509999999999999
1753	4353046392	-9.53	8.48
1754	4353046543	13.302	-8.884
1755	4353046766	-6.13	13.2
1756	4353046874	13.558	4.341
1757	4353046921	-4.535	11.235
1758	4353047081	-4.472	11.233
1759	4353047082	-4.472	11.233
1760	4353047142	-10.03	9.28
1761	4353047144	13.558	4.341
1762	4353047289	-16.033	13.417
1763	4353047379	13.111	6.751
1764	4353047596	-15.9	13.55
1765	4353048156	-14.917	13.567
1766	4353048157	-14.917	13.567
1767	4353048162	-14.917	13.567
1768	4353048386	35.299	-23.716
1769	4353048488	-4.472	11.233
1770	4353048960	21.017	4.283
1771	4353049020	13.558	4.341
1772	4353049139	34.026	0.77
1773	4353049631	-4.472	11.233
1774	4353049798	14.442	5.747000000000001
1775	4353049799	14.442	5.747000000000001
1776	4353049866	14.442	5.747000000000001
1777	4353050105	-4.472	11.233
1778	4353050132	-8.45	11.88
1779	4353050295	34.026	0.77
1780	4353050296	34.026	0.77
1781	4353050430	-15.9	13.55
1782	4353050599	29.701	-0.7509999999999999
1783	4353050780	13.302	-8.884
1784	4353050848	-4.472	11.233
1785	4353051106	29.701	-0.7509999999999999
1786	4353051514	13.54	8.722000000000001
1787	4353051588	-4.535	11.235
1788	4353051592	-4.535	11.235
1789	4353051615	-15.9	13.55
1790	4353051616	-15.9	13.55
1791	4353051644	-4.823	5.898
1792	4353051660	-5.9	13.21
1793	4353051697	34.026	0.77
1794	4353051724	13.558	4.341
1795	4353051764	29.701	-0.7509999999999999
1796	4353051890	-4.235	11.15
1797	4353051962	-4.235	11.15
1798	4353052175	14.442	5.747000000000001
1799	4353052178	-4.535	11.235
1800	4353052250	-4.535	11.235
1801	4353052673	9.455	0.384
1802	4353052909	18.583	4.367
1803	4353052910	18.583	4.367
1804	4353052935	13.302	-8.884
1805	4353053043	-8.16	12.9
1806	4353053168	-9.53	8.48
1807	4353053240	-4.472	11.233
1808	4353053292	14.442	5.747000000000001
1809	4353053295	-15.9	13.583
1810	4353053417	14.442	5.747000000000001
1811	4353053431	29.701	-0.7509999999999999
1812	4353053432	29.701	-0.7509999999999999
1813	4353053433	29.701	-0.7509999999999999
1814	4353053611	-15.649	11.957
1815	4353053686	-1.17	12.06
1816	4353053839	21.017	4.283
1817	4353054022	-14.917	13.567
1818	4353054257	34.026	0.77
1819	4353054283	-4.823	5.898
1820	4353054377	-4.823	5.898
1821	4353054378	-4.823	5.898
1822	4353054581	-4.472	11.233
1823	4353054592	-1.5490000000000002	5.609
1824	4353054610	34.026	0.77
1825	4353054711	13.844	4.777
1826	4353054729	-0.261	6.093999999999999
1827	4353054796	-15.649	11.957
1828	4353054935	13.844	4.777
1829	4353054936	13.844	4.777
1830	4353054974	-8.45	11.88
1831	4353055353	-7.81	10.83
1832	4353055545	-14.917	13.567
1833	4353055590	-15.9	13.583
1834	4353055591	-15.9	13.55
1835	4353055787	-0.261	6.093999999999999
1836	4353055800	-4.472	11.233
1837	4353055986	-14.917	13.567
1838	4353056402	-15.9	13.55
1839	4353056518	9.455	0.384
1840	4353056577	21.017	4.283
1841	4353056700	13.844	4.777
1842	4353056852	39.909	-3.511
1843	4353056899	13.558	4.341
1844	4353056901	31.651	-1.962
1845	4353056908	-4.535	11.235
1846	4353057028	-1.5490000000000002	5.609
1847	4353057029	-1.5490000000000002	5.609
1848	4353057073	-10.03	9.28
1849	4353057120	-7.84	12.68
1850	4353057218	-4.472	11.233
1851	4353057256	21.017	4.283
1852	4353057271	-1.774	4.912
1853	4353057272	-1.774	4.912
1854	4353057365	-7.84	12.68
1855	4353057508	34.026	0.77
1856	4353057519	-14.222	12.272
1857	4353057544	-4.472	11.233
1858	4353057545	-10.03	9.28
1859	4353057557	-4.235	11.15
1860	4353057610	-8.15	12.89
1861	4353057935	-9.53	8.48
1862	4353057954	-8.16	12.9
1863	4353057955	-7.84	12.68
1864	4353057986	29.701	-0.7509999999999999
1865	4353058156	34.026	0.77
1866	4353058157	34.026	0.77
1867	4353058370	-14.917	13.567
1868	4353058591	-14.917	13.567
1869	4353058593	34.026	0.77
1870	4353058795	10.457	5.479
1871	4353058999	18.583	4.367
1872	4353059097	34.026	0.77
1873	4353059135	21.017	4.283
1874	4353059233	13.558	4.341
1875	4353059247	10.868	5.726
1876	4353059248	10.868	5.726
1877	4353059279	13.558	4.341
1878	4353059773	-4.535	11.235
1879	4353059774	-4.535	11.235
1880	4353059885	31.651	-1.962
1881	4353060031	14.442	5.747000000000001
1882	4353060203	-15.582	11.890999999999998
1883	4353060243	13.603	8.513
1884	4353060248	-15.582	11.890999999999998
1885	4353060318	-4.472	11.233
1886	4353060559	-1.774	4.912
1887	4353060624	-4.472	11.233
1888	4353060734	18.583	4.367
1889	4353060827	-15.582	11.890999999999998
1890	4353061093	-4.472	11.233
1891	4353061270	34.026	0.77
1892	4353061405	-8.15	12.89
1893	4353061601	-9.53	8.48
1894	4353061623	14.442	5.747000000000001
1895	4353061663	35.299	-23.716
1896	4353061673	13.558	4.341
1897	4353061691	-4.535	11.235
1898	4353061692	-4.235	11.15
1899	4353062153	-4.823	5.898
1900	4353062309	-8.45	11.88
1901	4353062359	-14.917	13.567
1902	4353062370	-4.235	11.15
1903	4353062397	-4.472	11.233
1904	4353062421	-4.823	5.898
1905	4353062520	-0.2189999999999999	5.667999999999999
1906	4353062578	35.299	-23.716
1907	4353062617	14.442	5.747000000000001
1908	4353062914	-4.235	11.15
1909	4353062977	14.442	5.747000000000001
1910	4353063116	39.909	-3.511
1911	4353063236	-10.03	9.28
1912	4353063432	-9.53	8.48
1913	4353063433	-9.53	8.48
1914	4353063452	-8.15	12.89
1915	4353063879	-4.235	11.15
1916	4353063994	34.026	0.77
1917	4353064017	21.017	4.283
1918	4353064079	34.026	0.77
1919	4353064080	34.026	0.77
1920	4353064133	-7.81	10.83
1921	4353064262	-14.917	13.567
1922	4353064263	-14.917	13.567
1923	4353064361	-1.5490000000000002	5.609
1924	4353064408	-4.535	11.235
1925	4353064460	35.299	-23.716
1926	4353064730	-14.917	13.567
1927	4353064769	13.844	4.777
1928	4353064886	-15.582	11.890999999999998
1929	4353065014	-15.9	13.55
1930	4353065137	9.817	2.367
1931	4353065265	-14.917	13.567
1932	4353065266	-14.917	13.567
1933	4353065267	-14.917	13.567
1934	4353065687	13.844	4.777
1935	4353065817	-15.9	13.55
1936	4353065912	-7.81	10.83
1937	4353065945	18.583	4.367
1938	4353065983	-15.9	13.55
1939	4353066023	-7.81	10.83
1940	4353066037	35.299	-23.716
1941	4353066061	-1.774	4.912
1942	4353066062	-1.5490000000000002	5.609
1943	4353066165	14.242	10.425
1944	4353066253	-0.261	6.093999999999999
1945	4353066596	13.302	-8.884
1946	4353066830	14.442	5.747000000000001
1947	4353066831	14.442	5.747000000000001
1948	4353066891	29.701	-0.7509999999999999
1949	4353066966	-14.917	13.567
1950	4353066978	29.701	-0.7509999999999999
1951	4353067049	-4.535	11.235
1952	4353067254	29.701	-0.7509999999999999
1953	4353067256	13.302	-8.884
1954	4353067289	35.299	-23.716
1955	4353067347	21.017	4.283
1956	4353067348	21.017	4.283
1957	4353067392	-4.535	11.235
1958	4353067419	39.909	-3.511
1959	4353067429	-8.15	12.89
1960	4353067430	-8.15	12.89
1961	4353067439	21.017	4.283
1962	4353067651	-0.2189999999999999	5.667999999999999
1963	4353067704	-0.2189999999999999	5.667999999999999
1964	4353067768	-4.235	11.15
1965	4353067784	34.026	0.77
1966	4353067785	34.026	0.77
1967	4353067878	-14.917	13.567
1968	4353067880	-14.917	13.567
1969	4353067972	-1.17	12.06
1970	4353068325	13.558	4.341
1971	4353068393	14.442	5.747000000000001
1972	4353068451	-15.9	13.55
1973	4353068618	18.583	4.367
1974	4353068691	13.558	4.341
1975	4353068754	-15.9	13.55
1976	4353069024	-15.9	13.55
1977	4353069186	10.868	5.726
1978	4353069269	-9.53	8.48
1979	4353069304	9.455	0.384
1980	4353069398	35.299	-23.716
1981	4353069399	35.299	-23.716
1982	4353069416	-4.472	11.233
1983	4353069638	34.026	0.77
1984	4353069820	13.844	4.777
1985	4353069854	13.558	4.341
1986	4353070084	-15.9	13.55
1987	4353070085	-16.033	13.417
1988	4353070087	31.651	-1.962
1989	4353070151	-10.03	9.28
1990	4353070152	-10.03	9.28
1991	4353070153	-10.03	9.28
1992	4353070297	9.455	0.384
1993	4353070298	9.455	0.384
1994	4353070363	-4.235	11.15
1995	4353070364	-4.235	11.15
1996	4353070426	21.017	4.283
1997	4353070599	-14.917	13.567
1998	4353070907	-8.2	12.2
1999	4353070908	-8.2	12.2
2000	4353070979	-14.917	13.567
2001	4353071104	14.442	5.747000000000001
2002	4353071123	35.299	-23.716
2003	4353071192	-8.15	12.89
2004	4353071222	39.909	-3.511
2005	4353071281	38.948	-4.94
2006	4353071282	38.948	-4.94
2007	4353071334	39.909	-3.511
2008	4353071403	13.505999999999998	9.119
2009	4353071493	-7.81	10.83
2010	4353071520	18.583	4.367
2011	4353071717	-4.535	11.235
2012	4353071718	-4.235	11.15
2013	4353071730	-4.535	11.235
2014	4353071778	-7.81	10.83
2015	4353071833	13.558	4.341
2016	4353071872	-14.917	13.567
2017	4353071905	18.583	4.367
2018	4353071989	-14.917	13.567
2019	4353071990	-14.917	13.567
2020	4353071993	21.017	4.283
2021	4353072324	-14.917	13.567
2022	4353072469	-4.823	5.898
2023	4353072505	13.111	6.751
2024	4353072579	13.302	-8.884
2025	4353072690	38.948	-4.94
2026	4353072851	-4.235	11.15
2027	4353072940	13.558	4.341
2028	4353072996	13.302	-8.884
2029	4353073043	-7.81	10.83
2030	4353073109	13.844	4.777
2031	4353073213	-10.03	9.28
2032	4353073499	-10.03	9.28
2033	4353073685	-14.222	12.272
2034	4353073722	-4.535	11.235
2035	4353073759	-4.823	5.898
2036	4353073924	34.026	0.77
2037	4353073989	-0.2189999999999999	5.667999999999999
2038	4353074008	34.026	0.77
2039	4353074173	-14.917	13.567
2040	4353074372	-14.917	13.567
2041	4353074601	-15.649	11.957
2042	4353074665	18.583	4.367
2043	4353074936	29.701	-0.7509999999999999
2044	4353075121	34.026	0.77
2045	4353075190	13.558	4.341
2046	4353075192	13.844	4.777
2047	4353075243	-9.53	8.48
2048	4353075289	18.583	4.367
2049	4353075325	-14.917	13.567
2050	4353075564	31.651	-1.962
2051	4353075607	-8.2	12.2
2052	4353075702	-4.535	11.235
2053	4353075863	14.442	5.747000000000001
2054	4353075888	-4.823	5.898
2055	4353075897	9.455	0.384
2056	4353075991	13.558	4.341
2057	4353076090	29.701	-0.7509999999999999
2058	4353076264	-4.472	11.233
2059	4353076314	-15.649	11.957
2060	4353076344	-15.582	11.890999999999998
2061	4353076486	-8.33	11.47
2062	4353076608	39.909	-3.511
2063	4353076724	14.442	5.747000000000001
2064	4353076848	9.455	0.384
2065	4353076850	9.455	0.384
2066	4353076976	34.026	0.77
2067	4353076977	34.026	0.77
2068	4353076978	34.026	0.77
2069	4353077155	-14.917	13.567
2070	4353077177	-1.5490000000000002	5.609
2071	4353077283	14.442	5.747000000000001
2072	4353077356	14.442	5.747000000000001
2073	4353077391	13.302	-8.884
2074	4353077530	9.455	0.384
2075	4353077629	13.174	6.806
2076	4353077737	-4.235	11.15
2077	4353078268	39.909	-3.511
2078	4353078356	-4.472	11.233
2079	4353078561	-4.823	5.898
2080	4353078562	-4.823	5.898
2081	4353078812	-4.472	11.233
2082	4353078886	-4.472	11.233
2083	4353079030	-15.582	11.890999999999998
2084	4353079054	-0.261	6.093999999999999
2085	4353079136	13.302	-8.884
2086	4353079406	31.651	-1.962
2087	4353079486	13.558	4.341
2088	4353079575	14.442	5.747000000000001
2089	4353079683	14.442	5.747000000000001
2090	4353079740	-10.03	9.28
2091	4353079741	-10.03	9.28
2092	4353080049	29.701	-0.7509999999999999
2093	4353080302	13.844	4.777
2094	4353080327	-4.823	5.898
2095	4353080408	-9.53	8.48
2096	4353080436	13.844	4.777
2097	4353080609	-7.81	10.83
2098	4353080828	13.603	8.513
2099	4353080975	29.701	-0.7509999999999999
2100	4353080976	29.701	-0.7509999999999999
2101	4353080977	29.701	-0.7509999999999999
2102	4353081114	9.455	0.384
2103	4353081248	11.505999999999998	3.88
2104	4353081253	38.948	-4.94
2105	4353081303	11.507	3.805
2106	4353081402	14.442	5.747000000000001
2107	4353081452	11.632	4.332
2108	4353082050	34.026	0.77
2109	4353082176	9.455	0.384
2110	4353082785	34.026	0.77
2111	4353082786	34.026	0.77
2112	4353082957	-1.5490000000000002	5.609
2113	4353082981	13.302	-8.884
2114	4353083068	-10.03	9.28
2115	4353083243	-15.582	11.890999999999998
2116	4353083459	18.583	4.367
2117	4353083622	13.844	4.777
2118	4353083674	13.558	4.341
2119	4353083793	13.558	4.341
2120	4353084090	34.026	0.77
2121	4353084215	14.442	5.747000000000001
2122	4353084216	14.442	5.747000000000001
2123	4353084241	29.701	-0.7509999999999999
2124	4353084355	39.909	-3.511
2125	4353084431	-14.917	13.567
2126	4353084470	14.217	10.255999999999998
2127	4353084488	34.026	0.77
2128	4353084685	-15.9	13.55
2129	4353084744	-8.15	12.89
2130	4353085122	18.583	4.367
2131	4353085190	34.026	0.77
2132	4353085269	29.701	-0.7509999999999999
2133	4353085282	39.909	-3.511
2134	4353085364	13.558	4.341
2135	4353085414	18.583	4.367
2136	4353085471	13.302	-8.884
2137	4353085760	-4.823	5.898
2138	4353085761	-4.823	5.898
2139	4353085794	35.299	-23.716
2140	4353086168	-14.917	13.567
2141	4353086918	-14.917	13.567
2142	4353087153	34.026	0.77
2143	4353087166	9.455	0.384
2144	4353087615	-4.235	11.15
2145	4353087760	-4.823	5.898
2146	4353087761	-4.823	5.898
2147	4353087840	-8.33	11.47
2148	4353087884	13.558	4.341
2149	4353088121	13.844	4.777
2150	4353088242	39.909	-3.511
2151	4353088252	29.701	-0.7509999999999999
2152	4353088369	18.583	4.367
2153	4353088597	-8.33	11.47
2154	4353088662	-0.261	6.093999999999999
2155	4353088849	14.442	5.747000000000001
2156	4353088893	-4.472	11.233
2157	4353088894	-4.472	11.233
2158	4353088900	-9.53	8.48
2159	4353089130	39.909	-3.511
2160	4353089348	-10.03	9.28
2161	4353089387	21.017	4.283
2162	4353089522	-15.9	13.583
2163	4353089571	21.017	4.283
2164	4353089574	-10.03	9.28
2165	4353089575	-10.03	9.28
2166	4353090106	13.844	4.777
2167	4353090153	-8.08	12.81
2168	4353090217	35.299	-23.716
2169	4353090394	-14.917	13.567
2170	4353090401	-4.472	11.233
2171	4353090413	-8.08	12.81
2172	4353090523	38.948	-4.94
2173	4353090567	39.909	-3.511
2174	4353090810	-8.16	12.9
2175	4353090975	-0.261	6.093999999999999
2176	4353091013	-15.582	11.890999999999998
2177	4353091053	-14.917	13.567
2178	4353091054	-14.917	13.567
2179	4353091089	18.583	4.367
2180	4353091112	-15.617	13.55
2181	4353091578	13.302	-8.884
2182	4353091662	-4.235	11.15
2183	4353091783	18.583	4.367
2184	4353092059	-8.16	12.9
2185	4353092252	38.948	-4.94
2186	4353092253	38.948	-4.94
2187	4353092254	38.948	-4.94
2188	4353092294	13.558	4.341
2189	4353092649	-4.472	11.233
2190	4353092735	-14.917	13.567
2191	4353092855	-4.823	5.898
2192	4353092863	31.651	-1.962
2193	4353092872	-9.53	8.48
2194	4353093181	29.701	-0.7509999999999999
2195	4353093242	-4.472	11.233
2196	4353093391	-4.823	5.898
2197	4353093421	-8.16	12.9
2198	4353093530	-4.472	11.233
2199	4353093546	-1.5490000000000002	5.609
2200	4353093577	18.583	4.367
2201	4353093582	-15.9	13.55
2202	4353093752	14.143	10.188
2203	4353093794	-0.2189999999999999	5.667999999999999
2204	4353093829	-14.917	13.567
2205	4353093858	-4.235	11.15
2206	4353093962	21.017	4.283
2207	4353094048	21.017	4.283
2208	4353094259	-10.03	9.28
2209	4353094596	14.442	5.747000000000001
2210	4353094792	14.442	5.747000000000001
2211	4353094816	13.640999999999998	8.199
2212	4353095011	-4.472	11.233
2213	4353095016	13.529000000000002	8.66
2214	4353095025	-7.81	10.83
2215	4353095071	39.909	-3.511
2216	4353095495	34.026	0.77
2217	4353095496	34.026	0.77
2218	4353095572	-4.235	11.15
2219	4353095581	-10.03	9.28
2220	4353095695	11.515999999999998	3.972
2221	4353095834	-5.9	13.21
2222	4353096073	-10.03	9.28
2223	4353096184	13.844	4.777
2224	4353096196	13.844	4.777
2225	4353096211	-15.582	11.890999999999998
2226	4353096325	-4.235	11.15
2227	4353096387	31.651	-1.962
2228	4353096439	13.558	4.341
2229	4353096528	13.844	4.777
2230	4353096942	29.701	-0.7509999999999999
2231	4353097122	-9.53	8.48
2232	4353097144	11.519	3.369
2233	4353097188	-14.917	13.567
2234	4353097353	-14.917	13.567
2235	4353097515	-4.472	11.233
2236	4353097600	35.299	-23.716
2237	4353097702	-4.823	5.898
2238	4353097842	-7.81	10.83
2239	4353098128	-15.582	11.890999999999998
2240	4353098186	39.909	-3.511
2241	4353098213	31.651	-1.962
2242	4353098413	9.455	0.384
2243	4353098590	29.701	-0.7509999999999999
2244	4353098710	14.442	5.747000000000001
2245	4353098768	29.701	-0.7509999999999999
2246	4353098838	-15.649	11.957
2247	4353098843	-14.917	13.567
2248	4353098990	13.844	4.777
2249	4353099066	38.948	-4.94
2250	4353099288	34.026	0.77
2251	4353099483	13.558	4.341
2252	4353099751	-9.53	8.48
2253	4353099865	-8.15	12.89
2254	4353100098	35.299	-23.716
2255	4353100152	-4.472	11.233
2256	4353100243	-15.649	11.957
2257	4353100550	34.026	0.77
2258	4353100737	13.844	4.777
2259	4353100738	13.844	4.777
2260	4353100855	34.026	0.77
2261	4353100901	-15.582	11.890999999999998
2262	4353101048	-10.03	9.28
2263	4353101074	-14.222	12.272
2264	4353101346	-15.582	11.890999999999998
2265	4353101347	-15.649	11.957
2266	4353101444	-14.917	13.567
2267	4353101489	34.026	0.77
2268	4353101568	18.583	4.367
2269	4353101949	9.455	0.384
2270	4353102228	31.651	-1.962
2271	4353102655	29.701	-0.7509999999999999
2272	4353102774	-14.917	13.567
2273	4353102776	-14.917	13.567
2274	4353102777	-4.472	11.233
2275	4353102778	-4.472	11.233
2276	4353102784	14.442	5.747000000000001
2277	4353102796	13.462	7.335
2278	4353102800	13.558	4.341
2279	4353102801	13.558	4.341
2280	4353103013	34.026	0.77
2281	4353103113	-7.87	12.69
2282	4353103143	13.558	4.341
2283	4353103185	34.026	0.77
2284	4353103247	-0.2189999999999999	5.667999999999999
2285	4353103300	14.442	5.747000000000001
2286	4353103306	-4.472	11.233
2287	4353103549	-15.9	13.55
2288	4353103555	-9.53	8.48
2289	4353103776	18.583	4.367
2290	4353103942	-8.2	12.2
2291	4353104028	21.017	4.283
2292	4353104029	21.017	4.283
2293	4353104164	-14.917	13.567
2294	4353104165	-14.917	13.567
2295	4353104437	-14.917	13.567
2296	4353104451	34.026	0.77
2297	4353104457	13.558	4.341
2298	4353104606	-4.472	11.233
2299	4353104831	-7.81	10.83
2300	4353105055	-16.033	13.417
2301	4353105062	13.302	-8.884
2302	4353105085	-15.9	13.55
2303	4353105086	-15.9	13.55
2304	4353105113	34.026	0.77
2305	4353105114	34.026	0.77
2306	4353105410	13.558	4.341
2307	4353105669	35.299	-23.716
2308	4353105670	35.299	-23.716
2309	4353105868	13.558	4.341
2310	4353106325	-4.472	11.233
2311	4353106422	-7.81	10.83
2312	4353106431	14.188	10.211
2313	4353106466	13.844	4.777
2314	4353106535	-8.33	11.47
2315	4353106618	21.017	4.283
2316	4353106643	-15.9	13.55
2317	4353106644	-15.9	13.55
2318	4353106649	-4.472	11.233
2319	4353106650	-4.472	11.233
2320	4353106681	-4.472	11.233
2321	4353106768	-9.53	8.48
2322	4353107032	-14.917	13.567
2323	4353107073	13.844	4.777
2324	4353107074	13.844	4.777
2325	4353107125	13.558	4.341
2326	4353107162	18.583	4.367
2327	4353107246	-10.03	9.28
2328	4353107304	-7.81	10.83
2329	4353107317	-8.45	11.88
2330	4353107318	-8.45	11.88
2331	4353107639	-15.582	11.890999999999998
2332	4353107735	-10.03	9.28
2333	4353107796	21.017	4.283
2334	4353107797	21.017	4.283
2335	4353107819	10.056	2.855
2336	4353108532	14.442	5.747000000000001
2337	4353108533	14.442	5.747000000000001
2338	4353108787	-4.235	11.15
2339	4353108915	13.558	4.341
2340	4353108943	-15.582	11.890999999999998
2341	4353109013	-10.03	9.28
2342	4353109022	29.701	-0.7509999999999999
2343	4353109069	11.505999999999998	3.88
2344	4353109223	-5.9	13.21
2345	4353109224	-5.9	13.21
2346	4353109441	-16.033	13.417
2347	4353109919	29.701	-0.7509999999999999
2348	4353110162	38.948	-4.94
2349	4353110199	29.701	-0.7509999999999999
2350	4353110200	29.701	-0.7509999999999999
2351	4353110342	9.455	0.384
2352	4353110356	-15.9	13.55
2353	4353110430	21.017	4.283
2354	4353110765	-7.81	10.83
2355	4353110977	-4.823	5.898
2356	4353111188	39.909	-3.511
2357	4353111424	-9.53	8.48
2358	4353111631	-4.823	5.898
2359	4353111765	-8.15	12.89
2360	4353112052	-8.33	11.47
2361	4353112238	-4.235	11.15
2362	4353112294	34.026	0.77
2363	4353112295	34.026	0.77
2364	4353112296	34.026	0.77
2365	4353112394	-4.472	11.233
2366	4353112584	13.302	-8.884
2367	4353112585	13.302	-8.884
2368	4353112618	13.844	4.777
2369	4353112656	-14.222	12.272
2370	4353112661	-8.15	12.89
2371	4353113022	-10.03	9.28
2372	4353113157	-14.917	13.567
2373	4353113158	-14.917	13.567
2374	4353113311	21.017	4.283
2375	4353113774	-4.535	11.235
2376	4353113775	-4.535	11.235
2377	4353113799	-4.235	11.15
2378	4353113958	-9.53	8.48
2379	4353114042	-9.53	8.48
2380	4353114142	-4.823	5.898
2381	4353114234	-14.917	13.567
2382	4353114448	-14.917	13.567
2383	4353114515	-4.535	11.235
2384	4353114516	-4.535	11.235
2385	4353114517	-4.535	11.235
2386	4353114887	14.442	5.747000000000001
2387	4353114939	18.583	4.367
2388	4353115196	13.844	4.777
2389	4353115223	-8.45	11.88
2390	4353115261	-10.03	9.28
2391	4353115266	-5.9	13.21
