	vector	angle	mag
0	0.2885346008668024	0.20911143602363388	0.926137335305997
1	0.226542610357728	0.09820294665568535	0.923268608936861
2	0.2735090708554608	0.20022720412222067	0.9207549537082471
3	0.25122930942768107	0.1367071509878431	0.9207955332671637
4	0.31160479016926734	0.19979449351948586	0.9306271736461439
5	0.38176575327736706	0.13029061175341375	0.928437947850298
6	0.28440906644573194	0.13920320793835553	0.9204713108729615
7	0.24406055061165996	0.12631940502085087	0.9196079600531509
8	0.2906885655406914	0.17921278968318544	0.9260928220143279
9	0.30204038590761223	0.16285198108992557	0.9246305086233634
10	0.1906971784435942	0.14851787301827862	0.9111202070054397
11	0.2654682465186297	0.18982310210852213	0.9219158189472586
12	0.23004614601538786	0.16899854203441894	0.9230396242829737
13	0.2840122273855312	0.19575268663595047	0.9268240822290932
14	0.278666104555625	0.20609095038569214	0.9238412776101455
15	0.261597102186793	0.09497977026172574	0.9262708751810035
16	0.2608207503586911	0.16715983253064484	0.9242570110504764
17	0.28925434376971265	0.1419926385367508	0.9240920013134527
18	0.20850813336845686	0.21865280833321946	0.9108845971174436
19	0.23542792267254406	0.0929447881974767	0.9303155806044615
20	0.3165080792358972	0.25753216654679134	0.9273671443874537
21	0.3186816797042968	0.1445688194122672	0.9279068939287598
22	0.25238369827546914	0.2181437004996669	0.9211286583196998
23	0.27566676986104677	0.13495125691042972	0.9260861967802192
24	0.3126624060020207	0.14325702305871324	0.9246603221768532
25	0.2670017072532116	0.2065493337705988	0.9201998833130642
26	0.3071307424220957	0.15273069375724893	0.9245690181692906
27	0.3539383317836666	0.15704082262219313	0.9295687924972537
28	0.32885691151746665	0.15695490161734388	0.9264563817360514
29	0.2879632774319694	0.15247831374541462	0.9283768714733568
30	0.32720520012091364	0.14078022069482973	0.9265420957023348
31	0.29456550762606054	0.17931051188629113	0.9259145618090864
32	0.2734437438061022	0.17969829512022525	0.9189439873723039
33	0.27812956292213925	0.18336743258513735	0.9213102311419958
34	0.3494470922453427	0.21389754655158635	0.9272495464820215
35	0.3077711055159041	0.22767078714820524	0.9277338096876657
36	0.29342686304673543	0.22177619213841443	0.9268872289916932
37	0.2620081530744911	0.19332184683369713	0.9251754341288169
38	0.26352305142070553	0.11720805181264336	0.9218665437685739
39	0.3085097259546445	0.1695621010108037	0.9289805959315265
40	0.29365617842222985	0.14200257638791408	0.9231938680145707
41	0.22505166940934435	0.22564905555217393	0.9163056949270167
42	0.26368107524880063	0.15782694805692238	0.9242826838326483
43	0.23597632530744375	0.2194648135886864	0.9232713004382178
44	0.33563771933179243	0.18051506226270794	0.9289774903530381
45	0.3059779799325516	0.05787369736510299	0.9236766819502537
46	0.28236228204625974	0.06383557990881193	0.9250158073945065
47	0.24463427647022537	0.17727304535925126	0.915805489751798
48	0.20934533643766373	0.10918613553821123	0.9174870569840526
49	0.3292386548081451	0.24758520568660408	0.9263507920674415
50	0.28745594723998047	0.1294092485783697	0.918975250195755
51	0.2821064829570952	0.11337266237931205	0.926440646805043
52	0.257477075693166	0.11031698018516703	0.9201549559442637
53	0.25127810853692467	0.13518376121993747	0.9230145726164996
54	0.29204494837172645	0.16601076848988972	0.9225655059670586
55	0.31006224738677923	0.17093787228122134	0.9299926004416547
56	0.2939736639321602	0.08693011081946278	0.9231692304252282
57	0.23379376059335422	0.13519908207381423	0.9201011259171291
58	0.21412728360877037	0.12899724183222505	0.9208615785696864
59	0.30945493252948997	0.1780471625571582	0.9260025531995947
60	0.2811387121943915	0.11693041309576901	0.9290023349809463
61	0.30075255608029106	0.14829509952136824	0.9237495595254511
62	0.29938272210958056	0.18939287596857818	0.9224723386124027
63	0.32279387644183977	0.12594445817800265	0.925424087446465
64	0.27129185739077805	0.1143420169448644	0.9208075415039862
65	0.3505059117813523	0.23319291977793874	0.9288892919239637
66	0.27158613349441163	0.1908446303926818	0.9247095973555378
67	0.29346055028974366	0.21953210112260454	0.929903366819751
68	0.2655633650063246	0.1424365292220443	0.9246588729068919
69	0.30257755148188903	0.2491193614599366	0.9210158223012834
70	0.31671292842786053	0.12949434142895533	0.9256008983817452
71	0.29232934126466675	0.2632708615164581	0.9249284371196961
72	0.33902194509247296	0.15802073615460646	0.9297422908154794
73	0.2596757239852164	0.24334795439685733	0.9214862139230123
74	0.29048874065810676	0.1728095009169738	0.9266222196273389
75	0.24223973647005842	0.1625993940395253	0.9219296905311741
76	0.31420854876911	0.16428696539019108	0.925481023052088
77	0.24753588585723785	0.18464444645961983	0.9219905598695493
78	0.2756316963259804	0.11170475969240697	0.9249619773673722
79	0.301236818157568	0.12363887670811995	0.9265936483052445
80	0.2634895604218566	0.03995430244773415	0.9283315300274243
81	0.27899614415230134	0.12464860379402314	0.9252536947067279
82	0.2531460277701016	0.22181035350178818	0.9239251282293358
83	0.34487180977864845	0.13686346510509897	0.9338019030156823
84	0.21919187668240547	0.05263541460922092	0.9176903688557683
85	0.24833430279111512	0.16456067037431332	0.9223590885168544
86	0.31322817840263456	0.13584876909361415	0.9270282222550724
87	0.2761170409665345	0.24232704722839546	0.9262615584455379
88	0.3280049236525959	0.17901030596573347	0.9281921930725724
89	0.2947271198851095	0.19461749417911073	0.925563217362751
90	0.2213098219072071	0.18293451494383664	0.9205456377181204
91	0.3248056480889753	0.235368688067001	0.9271143502984875
92	0.3120493415973316	0.13050696705478118	0.9282702466119174
93	0.3002867562602118	0.08377836273073931	0.9229582581265743
94	0.2524300334893697	0.13259329468337386	0.9236870338785487
95	0.2739705145870395	0.18651628213393823	0.9243715033774201
96	0.26340346737806947	0.11148840439103955	0.9184456455441781
97	0.2566229214364324	0.15671245945667284	0.9242824767940824
98	0.21121951103481376	0.1550979727197704	0.9128359356010681
99	0.288772410355573	0.15923294695796167	0.9262770863379806
100	0.3168572928024838	0.2067458133696396	0.9265425097794667
101	0.2240461833820129	0.1180297878807077	0.9139845855646915
102	0.30717550941330185	0.23971918945229606	0.9238292693733232
103	0.25609690869772683	0.10046277260250376	0.9256638381057793
104	0.3103287206766179	0.2266664430650155	0.9244930350156045
105	0.24649974389722626	0.16786873258029264	0.9187911929106682
106	0.2789396333503427	0.11522006750285403	0.9248166362941092
107	0.3875837579069107	0.18609640792228932	0.9321542901082357
108	0.2541081982615577	0.14546715974971522	0.9161003126696422
109	0.3607631017643032	0.12460139900099751	0.9309056405172818
110	0.26837000686420415	0.24614111168943886	0.9224686119182164
111	0.19561751387719953	0.11351427675838888	0.9155119090653493
112	0.26671655387917736	0.13958208851395587	0.9225655059670586
113	0.24442980716129484	0.15059923172128967	0.917450411157888
114	0.24578661855951067	0.13642930523240288	0.9230561873682459
115	0.19649991199751732	0.1618706182875509	0.9204980188479628
116	0.3137267460084376	0.17648816215591745	0.9218479102976428
117	0.2792667733110948	0.1302970299489567	0.921602776635615
118	0.28936330109645303	0.16499752174836615	0.9285903282348017
119	0.3333685398081205	0.1791593737331828	0.9287652758229887
120	0.272984559685845	0.15997186759966525	0.9236986280382392
121	0.2552462818245173	0.16758281232078226	0.9215793812776681
122	0.19401475906119314	0.13387217190494943	0.9143220584271115
123	0.29815426450213034	0.09295058527732195	0.9279145543556983
124	0.22912927546378126	0.16003335805373808	0.9245042150981633
125	0.27635979119146986	0.13203594686396616	0.9258503798536568
126	0.3718196196855956	0.21615240357282312	0.93559092326364
127	0.26005463181184685	0.16003604955509482	0.9229433513498293
128	0.30219535376441503	0.18519206346643013	0.9271863997194215
129	0.2836617992953697	0.1400522730971189	0.922971508594792
130	0.2880267831473143	0.13293325200858463	0.9263025520815865
131	0.31521865835342483	0.11574615249881055	0.9238350664531685
132	0.29676066316441674	0.07418005481553071	0.9273021342777604
133	0.23829441790127617	0.17803039243332014	0.9198083733849439
134	0.3206332391932842	0.1284941381170836	0.9268315356174656
135	0.25889057471351024	0.09849880476635905	0.9265367126996215
136	0.26758141878044395	0.22927347268685128	0.9198332180128521
137	0.25349699895685757	0.09777603313279579	0.9234905542795078
138	0.30223069809351955	0.13221482818490532	0.9306211695277327
139	0.2975053970512001	0.10915363048336467	0.9272095880388025
140	0.2941981513990657	0.20981308972347518	0.9257770882013276
141	0.27266761281939167	0.12090783098530897	0.9238317538361142
142	0.24527701079477277	0.14769199617889622	0.9236580484793223
143	0.2867497943093184	0.20480917462419393	0.9214690297220425
144	0.3326519197789938	0.14061852357486038	0.927718281795223
145	0.33610889114897446	0.134524757464672	0.9344286087546673
146	0.24218570293992897	0.20044024680653366	0.9215926317458858
147	0.3075568476655499	0.10491720734788153	0.9273371237953979
148	0.26047039947385137	0.22153064439925482	0.9206862169043677
149	0.29703640903558526	0.22616126896421507	0.9240679848398081
150	0.2798978793451648	0.214216800020207	0.9278652791770133
151	0.22545265626803215	0.1752337154851183	0.9248669466656231
152	0.22534341828385937	0.11337411164927336	0.9221905591242103
153	0.2997388588515405	0.14159905822297142	0.9315052242041335
154	0.27824878951095483	0.15989464221458388	0.9213301068443224
155	0.3180230345788524	0.11063851107801255	0.924867360742755
156	0.3245117751948027	0.18414465536153282	0.9286497483032154
157	0.24562857213659517	0.13901231838059402	0.9213824876014955
158	0.26979304186885333	0.15519114007442625	0.9162127346109269
159	0.29106217601089085	0.10425861766974781	0.924466948156301
160	0.2631641848336668	0.10209609984890326	0.9209932550976001
161	0.2922791542504846	0.08284523991421977	0.9191530963238647
162	0.2662979861648117	0.14059305783125448	0.9229077407164942
163	0.32481932280285125	0.14169181150049545	0.9264615577001991
164	0.25736531262716494	0.1310442321332964	0.91909119179266
165	0.2340689790623523	0.13362144820164232	0.92427502340571
166	0.2894843408521026	0.19551997528787676	0.9229723367490557
167	0.27651916166323787	0.1180653985140428	0.9215657167323187
168	0.24029470696887922	0.12875894044287206	0.9168860240272397
169	0.2157871329114068	0.10227477413127653	0.9198475036738994
170	0.3066382644037984	0.06888566460828924	0.9307979804630129
171	0.3110714106340201	0.20529447302266782	0.9228317575628083
172	0.22750740504568745	0.16136233860826193	0.9230160218864609
173	0.3046645105900743	0.16777328780141193	0.9227903498496278
174	0.21581473399806095	0.1390079705707101	0.912564093964039
175	0.29455700519697325	0.19835640364073182	0.9234572210703976
176	0.34441212895736145	0.23545315980188894	0.9329644320166094
177	0.28751797795267914	0.1035304630334711	0.9306660968965335
178	0.27263164842989235	0.15019053759219947	0.9270199407124363
179	0.29852175461988384	0.18162727343873253	0.9258810215614104
180	0.31014066543273794	0.18602642888701454	0.9252698437148681
181	0.30392996655291277	0.1836771622797265	0.9205100270847854
182	0.25852054988649953	0.16461905524989762	0.9218800012753575
183	0.317517576784089	0.2206188465550232	0.923188692050423
184	0.3279689935282348	0.25002971003420693	0.9271023420616652
185	0.3920804355222165	0.20434250969665121	0.930873549539567
186	0.22564103999165427	0.22298736774894007	0.9199688282735178
187	0.28524250496911246	0.1101554901037636	0.9216758612493784
188	0.3065708560677696	0.20541869616220895	0.9250431364852058
189	0.29580934331849806	0.24104589258259496	0.9247170507439103
190	0.380239919458663	0.23917716248676507	0.929178110723397
191	0.23141336379117128	0.12199768199621616	0.9222197515620024
192	0.2877554057613538	0.15046362146062395	0.9246671544495279
193	0.20998099802228903	0.1548946608480548	0.913850631612553
194	0.25617504240519756	0.15466960992691953	0.9200201738378615
195	0.2829649525653926	0.08503218828584078	0.9250992439365651
196	0.2802588306645808	0.19516614637875054	0.9194787679880282
197	0.26613576270022105	0.17336643465924972	0.9259110421534662
198	0.30132623897727817	0.10196297405102837	0.9212340409497438
199	0.2616303927221925	0.17109501455274082	0.9208261749749174
200	0.2789628032593839	0.1422092008766841	0.9245178796435128
201	0.2804624272192952	0.1362744403851083	0.9257133203230299
202	0.37865022387772274	0.1794127889378466	0.9320803773402087
203	0.26359072297909436	0.22202339618610117	0.9240626018370945
204	0.2965676110186362	0.23178961237825618	0.9247528684158113
205	0.31310255130512066	0.1603739364946466	0.9248319571479858
206	0.24469681701887552	0.14586384564198313	0.9158129431401705
207	0.25954936179503774	0.17775668744919793	0.9217050536871705
208	0.2398987673969029	0.11090227821097147	0.9238895175960008
209	0.29969216198166804	0.24063367879788441	0.9259793648802137
210	0.2798291511470942	0.1761078323103558	0.9263367134449603
211	0.3055933320929044	0.15301785624815478	0.9295398070980274
212	0.3731675053782486	0.16644948321103567	0.927699441285726
213	0.3081424083504179	0.18599868571918368	0.9249959316921801
214	0.2668090617601009	0.14971434889062527	0.9244280249059115
215	0.2865537231943759	0.13645290762891568	0.9275654873335876
216	0.33333689962237006	0.12059209717230868	0.926033401945914
217	0.2764270171311842	0.11136231790440533	0.9232737849010088
218	0.31660049687041947	0.20519095373971694	0.9306093683294763
219	0.29464673368055516	0.11206086602575809	0.9209015370129056
220	0.28660733896712925	0.11400495815957623	0.924810425137132
221	0.2993689647986844	0.1442826921141909	0.9254251226392944
222	0.2559321746071998	0.19759884952809703	0.9212209975200921
223	0.27433629912890667	0.13521336773486145	0.9219104359445452
224	0.2685956434620623	0.16717121965176943	0.9236166407661421
225	0.2740054825111438	0.16686935742268458	0.923471299692879
226	0.32445890647456993	0.20125639283331864	0.9259775015331206
227	0.31678770371102033	0.1931518681710917	0.9326292365784145
228	0.23511102767485317	0.13977277103315144	0.9257143555158593
229	0.29265431257195135	0.19634916474431358	0.9219414917294304
230	0.26728480565275164	0.16148966732629152	0.925204833605175
231	0.30983883487202546	0.1421978137555595	0.9274269785329994
232	0.3720444948208255	0.22785070366197394	0.932014539076252
233	0.2442686343610129	0.1678619003076179	0.9219843487125721
234	0.33748077531370385	0.1883173106187182	0.9312366951841587
235	0.3024852653383861	0.1349821056567491	0.919770278288818
236	0.27411228959157335	0.21750581467812335	0.9257640447716758
237	0.2797622156882146	0.1440930447878248	0.9243940705811035
238	0.339669546260163	0.14575018146930305	0.9211913910051682
239	0.301857998699359	0.19097899842195207	0.9270570006157327
240	0.3129872409774972	0.13352621046132748	0.9245369271915758
241	0.3080452289387798	0.18442560669546162	0.9332234372625527
242	0.28501573321781126	0.20415327644741696	0.9259979983511448
243	0.2687988952256867	0.19538664245143603	0.9249996583863663
244	0.3230177433933169	0.14552388831677232	0.9252367175443239
245	0.3444976628182693	0.1473247097629864	0.9317025319574378
246	0.30496718878992496	0.15017149004413646	0.9246450013229764
247	0.28851686343105115	0.12103205412485005	0.923205669212827
248	0.22163004121063645	0.1457601193204663	0.9159529012107201
249	0.2490237045682283	0.16633271345986703	0.9198963647754521
250	0.3418043562122656	0.1957909887706423	0.9262559684042586
251	0.2933178849311421	0.10234703059077627	0.9238187104064624
252	0.22234060369764272	0.1690674858768642	0.9208284523991422
253	0.2785663857395605	0.22179151299229113	0.9216920102575188
254	0.3393902267422674	0.2186637813772123	0.9271209755325964
255	0.361966290341579	0.2015671577207373	0.93169839118612
256	0.2419757625927431	0.1825531499054455	0.9202934647448519
257	0.2631080817446691	0.20296984400472212	0.9204168597301295
258	0.29806239377254135	0.1628229956906993	0.926181020443402
259	0.26151412288683784	0.08693342343651723	0.9202622019214007
260	0.2648518879456533	0.21015967228279483	0.9212628193104042
261	0.2834981966244712	0.16434638545860494	0.9205454306795544
262	0.2903833158705372	0.12797467835523593	0.928176251102998
263	0.2702030218876803	0.2112785086929283	0.9141632598470648
264	0.2545756164136482	0.15772404988966915	0.9278466457060823
265	0.262052911310695	0.1684544446832289	0.9216621967040289
266	0.26236046233578997	0.18143638388097105	0.9245338216130872
267	0.24380417648693845	0.16588261161759646	0.9191280446573906
268	0.3839382906915968	0.20406114428559066	0.9283493353440919
269	0.29452800961167025	0.11322297349616502	0.922342939508714
270	0.2480080425837391	0.1633008407008007	0.9195288713209766
271	0.2865860276476034	0.16211450971818325	0.9236013199122655
272	0.3317263170032951	0.11284119438064208	0.9271249092653486
273	0.30142232277552056	0.16959522718134795	0.9286799759338371
274	0.3039743217097224	0.16761511033706292	0.9246263678520452
275	0.3122036363685627	0.17304925157628812	0.9258681851703244
276	0.3042770340732518	0.205030498851143	0.9245261611861488
277	0.30107414820467976	0.1752293676752343	0.929445811589108
278	0.32205674127128836	0.1655099421989732	0.9276919878973536
279	0.29141432511999416	0.21814535680819408	0.9220033962606351
280	0.33116779829096205	0.1950713227155675	0.9285037861142548
281	0.3508974012884109	0.19068169104131705	0.9277033750184783
282	0.2803509672491177	0.17720037482261972	0.9265590728647388
283	0.23175636150405424	0.09485430489078923	0.9223843472218944
284	0.24681878752009676	0.13651729662291115	0.9214015351495585
285	0.2311377812421264	0.14735555850930576	0.9181802221026921
286	0.2672730116022468	0.1768163182828718	0.9214663382206857
287	0.2639417692911034	0.16779564796652935	0.9185615871410832
288	0.34140660379358545	0.1782455055032921	0.9309503608475166
289	0.32834517296967597	0.17557243057893368	0.9295346311338798
290	0.2528151831450469	0.1775616571201184	0.92016675714252
291	0.2591063424297058	0.1569824377466088	0.9203118911772171
292	0.2869607229334674	0.1479416846893738	0.9298731391891293
293	0.29910843348667804	0.1640697819345601	0.9278263559266239
294	0.3137378583331882	0.17489003146572124	0.9263830900837222
295	0.24682648356711398	0.132633046088027	0.9218062955458967
296	0.2588547063351182	0.23354799091846035	0.9193257664878268
297	0.24714928983839218	0.13927815589921197	0.9254752259722427
298	0.2601326839345035	0.19303033653290733	0.9235356886868745
299	0.2870558750338561	0.1248150628010082	0.9272263581626405
300	0.3193610671840331	0.144900288156276	0.9284994383043709
301	0.26215058579741846	0.1670227730000178	0.9255683933268986
302	0.25483755182004714	0.12408732224186328	0.9226472862005897
303	0.22271205542696515	0.1540772725898744	0.9167222565216113
304	0.28664308673053857	0.08904459569301812	0.9165916151865273
305	0.30200355838079235	0.1691105498985718	0.9217094014970545
306	0.28265311467618837	0.15232841782370168	0.9232915902176764
307	0.2675499445183474	0.10060749256006914	0.9234882768552829
308	0.23825402382712413	0.15735220862530946	0.9201719331066676
309	0.3700378042006012	0.1748165327748261	0.9290557509309488
310	0.29887417395102867	0.128149625943423	0.927374804814392
311	0.24699778238957032	0.1307800509232057	0.9176526878367741
312	0.2505580313906255	0.13841439100226957	0.9206296953758766
313	0.30768886548140095	0.25116821510810106	0.9222520495782831
314	0.20368796303308248	0.1792666197103199	0.9176580708394876
315	0.272372916833511	0.1756767780161482	0.9281224210758635
316	0.33418525139442995	0.1387918223079086	0.9257325749096588
317	0.3374182008004273	0.19777503934767945	0.9268325708102951
318	0.27123356147928557	0.07617942624644464	0.91740382748056
319	0.25907240765950323	0.11294243623936806	0.9289747988516812
320	0.20822015460566165	0.17889250102173532	0.919050819272309
321	0.31978712905031365	0.2278602274360054	0.9251760552445146
322	0.30604838692269154	0.15587353918763863	0.9278719044111222
323	0.3104121942508735	0.24099102736263095	0.9221824846201402
324	0.2536803751964899	0.10542051810158885	0.9238708841250697
325	0.27680986606248364	0.17234097264233797	0.9222226501019252
326	0.3305860216652025	0.16627826231703485	0.9257538998819467
327	0.2212946979363758	0.11044969190591009	0.9177889192131374
328	0.2977687484350917	0.13434773949082593	0.9246110469981687
329	0.28926598791832636	0.14614086324315975	0.921598842902863
330	0.29155712055608873	0.24061773682831	0.9245859953316944
331	0.3401056928582738	0.2496738107394217	0.9289476767995483
332	0.24458646526221325	0.09972509419219557	0.9251394094183502
333	0.33423975038338993	0.18721731471808178	0.9302952908250033
334	0.30376499294933057	0.17104429010409486	0.9242679840944693
335	0.30182679028487286	0.2050294636583135	0.9242013176762488
336	0.2256054908773347	0.15086424108564397	0.9196512311134244
337	0.23774581719522697	0.12244488529856411	0.914483341469949
338	0.2917644791657502	0.18109849694141927	0.9190044426335471
339	0.258192339255494	0.18220967292461437	0.9210346628107804
340	0.31152016281523004	0.24989554904350253	0.9239692274438729
341	0.3340121140953854	0.19657380158831708	0.927404411329316
342	0.3062038065611144	0.19395227926686817	0.922889521322695
343	0.24857186432410547	0.1220239758940857	0.9232874494463582
344	0.31179965111541863	0.1425818702953074	0.9246975891187156
345	0.3140612925122189	0.24086328456746953	0.9241766800869066
346	0.30095181110581215	0.2047681809881454	0.9224477010230604
347	0.21422542607160966	0.10411493290501195	0.9159408929738979
348	0.2875266882512945	0.15839589003602056	0.9236495598981206
349	0.3045690257809199	0.1780140363866139	0.924867567781321
350	0.23571819760458915	0.1078298258929884	0.9241054588202362
351	0.3172397826025588	0.20005805361387885	0.9230023573411114
352	0.2864345494063589	0.18389703723671422	0.9227632277974949
353	0.25732508198210063	0.10861139647926779	0.9211545381404376
354	0.20441838353731112	0.18006930823032127	0.9200808361376707
355	0.25161098700640555	0.14047753031148125	0.9194406728919022
356	0.35291750991328463	0.13946676803274854	0.923241486884728
357	0.1944501394963588	0.11617596456162275	0.9165334373495088
358	0.24670069961856927	0.23049272280144711	0.9242081499489236
359	0.25467142794130465	0.03338973063868499	0.9187793917124119
360	0.2985327741641441	0.19124690632622898	0.9240127055427123
361	0.34014543052104546	0.17973846060201018	0.9282044083479606
362	0.3442004236850764	0.17273393184041963	0.9286110320913918
363	0.2572859711188713	0.13433117640555378	0.9238064951310742
364	0.3174168714462305	0.19924273574135748	0.9329743698677728
365	0.2536404515452551	0.1431143734868069	0.924129475293881
366	0.2943207186171882	0.12782975135910468	0.9201926369632578
367	0.25389269601592407	0.13359536134233868	0.9257654940416371
368	0.294021419886215	0.1516054391515725	0.9264992387191932
369	0.3071405581879125	0.1540091569016927	0.926463835124424
370	0.272471481903182	0.17326643503191913	0.918072562048423
371	0.24059167025732647	0.1538170251125358	0.9178013415270917
372	0.32260450588940537	0.26761680805330335	0.9272516168676804
373	0.27172783229415276	0.1771080356222275	0.9206800057473906
374	0.29533764530457945	0.13594628425815392	0.9217212026953109
375	0.2401482032400921	0.1911088116027725	0.9241394131450442
376	0.31813056276509555	0.23769476635490802	0.9267835026701765
377	0.2985010046823302	0.19587566754409608	0.9190485418480842
378	0.27129365952879536	0.22682896833924845	0.9178493744743809
379	0.22593910862988797	0.14298994330869988	0.9138678158135229
380	0.33691544885969227	0.10428739603040818	0.9314354522074246
381	0.2509541482204805	0.22892792532036113	0.916701759703587
382	0.2549162306351697	0.06979725541395498	0.9223845542604604
383	0.33314944814620245	0.2075101997549492	0.927733395610534
384	0.31583366475145663	0.13503324418252685	0.9251528669251337
385	0.27906065292878857	0.2010050480143138	0.9219454254621825
386	0.35963962389258025	0.18388916977120998	0.9363443366049568
387	0.3058873090851422	0.19351108008293139	0.9267988235240532
388	0.3024681637980074	0.13020738224992123	0.9268986161128179
389	0.29680458825446265	0.1880355311305258	0.919873797571769
390	0.29165150192054595	0.16714182017541138	0.923985790529145
391	0.32020814193174973	0.2588646667569355	0.928954302033657
392	0.34030622178559966	0.16366522857678792	0.9296718977030728
393	0.3270627620817468	0.21174972846892082	0.9218156122813621
394	0.27768523640727105	0.1135825994851365	0.9240106351570533
395	0.24905084456811902	0.11996621958758746	0.9215135430137114
396	0.34065185314894947	0.21385696699266957	0.9303801766370229
397	0.2874377305315216	0.15565801204053484	0.9231489406457699
398	0.2667502165711162	0.2247043385759639	0.9218677859999693
399	0.2783925332018942	0.1889090268400656	0.9221404557912621
400	0.3030993724865835	0.1929688460788345	0.916450828961714
401	0.3137076957611692	0.1819076036569636	0.9285514049844121
402	0.2560821960672168	0.16996354879008732	0.920162616371202
403	0.24798707954608495	0.07685747754977311	0.9253824726947187
404	0.22206643536394072	0.12954547995473312	0.9217154056154656
405	0.32260050966560877	0.18950571198699467	0.9253006924611876
406	0.3108396164718113	0.13746946698749363	0.9303383548467107
407	0.29777145697207197	0.15354145678132047	0.921849773644736
408	0.3609539633133443	0.1459404499113668	0.9313619535165295
409	0.3423616421752311	0.07087551226517168	0.9264793630168667
410	0.26607633324261304	0.12762519725599367	0.9260514143011476
411	0.29233676078101845	0.0874750363249164	0.9225532906916704
412	0.26848357671290035	0.1072538446026495	0.9301580242558102
413	0.29043893130717213	0.11132794950246562	0.9234035980818291
414	0.27125158717110365	0.16624844876354497	0.9274205603374565
415	0.2873849714532154	0.04614040775831477	0.9268230470362636
416	0.282640204838578	0.15361350620225434	0.920499882195056
417	0.27448776965889965	0.12493328182213814	0.9257746037385369
418	0.23995011743726757	0.12868337136631788	0.9251884775584688
419	0.2983504740219658	0.12598607292974892	0.9200624097053055
420	0.2606835270278389	0.17111116356088113	0.9186243198265515
421	0.34133047204600553	0.20646341276574953	0.9270731496238731
422	0.29331390764680315	0.22828237907187926	0.9287079261402339
423	0.27661790130605196	0.16687991638954555	0.9131197854749196
424	0.2711661700407863	0.14533175652761543	0.9235031836320279
425	0.3740908938968796	0.188796397860215	0.9344383395672646
426	0.2884849812242134	0.164856528484987	0.9235953157938542
427	0.29069267239685825	0.09599280996468336	0.9269625910296815
428	0.24567020752195962	0.1977942939343083	0.9191104463792888
429	0.3095107499348854	0.21309092429883283	0.9226760645612501
430	0.283248237663854	0.16868549972277536	0.9229332064601001
431	0.27510460390810776	0.23671899359381274	0.927307517280474
432	0.31320292777198955	0.14451291899947372	0.9243539050993186
433	0.2630355817112678	0.1178724385706223	0.9231642614996465
434	0.2492074342113588	0.21469029722042443	0.9181301187697438
435	0.3329018046194779	0.1454659175183198	0.9267073124779246
436	0.2223689371210726	0.14213466699295946	0.9164924437134602
437	0.24894971173327787	0.14076552095665068	0.9218526721846586
438	0.29523602730901827	0.08768621566213626	0.928618899556896
439	0.3093636776409152	0.2052994419482495	0.9253944809315411
440	0.2893123085611096	0.1367957634940491	0.9205766935030057
441	0.3573287034745564	0.1641302371958034	0.9266015157707487
442	0.3156960149266148	0.06757221194620806	0.9306364903816093
443	0.3419013670693032	0.13012021901367654	0.9273153847459782
444	0.2756031838108209	0.15420501538503584	0.9268892993773522
445	0.2596500738658112	0.17035940652809162	0.9262518276329406
446	0.1866325542843643	0.17038259484747262	0.9134821029652477
447	0.3128275486546825	0.25948122760619113	0.9285224195851859
448	0.2880477508967737	0.10932940622581531	0.9314834851547137
449	0.2820037233535015	0.18977237765987623	0.9218661296914421
450	0.2677889238796013	0.1859593483916623	0.922745629519393
451	0.22971362480606464	0.17905192071747975	0.9147290962476745
452	0.31097512158376456	0.13185044030891813	0.9274280137258288
453	0.2550454028050812	0.15909526631163695	0.927269422184348
454	0.2298121158628024	0.09402635766574782	0.9189270102099
455	0.24313881766961334	0.10209133796188752	0.9211963599307497
456	0.2810463121106351	0.21818717859850623	0.9219963569493944
457	0.2478472828969307	0.12417800513372829	0.9218655085757445
458	0.2708506498530715	0.19230259597376242	0.923378753453921
459	0.2780089735338958	0.18437840190243598	0.9241414835307032
460	0.25207949919502487	0.17945502480529057	0.9191344628529335
461	0.2479846135210442	0.17232378844136814	0.9193793894763953
462	0.27362936747158023	0.11334740367427203	0.9155073542168995
463	0.30802140450688775	0.13937670625658122	0.927303376509156
464	0.3093413780416615	0.15606732728532274	0.9253416860972361
465	0.290739825335513	0.1573445481983711	0.9259543132137397
466	0.30042253888227094	0.17689851259353484	0.9247267815565077
467	0.20893487735557364	0.22058116553602908	0.9139713350964738
468	0.29401779330290206	0.15039343538678324	0.9265137314188064
469	0.27161921519353455	0.13120986298601786	0.9276044105839771
470	0.26271949919403664	0.20563919223489435	0.925561146977092
471	0.27400271966166256	0.1770324665456733	0.9226547395889622
472	0.2754035074717176	0.1779355687701371	0.9223889020703443
473	0.3148735901244949	0.10938675590857011	0.9236928309583939
474	0.30016688090096943	0.19144442111809937	0.9266592795306353
475	0.29313257390879655	0.22400765380170426	0.926931949321928
476	0.25910563273900267	0.18567756890346993	0.921265717850327
477	0.2031011401074507	0.14324563593758863	0.9187375699220995
478	0.2598905059611214	0.16727784451320887	0.9229704734019626
479	0.26629917192945246	0.17108466262444572	0.9172717368755148
480	0.22943641123957442	0.1731832055284266	0.9234257512083807
481	0.3435908652395695	0.12628648588887245	0.9316878322192588
482	0.3034701785124787	0.14286427089919748	0.9281367067369107
483	0.2657986657845173	0.1660233978424097	0.9193152075209657
484	0.24088867973214434	0.11006811982895302	0.9281992323838131
485	0.30545080248225054	0.20280504130626428	0.9246787486092185
486	0.24044102986672394	0.1629364528248135	0.9251334052999388
487	0.20735020229780063	0.17017804074436163	0.9166781573070742
488	0.3559245419560731	0.1375336489429232	0.924818913718334
489	0.32809005435918026	0.20608391107445148	0.9289884633970309
490	0.3457265262079725	0.15769982637745866	0.9245946909514623
491	0.2527574143967197	0.18451318400883807	0.9216717204780603
492	0.3145135085903457	0.16219587587458267	0.9262673555253833
493	0.24147015311331962	0.11361862419560341	0.9183201801732417
494	0.2697892818983748	0.13001628565359383	0.92124232249238
495	0.2998035322558469	0.15487582033855773	0.9269917834674737
496	0.3467917054866761	0.2268917010247167	0.9285872226563131
497	0.2874068888639248	0.11744407577777143	0.9301853533465093
498	0.36583616311354356	0.16409152098397978	0.9269928186603033
499	0.27660108477764517	0.19689264097980588	0.9254934453660422
500	0.2418392839700287	0.15545842686300548	0.9228779271630043
501	0.24435108388782698	0.12383846188564929	0.9200945006830202
502	0.2009210359772624	0.13248087274208917	0.9190706949746357
503	0.27772165738269494	0.15068204714765038	0.9208058851954589
504	0.28156769824965017	0.18795789166831262	0.9239408631603444
505	0.22702232681848628	0.20560254640872974	0.9160620105349504
506	0.309595351222926	0.20068041154297978	0.9222321738759567
507	0.2502994823361154	0.18395873472935298	0.9177702857422063
508	0.36481109192812394	0.08133178799747745	0.9342205349959358
509	0.28507588161939973	0.13541026141103407	0.9248352697650403
510	0.29096640955023845	0.2268709971681265	0.9274926097583902
511	0.30128924863699585	0.19013800776725884	0.9242888949896253
512	0.24056215702355585	0.10480499244516273	0.9258555558178045
513	0.28333526838507017	0.17722501241196206	0.9276598969196388
514	0.2601450433612698	0.15919568001609932	0.922931550151573
515	0.33617487935617063	0.22842109491103346	0.9233462483990743
516	0.2667845294445324	0.16517847345496436	0.9218982206691569
517	0.30259937606221715	0.12143784971401764	0.9253137358908394
518	0.2917996124930102	0.17288299960786896	0.9272259440855086
519	0.2653338213552924	0.1481418909826009	0.920110028575463
520	0.30970260072785877	0.15602509141787876	0.9260605239980473
521	0.3385410138526223	0.2285943861906933	0.9253478972542131
522	0.2608580924603217	0.12084737572406562	0.9212605418861792
523	0.3775121809111984	0.17668981771910583	0.9319648498204355
524	0.25623016762874595	0.2507369537753275	0.9207443947413859
525	0.309796853377187	0.20622780287775327	0.9285627921055367
526	0.30006328276341215	0.20526321019921664	0.9237814434646
527	0.26282681619663956	0.1328622377804803	0.9199499877640208
528	0.2464351074728551	0.17287471806523289	0.917286229575128
529	0.32429070114587305	0.10880829015544043	0.9244112547820734
530	0.26467638909681235	0.1816450787554001	0.9210029859101974
531	0.23885338735846673	0.18210698179592708	0.9169868518088339
532	0.34651759226578055	0.25008105559855054	0.92820999838924
533	0.30574831742976727	0.1366106710161329	0.9266681821889692
534	0.3023045811801189	0.1853566591263221	0.9300387700418508
535	0.2690542788846207	0.20456031426797996	0.9234557718004365
536	0.23179778274400317	0.16620993959028724	0.9208706882665862
537	0.25197515593974795	0.22996932930684733	0.9199239009047172
538	0.2947707256985485	0.1244860785197902	0.9262427179360408
539	0.253861633071448	0.1918924525747109	0.9266050354263691
540	0.32928300836493	0.25948350503041606	0.9257841275125682
541	0.28578025565571363	0.1461880680361854	0.9257727403914437
542	0.2885700028399472	0.12884838110334165	0.9229959391455684
543	0.30992036364155345	0.20027668633947118	0.9172562089830721
544	0.27474589253380605	0.14509552552392144	0.9241636366572548
545	0.27058732202201635	0.16758260528221633	0.9261567969311916
546	0.3016749030016073	0.18408171563749867	0.9304354559341187
547	0.23798810293424813	0.16266730268914115	0.9183624160406856
548	0.276849288258155	0.1837015928305029	0.9233133292670959
549	0.288173991551304	0.26431226550294434	0.9259971701968812
550	0.3249807818772514	0.2102166078884178	0.9305184783990454
551	0.32402591854669777	0.16959191456429354	0.9256242937396921
552	0.2846089784791745	0.21348698907540306	0.9240565977186834
553	0.2796392936004058	0.16809481869425744	0.9244168448233527
554	0.2624680371527486	0.11495464406136789	0.9255961364947294
555	0.2806533040667107	0.16844409275493386	0.9237000773082006
556	0.2353236514706478	0.1409829114508476	0.9177779461691447
557	0.2949658231742968	0.16907845892085704	0.9244657059249055
558	0.33029919284197806	0.2279817590741898	0.9253466550228178
559	0.3654267828974597	0.19387981576880253	0.9278694199483315
560	0.2495012470975426	0.1807434258008976	0.9195328050537286
561	0.322736569171108	0.23286414253528662	0.9242427253894293
562	0.2583849393356771	0.21752506926475224	0.9133419378561323
563	0.2922372671231733	0.2140602788643852	0.9211414947107858
564	0.35622444227192673	0.13189640287054832	0.931698184147554
565	0.28144900426301533	0.12071487104188845	0.9205677908446719
566	0.2574167014197615	0.16582443378057804	0.9230665392965408
567	0.18340000159218806	0.15221806626807602	0.9110570602428397
568	0.24245391381422318	0.16391056927738157	0.922726996048462
569	0.3947333146237535	0.19474585808996986	0.9312867985171069
570	0.24806941655522474	0.18568212375191975	0.9173094178945089
571	0.2846543892761605	0.14595742707377074	0.9257079373203164
572	0.3682774563961311	0.17151509580295562	0.9266685962661009
573	0.31258150617534325	0.1421737972819149	0.9243942776196694
574	0.2668647551008862	0.12463970113568934	0.9163143905467848
575	0.3660546894782469	0.13409142574623947	0.9337754020792468
576	0.24685844924148295	0.09863545021985425	0.9191994729626267
577	0.2945300884362429	0.21364371726979073	0.92293776130855
578	0.2419492247831598	0.18609143899670766	0.9196321835653614
579	0.2708558300456456	0.14794727473065317	0.9254213959451083
580	0.2901023547624633	0.14981931744353746	0.9284938482630914
581	0.3568776236860244	0.22758238168056516	0.9358428891983426
582	0.25428801606544854	0.14824789472834263	0.9222561903496012
583	0.31905344922998663	0.14404066403065166	0.928705855754575
584	0.29914940775608206	0.16178800989975606	0.9266298800542773
585	0.258129934362108	0.1820933172505775	0.9182798076528909
586	0.32120448652367994	0.14081583132816483	0.9261124906780885
587	0.26805266795778654	0.1309328453848412	0.9234984217450121
588	0.2616166092508817	0.1254862818316619	0.9196129289787326
589	0.34473001954751703	0.22586789531633217	0.9281781144500911
590	0.31683449599267094	0.1775051355916272	0.9297180673032689
591	0.33231927755487123	0.18967424137963876	0.9305919770899403
592	0.26639027748036587	0.15602219287795616	0.9226296879224881
593	0.2625897174352198	0.22010187125596634	0.9210096111443064
594	0.23243438295341107	0.15217790078629106	0.9189810472756003
595	0.3352866495109775	0.19578105091947895	0.9253855782732073
596	0.3262614571985811	0.15273214302721028	0.9239901383390289
597	0.27057685388346964	0.1005362712933989	0.921708573342791
598	0.3077797346161564	0.15504911161821758	0.925255351015255
599	0.26116578985326544	0.11940597322825712	0.9242193300314824
600	0.2725896266612786	0.2376384518649827	0.9240518358316678
601	0.27602845245763785	0.1354121247581272	0.923380616801014
602	0.24158200184256248	0.13646843552135832	0.9203920151022211
603	0.3129775341320137	0.2314451002045955	0.9218429413720611
604	0.29107318465043663	0.208659884911402	0.923629270118662
605	0.2556321772870406	0.11460847557918004	0.9253009473930001
606	0.24133788222242147	0.150716622588156	0.9219485310406712
607	0.2963602082431222	0.14368559289013003	0.9245255400704512
608	0.2592926855379471	0.19191853943401455	0.923566123356062
609	0.35424589976869464	0.15759237336175558	0.9279493368347695
610	0.28031030650640654	0.10269340611153004	0.9244541117652149
611	0.2717744285320093	0.12037470667811176	0.9221067085050202
612	0.3129751112464411	0.13310364474832184	0.9266416812525335
613	0.2815595357745841	0.20036384957571585	0.92286198519343
614	0.25399896940595607	0.10338429380594441	0.9220044314534647
615	0.24618042260564338	0.19958269306656828	0.9173769124669928
616	0.25029051790320217	0.19446428564034338	0.9186032018928295
617	0.3240766696208433	0.15821038348097255	0.9264551395046561
618	0.33347662775375536	0.13415581474023494	0.9277739751694507
619	0.18065419930879412	0.1517855627039071	0.9157228813640033
620	0.2744495262490924	0.11628797242577564	0.9221009114251748
621	0.2997676012518368	0.20247522887078268	0.9274079309849362
622	0.229050247331636	0.15684558525454773	0.9259532780209101
623	0.24431185326476368	0.11957595189086252	0.9211259668183431
624	0.22181070903738578	0.18276847001398336	0.917621425013323
625	0.3598983198362084	0.20363133222277846	0.9312663016990826
626	0.23670029577461912	0.13469245870305246	0.9191816676459591
627	0.31425980822119753	0.18391132289776146	0.9271356752707753
628	0.2582114821031514	0.14936238332859214	0.9212624052332724
629	0.2648265596047655	0.14664210361120808	0.9206011240537821
630	0.28512572623123644	0.22427431947458581	0.9200189316064662
631	0.26739502923512304	0.11179420035287653	0.9229410739256043
632	0.3087830707294909	0.14136034275648662	0.92783463746926
633	0.2430901284573123	0.17427926769631086	0.9190212127573851
634	0.3346392942033043	0.15283069338457952	0.9277240788750684
635	0.25460865784048575	0.20825595266932753	0.9212541236906363
636	0.30741563466874144	0.2122221904763088	0.9271352611936436
637	0.3740215568091777	0.25172142215619076	0.9207193430749119
638	0.30962990153398395	0.13476802777960661	0.9261634221653003
639	0.3143004317150465	0.10627848591868602	0.9307079186868455
640	0.26116837016910316	0.18276784889828568	0.920481041685559
641	0.28022758616279464	0.13365001952373676	0.9239770949093772
642	0.22793131037048403	0.16988611636644002	0.9199226586733218
643	0.2939926381019849	0.16458033903807398	0.9257580406532646
644	0.3066717338439702	0.11876208328830244	0.9213021566379257
645	0.2923980609391727	0.14100361530743777	0.9250779189642772
646	0.2656530829478164	0.1695747303633237	0.9226232697269452
647	0.3437396505932827	0.19076429942911183	0.925820566300167
648	0.30598235188602313	0.22004431453464565	0.9227207848914849
649	0.21085326702949583	0.1341732059797707	0.9200174823365047
650	0.26783679105197905	0.11161863164899177	0.9207197571520438
651	0.2639129611131616	0.17822562980096557	0.9229232686089368
652	0.2571887189369076	0.09988430684937405	0.9223609518639475
653	0.28594752603942897	0.13749182715261105	0.9240615666442652
654	0.32525204160048293	0.1597830484275628	0.9316178531839839
655	0.33692148416348994	0.11996062954630811	0.9308901126248391
656	0.39844755295357964	0.17105816168801025	0.9252719141005271
657	0.24136397614069632	0.20298164520297854	0.9178719416780641
658	0.2658001306506189	0.17031986216200437	0.9241760589712088
659	0.1782278513806081	0.18019083986850568	0.9200118922952254
660	0.26565509306781	0.16345032254538183	0.9239756456394158
661	0.23514271328928524	0.15435553242244646	0.914173404736794
662	0.30289295662710136	0.21570085246059129	0.9263928208963198
663	0.23642211568944704	0.14693361391199783	0.9162897529574424
664	0.28354063438604027	0.14686135745249812	0.9248938616791905
665	0.3226956073466096	0.14481395307429495	0.9265118680717133
666	0.26123290030478247	0.16469234690222684	0.9204282468512539
667	0.26310363527774033	0.08305786852140096	0.9204669630630776
668	0.2848907137640431	0.13874585974627837	0.9243878594241265
669	0.25064435297346616	0.17515110709732346	0.924032374206473
670	0.324968041842236	0.14166531056406	0.9232855860992651
671	0.22292355293365737	0.14285764566508863	0.9175547585951025
672	0.29061437571095294	0.15924371296338855	0.9226133318757819
673	0.23180641477544206	0.1540985975621623	0.9204800064927295
674	0.3066272892349951	0.2090660945777014	0.9247153944353832
675	0.258200353644127	0.07907838024620198	0.9211903558123387
676	0.31534990553449227	0.1868757010843438	0.933304803418952
677	0.2903101748112012	0.16520290400574075	0.9216839357534485
678	0.2837928383254069	0.12596557611172465	0.9230071192281271
679	0.2872050199869224	0.17452605766686582	0.923211880369804
680	0.2599203029783793	0.11445443888614908	0.9254530728456912
681	0.3160341129849514	0.17254883936250343	0.9228305153314128
682	0.32559812085269196	0.1252227217372689	0.9253828867718505
683	0.2219899731379005	0.1384504157127365	0.9220543277478469
684	0.25908724943925304	0.2079797632224145	0.9208079555811179
685	0.2558379368829686	0.10702320364023489	0.9189056852376121
686	0.3037527514026122	0.2213933778300619	0.9272162132729113
687	0.3172729877951497	0.19739885027343582	0.9263816408137611
688	0.2191288602204215	0.10128036789925006	0.917286229575128
689	0.311818397543567	0.09110069569098915	0.9199729690448358
690	0.26822663621168413	0.18683098075410898	0.9250814386198976
691	0.2821435671520185	0.15725034565088578	0.929736493735634
692	0.32853088069380193	0.17690720821330275	0.9303331788825633
693	0.25986617369215625	0.24781315514766197	0.9219359016881511
694	0.313195725428293	0.19215891120902656	0.9290075109450938
695	0.27266457500583086	0.18818729039933182	0.9207423243557271
696	0.24036871160851364	0.1334614073902002	0.9184967840699558
697	0.3179351404522138	0.1459739901590429	0.9256176685055832
698	0.23020097572420048	0.1682563087756609	0.9170058993568968
699	0.31530240486066013	0.16853995161094637	0.9244549399194787
700	0.2996267508836159	0.17174822122816108	0.9259079365749775
701	0.33293382023476453	0.1232163109951143	0.9276346382145988
702	0.3086608827038852	0.06755854740085855	0.9284180721479713
703	0.2768913276256821	0.18916886024027238	0.9234319623653577
704	0.2839662981965727	0.2065182779857135	0.9216783457121692
705	0.2529279920439984	0.20004335387569985	0.921834659829425
706	0.3814254611532052	0.16846852330571027	0.9365323276227957
707	0.3337791734820913	0.1553950730618395	0.9298766588447497
708	0.3117729544587624	0.21963748375264858	0.9245735730177403
709	0.28573323082859503	0.15483586189533868	0.9229209911847119
710	0.26453427486154496	0.16305736334730017	0.9266425094067973
711	0.2881522490813559	0.16536874189702813	0.9230040136496387
712	0.24947541499652492	0.21004849257290553	0.9186131397439927
713	0.2896107481460192	0.1933429647674191	0.9228191282102882
714	0.301392639494831	0.15887911804883545	0.9328629831193175
715	0.3152127986278556	0.1274707464858309	0.9286234544053459
716	0.31352896706612887	0.17782252571315468	0.9290369104214519
717	0.25257845680286617	0.15790748605905816	0.9221263771687807
718	0.31153527714535784	0.13060468925788685	0.9272578280246575
719	0.19990906629276917	0.13040013515477583	0.9195617904529548
720	0.2181527087825791	0.17538112694404034	0.9169936840815087
721	0.273573853435223	0.2040545190514818	0.9273551361506314
722	0.3162694115804558	0.23109934579953945	0.9275545142895949
723	0.28601987167040227	0.20266715362137366	0.9285756284966227
724	0.24327782854173524	0.13782205366522443	0.9195096167343476
725	0.2860832477603352	0.211530060550499	0.9237951080099495
726	0.3808786426297529	0.21846875104813274	0.9333101864216655
727	0.24322414141113888	0.1770929218069167	0.9172075549200853
728	0.303342788988123	0.25544521780250096	0.9287000586747296
729	0.2812849135246852	0.15659279116558159	0.9263191151668586
730	0.2410125396321359	0.14756653080795973	0.9172148012698917
731	0.3092207276464157	0.17776103525908185	0.9282739733061037
732	0.28705147482895815	0.13094423250596582	0.9226882798366383
733	0.29486218186963664	0.12857674650487846	0.9187499922360538
734	0.2653708358822398	0.17218548667934572	0.9229590862808379
735	0.2743396197836238	0.13612972042754293	0.922509605554265
736	0.2308891127018493	0.24329474548542054	0.9180640734672211
737	0.32851425613914953	0.22332401245709643	0.9293727269753447
738	0.301693178033207	0.14276551350326233	0.9247497628373229
739	0.27632144470745124	0.15931928203994272	0.9276555491097549
740	0.2544719535047706	0.2162492976216652	0.9221075366592837
741	0.24566091656902547	0.13104112655480787	0.9164622160828386
742	0.3055547483881108	0.1823630885019476	0.9247392038704617
743	0.2779078822929228	0.1894765195492025	0.9233735774897733
744	0.3199353035250642	0.22628424987236073	0.9234042191975268
745	0.249959774330816	0.13403138456212793	0.9198123071176961
746	0.28322115196430464	0.07475065310315614	0.9259590751007553
747	0.2514912564092601	0.20777044723228774	0.9202292827894224
748	0.2925017529935174	0.1630188541740424	0.9245977965299509
749	0.3563038367164151	0.1455994573933265	0.9307493264000258
750	0.30080680338602456	0.2041783281138911	0.9285532683315052
751	0.386768878964201	0.15347230590030927	0.9357669060446566
752	0.2696748922227739	0.17923825542679134	0.9185704897994169
753	0.2990121548176005	0.12993595469002392	0.9242056654861328
754	0.24374507698214823	0.11971549588428035	0.922825960482963
755	0.28527428912276376	0.16420477107952808	0.9269186988537103
756	0.3075980170349871	0.1963056866454742	0.9318886596281836
757	0.3007029796002716	0.1046671047602721	0.9249568014032246
758	0.2409211717344903	0.19442908908414008	0.9226522551261714
759	0.2794594168109904	0.12597861954137646	0.9317915585407758
760	0.2053833311757249	0.1716962545481197	0.9149036297587297
761	0.2628794273478403	0.1309988906873639	0.92039864033633
762	0.2679416997317104	0.1177473872768176	0.9204063007632683
763	0.3396924951199494	0.15628057700820164	0.9352685642165309
764	0.325412465868687	0.14599013916718323	0.9324462144861573
765	0.2696737698122246	0.11095403785244692	0.9196464692264088
766	0.30892461618995337	0.1372046646617052	0.9268480987027377
767	0.21779912353864883	0.15393876378928611	0.9224783427308139
768	0.2807950559807786	0.08552825268974153	0.9261381634602605
769	0.28755150503509136	0.17039605235425623	0.9250702585373388
770	0.27454701115691243	0.11789873246849185	0.9198305265114954
771	0.2089022859954864	0.17492564209905637	0.9188377765879963
772	0.3424376544557911	0.19825909551475793	0.923623473038817
773	0.2737605394371175	0.1375183280890465	0.9215516381098372
774	0.34607139909896195	0.05977389732294994	0.9252367175443239
775	0.2968673477472479	0.1334475358062848	0.9261209792592906
776	0.2984385982604454	0.12271341431853879	0.929407716492982
777	0.2621988119772335	0.11170765823232959	0.9206400473041716
778	0.3137799327116578	0.14484542293631206	0.9276756318506474
779	0.28182952073094736	0.13674814462389168	0.9215903543216609
780	0.3406241037946436	0.07900550267100455	0.9258116636418333
781	0.28870002664885924	0.09600709562573058	0.9271296711523642
782	0.3346441805326362	0.18340821918262004	0.9264835037881847
783	0.2510048404927856	0.10348387935614319	0.9256085588086835
784	0.23206898425201888	0.15420108165228372	0.9208251397820879
785	0.22368732902215963	0.11752647712700036	0.9168119042206467
786	0.3856330434347443	0.24224050510784848	0.9287126880272496
787	0.21223049209623757	0.1342202037342304	0.9165767084097823
788	0.31384985153101413	0.18306557035605253	0.9306211695277327
789	0.26915668686942223	0.1479967569479037	0.9294549212860077
790	0.19668215046003013	0.09144624305747928	0.9167576601163805
791	0.31025817796178046	0.16007517984405029	0.9217468754774826
792	0.3002412281363246	0.21164703734023352	0.9223891091089103
793	0.17183826851465991	0.1792869094897783	0.9111425671705571
794	0.32897766481894997	0.23552624441565229	0.9290586494708716
795	0.248759679858446	0.14409759963627466	0.920755367785379
796	0.3360290805036172	0.1926400688361824	0.9253965513172001
797	0.26558675585080366	0.16988508117361056	0.923604218452188
798	0.30411903823821546	0.18972682917537784	0.9254990354073215
799	0.2647231900971634	0.2200412089561571	0.9234358960981098
800	0.2962061106835898	0.1454323772706437	0.9202483303374853
801	0.3227659191474683	0.16735858955391059	0.9235646740861008
802	0.24497085014780767	0.20120069945909105	0.9215007066226254
803	0.274684160415215	0.11141262827591947	0.921813748934269
804	0.2647132257060786	0.1279249890994195	0.9223510140127843
805	0.28020538297643544	0.10614598123650885	0.92537129261216
806	0.26296761943796537	0.12737571578408197	0.9232965591432578
807	0.31059246321790285	0.16237806981257627	0.9254468616887143
808	0.29404536260160735	0.20989569811126998	0.9277905382547229
809	0.28297445829357565	0.19135622268902516	0.9231913835517798
810	0.22911714488065954	0.11928941051565439	0.9210141659927561
811	0.3156384144355946	0.09532386835825458	0.9274586554335823
812	0.29662390470179045	0.16163418024529103	0.9296060594391161
813	0.2984196908484444	0.23796184610492138	0.9217615752156618
814	0.272350564932084	0.2058822555112631	0.9208046429640635
815	0.2843709294042823	0.2993135843386091	0.9241454172634552
816	0.275976532030266	0.1125159367936103	0.9235106370204004
817	0.3039880279721535	0.16529317282047395	0.9288990227365613
818	0.30854636436991056	0.13647692410256027	0.9241441750320599
819	0.3183973931743036	0.17618567881113487	0.9265913708810195
820	0.26749104024392273	0.19516614637875054	0.9184023744839046
821	0.3102698178935009	0.2128803660773107	0.9240172603911622
822	0.24482184615054042	0.16399069320238557	0.9233967658091543
823	0.2854296632502589	0.09760212073743824	0.9263644566127911
824	0.2673008851653435	0.12372438363583738	0.9200901528731363
825	0.36121809245220016	0.24876656774363987	0.9272841219225271
826	0.28964435719793186	0.16085260965901163	0.9261646643966959
827	0.23750306042987118	0.18053121127084826	0.9213195478774613
828	0.29498081784739205	0.159257584547304	0.9170324002933323
829	0.2802298313677479	0.17302544214120943	0.9246493491328603
830	0.31916476604536514	0.12097014959364541	0.9291362889330848
831	0.306433753971439	0.18930736904086073	0.9282184869704421
832	0.23959411312146228	0.08068437840190243	0.9222626085451442
833	0.20398709984804794	0.13524980652246016	0.9207487425512701
834	0.2784168271303812	0.15359611496271858	0.923583514595598
835	0.2878827230864533	0.20386487172511572	0.9200145837965822
836	0.2916007904211426	0.104097955742608	0.9285650695297617
837	0.3071973203714589	0.0798297232018597	0.9253992428185568
838	0.29153833214655345	0.2107163989865048	0.9247182929753056
839	0.273834262624637	0.1792548185120635	0.9254251226392944
840	0.2715150790112854	0.17166457764753673	0.9224040158856551
841	0.3251950975165092	0.09464105516791034	0.9256648732986087
842	0.33619700208724923	0.21293605945153826	0.9288787329571029
843	0.29049414730242895	0.16492774975165725	0.9209775201665915
844	0.30117911041667517	0.1553126717126106	0.9232292716093399
845	0.29706593092112565	0.1920491807690986	0.9253982076257273
846	0.28028496364220934	0.14560670374313306	0.9283745940491319
847	0.24233152395621438	0.1504598947664377	0.9228443869153283
848	0.2742403379139534	0.2112313038999027	0.9292205536294068
849	0.22080842466340916	0.1665244311718921	0.9181945077637392
850	0.3584525985804573	0.18842165805593272	0.9273605191533448
851	0.3240770004338738	0.17096892806610658	0.9253625969923923
852	0.2763982530531909	0.19396366638799276	0.9245907572187101
853	0.33321428993843644	0.1462485232974287	0.9255549358201149
854	0.3253336433953544	0.1603165868118918	0.9305344203686197
855	0.3258400764002114	0.15904971782713853	0.9294381511621695
856	0.2508391968296794	0.08891933736064751	0.9192903628930575
857	0.3388710382461676	0.09020815243338637	0.9303723091715187
858	0.271575788107588	0.15418534672127515	0.9256023476517066
859	0.2957069245641606	0.07623304923501321	0.9224882805819771
860	0.24857634874097506	0.15386816363831354	0.9193562011570143
861	0.32777320969530876	0.16485507921502573	0.9261681840523162
862	0.2881782706136659	0.1861725981145412	0.9240804071537622
863	0.38815110790266616	0.2510487538555757	0.9267147658662971
864	0.26362057473688777	0.19417608795660804	0.9231628122296853
865	0.2754906744370728	0.17115733316107726	0.9213176845303682
866	0.2867911495074031	0.12390181568681524	0.9190255605672691
867	0.2757005296555473	0.2071743832010564	0.9239541136285621
868	0.2592370870744226	0.19333799584183747	0.9223288608862328
869	0.30853490826957397	0.1480948932281412	0.9220739964116077
870	0.26139272803815233	0.13517465152303781	0.919601541857608
871	0.3357194810864813	0.18060139734468897	0.93319528001759
872	0.2355125650727275	0.16100022815649961	0.9201058878041449
873	0.2567379083358733	0.1775593796958935	0.9243806130743197
874	0.28534926363907803	0.17231592097586387	0.9211706871485779
875	0.29099206939641437	0.2022613580322061	0.9236499739752523
876	0.347169941105317	0.24137259943958803	0.9299675487751806
877	0.25061395781095114	0.18949763748292447	0.9194102382227146
878	0.24746669563670648	0.14755742111106004	0.9162657364837977
879	0.27804482542340725	0.15356485213926738	0.9271151784527512
880	0.2544063693708967	0.1507410531389324	0.9257897175538476
881	0.2741153439809154	0.12270885947008894	0.9259141477319547
882	0.26369016688069574	0.15681370131539882	0.9191874647258044
883	0.27555007172395635	0.2032056609312843	0.9201928440018236
884	0.2481923511487793	0.10573728710741864	0.925084544198386
885	0.36476231386542046	0.1728906600348073	0.9331681579654568
886	0.2661077384878892	0.14409594332774744	0.9222653000465009
887	0.2869153566202562	0.21813003595431735	0.925310423273785
888	0.31795843028255805	0.24610839959602637	0.9255882690292251
889	0.3373810522153254	0.17036375433797557	0.9318739598900045
890	0.27764999360329834	0.16812401113204958	0.9238497661913475
891	0.21161747311262027	0.14949778655069196	0.9220528784778858
892	0.2552919318958384	0.1732270977043978	0.9211493621762901
893	0.2853770219559649	0.1858396801005711	0.9212309353712553
894	0.3207151246638508	0.19871851409249408	0.9229534962395586
895	0.2739267629122858	0.20341249245862028	0.9197634460161431
896	0.23570658554870486	0.13519908207381423	0.9165094208758643
897	0.30007861229605587	0.1935353035951419	0.9291147569222309
898	0.2670608018496607	0.13365208990939578	0.9193889132504269
899	0.29561696878472343	0.13651874589287244	0.9238584618111154
900	0.2963057184795886	0.17347223136642556	0.9228476995323828
901	0.23574835961086535	0.07833117806186231	0.9229448006197907
902	0.25412436531614263	0.142217896496452	0.9240329953221706
903	0.27789754564028074	0.14728682170542634	0.924515188142156
904	0.3415131215473662	0.1310552051772892	0.9208771064621292
905	0.2964425061585463	0.13127777163563367	0.9255733622524803
906	0.2609428636146212	0.19042599841242827	0.9229580510880083
907	0.36562094934357076	0.12933719915743586	0.9258526572778818
908	0.30781378233764195	0.20154914536550383	0.9265806048755926
909	0.2901083253203341	0.17803556839746768	0.9205955340125028
910	0.3181687260637729	0.11644511469729513	0.9259216011203271
911	0.26739092869486386	0.1511522317308134	0.9271832941409328
912	0.2894775720142644	0.176484849538863	0.9221684059976589
913	0.2944078799267705	0.17204925530298232	0.9225483217660887
914	0.29892448274906236	0.20345410721036652	0.9210955321491556
915	0.2551407259032149	0.21087809610647415	0.9213058833321119
916	0.33286155989175414	0.19233634326000443	0.9246253326592158
917	0.2739947004028366	0.12957529350822294	0.9235574277362942
918	0.29033857768243054	0.16196109414085	0.918720178682564
919	0.24164090213153766	0.20147067774902702	0.9211568155646626
920	0.3056219598429226	0.20781475348539075	0.9277164184481301
921	0.31901320100389874	0.12711070641972763	0.9236185041132352
922	0.2001520479234513	0.08484274799804059	0.9170895429375211
923	0.2891917998334301	0.1482458243426836	0.9246013161855712
924	0.310852181871618	0.15058515309880835	0.9328161924034238
925	0.2651815025058386	0.18279497095041886	0.9251286434129232
926	0.3587037039535578	0.16525466364721625	0.9308518104901472
927	0.29821108036231825	0.21350562254633423	0.9228864157442064
928	0.32381306474555044	0.15745262232977186	0.92691517919809
929	0.25181942233884097	0.15740479642104854	0.9234348609052803
930	0.3455814836102377	0.11015859568225211	0.9324414525991415
931	0.2819305600780159	0.16364597399015904	0.9239102214525908
932	0.1908923269363361	0.16813208563611978	0.9199259712903762
933	0.2365081600672818	0.15559258785370986	0.9223808275662742
934	0.26163215585301736	0.19480362184985647	0.9224822764635661
935	0.2894172114061005	0.16357868645624096	0.9240503865617065
936	0.22701950388746273	0.19348851287924806	0.9133775484894674
937	0.2787196596682071	0.16445383847430797	0.9202963632847745
938	0.24689766875031607	0.1594176253587461	0.9225485288046545
939	0.3001032003765843	0.15579010264558021	0.926223256310846
940	0.27040674091675976	0.18047137712530267	0.9133322070435349
941	0.2783154775208179	0.21320168993159033	0.9220530855164515
942	0.2403250111800498	0.1766090726784041	0.919666759005867
943	0.31582740147743243	0.1564375122411552	0.930304193483337
944	0.31730558864617475	0.20954352551067099	0.9262044158013489
945	0.2510229572069611	0.20634705709171272	0.9222779293990209
946	0.27209773823793626	0.20551248463256244	0.9256534861774843
947	0.27106890157321845	0.12741463903447153	0.9216568137013154
948	0.2684566067171468	0.21117126271579112	0.920407128917532
949	0.2433731966967033	0.15116092735058131	0.9210640622871384
950	0.22874613848466332	0.12658068769101893	0.9211955317764862
951	0.273784442630039	0.1895440141216865	0.9153423444798756
952	0.29549435932370455	0.179447778455484	0.9288685880673737
953	0.24724525245468795	0.17972790163514918	0.9217783453394999
954	0.2639641198813133	0.16726728554634787	0.922111056314904
955	0.24650410465630024	0.18902869513115686	0.9183069297050238
956	0.23392868479986187	0.154312261362173	0.9201201734651921
957	0.38687375454858763	0.21718386970814602	0.9235056680948187
958	0.29132660522774356	0.18754919753922245	0.9220392139325361
959	0.31013145603174075	0.2196486638352073	0.9263122828941838
960	0.2931089357802091	0.18354445055898344	0.922766954491681
961	0.320899350505994	0.19807855788529155	0.9239748174851523
962	0.24769667117574226	0.14408041543530478	0.9204646856388526
963	0.32035018242890406	0.1983143748118537	0.9281342222741199
964	0.3325998873519215	0.13148398204727188	0.9299901159788639
965	0.2763976865344178	0.12279333120497687	0.9267787407831607
966	0.2076987927079468	0.07199786833092547	0.9175398518183576
967	0.2849150484977872	0.18940115751121425	0.9221220293588968
968	0.28428216434605824	0.12210741243614415	0.930586387048661
969	0.21877248812511776	0.14112121321287002	0.9173466848363713
970	0.2538656761127497	0.21110086960338453	0.9202270053651975
971	0.20500204170655986	0.07484941049909132	0.9179013411544223
972	0.3395771022722118	0.21893375966714823	0.9316942504148017
973	0.3272448171646006	0.2068545086167381	0.9287650687844228
974	0.27658887828325585	0.20931868162810158	0.922007744070519
975	0.25406947449045303	0.2194260973768628	0.9183495796495997
976	0.28277977388210535	0.21627621263523242	0.9233423146663222
977	0.3358353809386521	0.17342544065053173	0.9316925941062746
978	0.26057159341697156	0.1614524003844292	0.9263046224672455
979	0.27759685094407915	0.09097916405280478	0.9264153881000029
980	0.3007399601010961	0.13748085410861824	0.9210152011855856
981	0.25695802232584414	0.29337985903986274	0.9250476913336554
982	0.29298028158225037	0.20345390017180057	0.9295607179931835
983	0.30782454855634667	0.19841271813065708	0.9276737685035543
984	0.2825884212015317	0.13705663208708538	0.9219607463160594
985	0.2907609823973149	0.17089729272230456	0.9242895161053231
986	0.282334423618723	0.21224185914006946	0.9275085517279645
987	0.33507689590273226	0.20270276425470876	0.9216996706844571
988	0.2598369539561783	0.16701345626455222	0.9139108798352304
989	0.26478273178510453	0.06732066008863737	0.9227067062690036
990	0.1868338764046998	0.19975577730766225	0.9192141727008057
991	0.28199334110107116	0.22762275420091604	0.9238044247454151
992	0.25554472483923346	0.21405303251457863	0.9165123194157868
993	0.25102279189838084	0.11230351522499503	0.9204448099365261
994	0.3380286030351914	0.19127568468688938	0.9287644476687251
995	0.24627087692055505	0.10145138175468499	0.9223659207895293
996	0.2162418071957531	0.18128276126507192	0.9186315661763579
997	0.27243898143893036	0.19017341136202806	0.9221402487526963
998	0.2898527674277996	0.149185572393312	0.9263688044226751
999	0.30843846050197116	0.10150044989480371	0.9270042057814277
