	vector	angle	mag
0	0.11885308474597195	0.07339496457363098	0.9190969888725053
1	0.044462174500642236	0.03975409615450709	0.9009817354717933
2	0.06872092541735021	0.08720588618924402	0.9065719837897085
3	0.11362797751517216	0.06518029539434429	0.9125282762921381
4	0.09765871088172158	0.13572785857112749	0.9103179325625702
5	0.10531298579371853	0.08167257347695185	0.9140197821208947
6	0.10175741760010704	0.10076235740736371	0.9116854222903517
7	0.07316499460895501	0.07583760557414072	0.9060690871131329
8	0.03097276715583945	0.10788883188427041	0.9003258372950163
9	0.08306385078653912	0.16130457484837532	0.9071189796808211
10	0.0576882498345598	0.08592328227348221	0.9026450833102485
11	0.07332910132839983	0.1723991504793564	0.9140464900958962
12	0.10855525545299721	0.09051291320239387	0.9137628472606106
13	0.084444327392544	0.11271635012540325	0.9069914439242256
14	0.08108999557723744	0.08330072475920379	0.9075721871015802
15	0.053670254205304774	0.035038792816093026	0.9094939190702809
16	0.08834000273098425	0.07028006934963804	0.9102405001389229
17	0.12924617154931742	0.024034485999845135	0.9188609649073772
18	0.07076817399106546	0.2017023539042712	0.9108146180821688
19	0.11971536449074646	0.11315009592096757	0.9221603314935887
20	0.11505500390136145	0.15215616173687138	0.9199841491273946
21	0.06912963775943405	0.1507068917755586	0.909959962882126
22	0.10356873758174094	-0.03488372093023256	0.9086160755508572
23	0.08268347004378089	0.19895453805762214	0.9076541743736773
24	0.0699082324359791	0.15448783006605774	0.9138220602904585
25	0.032699136093945515	0.03637874641460964	0.9044897969324339
26	0.05576467970537426	0.06734343433088655	0.9006753183942585
27	0.06746284869559845	0.09719528995544116	0.9144945215525077
28	0.1861035098146931	0.11720473919558891	0.9154330273717407
29	0.08419990298781034	0.09173174923985791	0.9026310046877671
30	0.1077518256196004	0.09184562045110392	0.9147052868125957
31	0.11373790585151193	0.1653641870485783	0.9181800150641262
32	0.13357649413518313	0.08062102460073649	0.916980226574725
33	0.10439768851261565	0.07095149541885766	0.9123516723954238
34	0.04830796554486801	0.05149649545819498	0.902443841824192
35	0.08409290356950923	0.14694086026180442	0.9179620034542314
36	0.13990400805832995	0.06837510750477535	0.920082492446198
37	0.09418568539602952	0.10050066066006379	0.9114183425403385
38	0.06441063126218767	0.11065776566464142	0.9143479382478491
39	0.12914863819286396	0.0842297068044053	0.9164197731768289
40	0.07495234025951553	0.10130397029576288	0.9094703166737681
41	0.1211927445072855	0.1151016414431582	0.9137825159243714
42	0.09243337721394443	0.10086401334322151	0.9158193613357135
43	0.037621013530282306	0.028839022960162886	0.9073243619381958
44	0.0983024347108193	0.05954656897758974	0.9112286952139722
45	0.07130891926735931	0.09180152123656683	0.9116547805825983
46	0.0645736751299347	0.05290974070904084	0.9063707423036519
47	0.0761450402549307	0.11878320122202445	0.9142676072842794
48	0.07808307845605661	0.13509742613795642	0.9148257832579507
49	0.10573833887075858	0.09596651606681383	0.9128556042648289
50	0.1368486212293715	0.05156191964501995	0.9204499859006737
51	0.03011584444102329	0.07917796579640075	0.9085376079343803
52	0.12940591441998253	0.013559576796608212	0.9202174815911659
53	0.029409100064658168	0.08854791017341963	0.9094837741805518
54	0.12594631751626464	0.08378830058190259	0.9191365332385925
55	0.03465265434619695	0.11334781775140382	0.9090098629032025
56	0.09625910551034521	0.1528083332194621	0.9045347243012344
57	0.05170240486550188	0.003156302937173319	0.9065293338451327
58	0.05712634068954234	0.07534506082586029	0.9109173092108559
59	0.028656271876143502	0.13461192070091663	0.9025268642891185
60	0.11961186381179957	0.071783790453783	0.9144485589908775
61	0.08568065042861919	0.06558402059785284	0.9181135556844716
62	0.07090890813891103	0.019737193525986862	0.9100013705953063
63	0.03472864858804269	0.0519753756611259	0.9011778009937024
64	0.08284909780223156	0.12438504369963012	0.9113982597994459
65	0.06631940607444774	0.19549844327702298	0.90621877599628
66	0.09281935381041759	0.04404807601131094	0.9099899834741816
67	0.10774597609470765	0.06217865026589964	0.9114527109422782
68	0.0739461084643303	0.11731219221129198	0.9060121515075099
69	0.09689605904896158	0.09947685495167927	0.9132005305156212
70	0.11930733192609962	0.11487120751930946	0.9187543400459377
71	0.035537934586380424	0.1107807465727871	0.9008479885582208
72	0.16605738431919115	0.05002051752188087	0.9259153899633501
73	0.15251095082097008	0.06293496214713899	0.9217733764139181
74	0.13747633570290224	0.07852952100799625	0.922676271599816
75	0.08983050990058036	0.09457563098108536	0.9118243451680719
76	0.12503664406237475	0.12440698978761569	0.9075075910690189
77	0.07646400352334445	0.10587558886944107	0.9115299363273595
78	0.035789407771280056	0.09951681339489833	0.8950061883827348
79	0.07976932606100556	0.12805376708741045	0.912795977157849
80	0.1441622567812365	0.053135205707307925	0.9128858318954506
81	0.05584419590448014	0.0022589977925548104	0.9171870581020609
82	0.12470945443398614	0.11430764854292469	0.9092939198156198
83	0.05633045543650599	0.11115238079858088	0.908306552894834
84	0.0819480204994153	0.07196971108596283	0.9071069714439989
85	0.09491246239624311	0.07231939922377102	0.9101071673024822
86	0.13183242218564412	0.05711966290808854	0.9114313859699903
87	0.0773308314896131	0.08687855821655324	0.915436547027361
88	0.05238296718381862	0.07226701846659786	0.9094935049931491
89	0.10249249525239533	0.14251893057127324	0.907313388894203
90	0.0804828745395655	0.10994990080782308	0.9116284866847287
91	0.12354693707065963	0.14520960377373338	0.9129719599388657
92	0.14037390213381665	0.055828363372558865	0.9161969996799183
93	0.05756509245959929	0.05908652928415587	0.9040353472802792
94	0.057183272917817	0.057687569694357246	0.9080353323735026
95	0.14992057174937157	0.1045741444441822	0.9153941041213512
96	0.10488728395529197	0.031421829069788146	0.9185584815625947
97	0.06449540767369677	0.09832116567681529	0.9135943178679665
98	0.11312742518940996	0.1129474051649497	0.9154150150165072
99	0.11164964827729182	0.05167599789483186	0.9121028120392098
100	0.05721477083358102	0.07604112448442221	0.9130425600898382
101	0.0694822450981479	0.08577214412037387	0.9020152719927752
102	0.07998477175790501	0.03985492393610127	0.9044881406239066
103	0.051127172835087165	0.058353198683731615	0.9028119563943654
104	0.06286855443062249	0.15994371035470262	0.9088800497223819
105	0.04157758443469234	0.04448596257819329	0.903700772957782
106	0.0955101006301907	0.1318264238352735	0.9101717633350436
107	0.06811652427190008	0.07974628665980128	0.9093386401458545
108	0.04402947084392008	0.15834868524299497	0.89760617869333
109	0.07924759800267606	0.07273182004704744	0.9126438038119113
110	0.10128009847410593	0.08615640769868767	0.9128102628188964
111	0.10332086191650872	0.0373957198503194	0.9147021812341073
112	0.05978200995603607	0.0315984329665024	0.9063897898517149
113	0.12421217369408843	0.12103226116341596	0.9149433811633828
114	0.044021841537606236	0.1304852280053615	0.905474472351863
115	0.054153061097578274	-0.01008526262220969	0.9031353506343041
116	0.08984975404060538	0.09804394103707276	0.9172721509526466
117	0.09170539994603477	0.13565767249728677	0.9150259895511776
118	0.08039422818119799	0.012849848592696755	0.910934079334694
119	0.03937500782993848	0.09386072681302637	0.9044792379655727
120	0.15709337239602517	0.11240517116085282	0.9124400778630639
121	0.12407498910813458	0.08118810323274159	0.9143193669257548
122	0.10540344164100214	0.13544359462014427	0.9189566167248239
123	0.03772249457517603	0.11202277092963214	0.9060688800745671
124	0.026552519946029113	0.10683707596948915	0.8993533771509754
125	0.028226346392929254	0.018138441720092966	0.9053249905072818
126	0.08514891270226412	0.09427853063901626	0.9068061444077434
127	0.10788542249439466	0.1536201314363632	0.9126313814979572
128	0.04185747248421089	0.07651482872320559	0.9023483970453112
129	0.10862202400248705	0.07422974407134714	0.9083800515857292
130	0.09535594067246447	0.010102860900311345	0.914356633867617
131	0.1802800955031703	0.041387216362340676	0.9238470746899908
132	0.07689846684262355	0.03559282801844631	0.9119055042859054
133	0.12057425637309585	0.1206720140587468	0.9155421366959708
134	0.0851746778563447	0.12845956267657804	0.9112870800895567
135	0.06393682926271178	0.023641733840329374	0.9080024132415242
136	0.06431968841374847	0.11868009601620533	0.9124257922020166
137	0.10281278659050481	0.06110950311158261	0.911969893279901
138	0.07650640092037495	0.10348305120187958	0.9076359549798779
139	0.03101846041687748	0.05129877362775874	0.9001550304781473
140	0.09425120748416982	0.07638480850381923	0.9143216443499798
141	0.12188502787240042	0.11451862084157866	0.9146804421846876
142	0.05761709326825982	0.06948359198661372	0.9054500418010865
143	0.035692423202299046	0.09867996351152317	0.9032869028645443
144	0.05489490253103861	0.09990066289608031	0.9056398961660185
145	0.0977896312526369	0.06094366522029525	0.9115206195918939
146	0.16790737295728536	0.01656929642912304	0.9227998736236595
147	0.0806340666780794	0.05964863899057934	0.9137189550846395
148	0.092520714777226	0.17161136873609997	0.9144754740044446
149	0.1180441255995996	0.07564154005223168	0.9116336626488764
150	0.05081655632465121	0.09101808730319431	0.9041148500895857
151	0.07840980134235093	0.04658906033062403	0.9055129815251207
152	0.03998361312341239	0.1340932890933326	0.8997767710182447
153	0.10956236919135785	0.14820731516942587	0.9249669462929537
154	0.08786647997966612	0.15441433137516258	0.9071032447498125
155	0.1655612035665019	0.08268933987409573	0.9210938758406284
156	0.09616984922887356	0.07716679316723045	0.9081318123452129
157	0.09283875544010353	0.12859682924577093	0.9152286803071955
158	0.06456108399032327	0.10309754539217038	0.9090040658233572
159	0.08041928281056704	0.08706054511598094	0.9212965665966463
160	0.07268304080938877	0.12883968548357377	0.905649626978616
161	0.0726965019059885	0.06762272935628812	0.9107282830001876
162	0.07092045185732986	0.08388519463074465	0.9167276395243248
163	0.0963994114859355	0.11210517227886109	0.907838231658764
164	0.13204937991674767	0.07444009525430341	0.9130518768253038
165	0.05635060770682746	0.09743214207483285	0.9004264580380447
166	0.05255613469772623	0.11022339875337939	0.9041086389326086
167	0.04970755970342888	0.12393266443313462	0.9096885353222287
168	0.07716646319617049	0.10992402098708536	0.9077452713426741
169	0.047382993718233644	0.14444169773280346	0.9155350973847303
170	0.07122455572725164	0.06058010549857164	0.9135446286121501
171	0.09109578556933944	0.11422586830939346	0.9011049234185048
172	0.1051203434115431	0.08769553239760185	0.915010461658735
173	0.1223534643613659	0.02486760918903408	0.9097961953764976
174	0.04143217788427346	0.06900823143930312	0.9095454716731904
175	0.06591640909987502	0.10964845265587	0.9054084270493402
176	0.04297047206502012	0.15207645188899918	0.9104914308807959
177	0.059112495797450884	0.04233690226413236	0.913882515551702
178	0.1017901583172077	0.0914694313768603	0.9178839499148865
179	0.11006542363742931	0.11426934640823284	0.9114003301851049
180	0.0317082531161635	0.07201774403325206	0.905925609386963
181	0.05766789344166715	0.1634263060717372	0.903639696580841
182	0.09083945445977194	0.17476974205893228	0.9065187748782717
183	0.11520723829945974	0.1268767528402586	0.9165903729551319
184	0.13139501989364422	0.09616237455015697	0.9169489637512739
185	0.07112927576749421	0.06649561140351858	0.9092394686727877
186	0.04261233932660351	0.09245597014338248	0.9032047085538812
187	0.028673362579950998	0.04899339919644192	0.9038680601190306
188	0.10357938209188473	0.053168331877852214	0.9123920449157746
189	0.028850374538687724	0.11589459915056216	0.9079268441649699
190	0.10183243010171672	0.046059248640481255	0.9141046679329144
191	0.1079664016958765	0.10826564207421174	0.913723924010221
192	0.0752084612377043	0.055046585747713574	0.9090332582611492
193	0.04883862469286632	0.11580288106586765	0.9052013884834385
194	0.07559573338079492	0.16656314738371575	0.9081550006645939
195	0.09548290003506436	0.12524508190238628	0.9084663866677102
196	0.11256474864864183	0.07050118653802118	0.917895129997445
197	0.07447772699712432	0.18227861676705967	0.9089788071183172
198	0.1459410258976084	0.12112315109384687	0.9220087792633485
199	0.08498181510061113	0.08731396032064477	0.9095696951854009
200	0.13922322843895796	0.08467069894977616	0.9183986477897185
201	0.08404192649138625	0.05877369401107823	0.9046554277851554
202	0.07314298548848477	0.10338015303462637	0.9174847795598277
203	0.08527004219144396	0.04763833178261448	0.9119498105390084
204	0.18257588585954337	0.05527991821148494	0.9204613730217983
205	0.11992821606468394	0.008580920402367031	0.9241253345225628
206	0.04356335677008056	0.010069113614069349	0.9032949773686144
207	0.10762071076919942	0.043562156497139355	0.9160808510444475
208	0.06750186907164132	0.0671786316324287	0.9112727944285094
209	0.10980871581108119	0.051152811438797956	0.9072429957817962
210	0.10664512518626408	0.12528359107564402	0.9150537327190084
211	0.04584149905098536	0.08456987116818199	0.9069239493517416
212	0.05546690713074593	0.043257395728131864	0.9037960106980969
213	0.04288665945945578	0.09158723632085843	0.9022450848009261
214	0.04823796144072907	0.05033314575639263	0.9115620273050742
215	0.10397308185375188	0.04784205773146187	0.9127288966624969
216	0.1325245018046354	0.14598972509005143	0.9139485608542246
217	0.13004306030379342	0.010603066075530153	0.9189980244380042
218	0.06351417828465095	-0.03292037420978555	0.911558300610888
219	0.06685156612685256	0.03746590592416012	0.9028421840249871
220	0.12118834698565478	0.16977286627089172	0.909772178902853
221	0.08591929754602907	0.03278497098768576	0.9120460834721528
222	0.0675504916399863	0.10263750569873654	0.9152640839019648
223	0.10130267665622286	0.09815988263397776	0.9192121023151467
224	0.09279575520556213	0.06159977043563813	0.9051436247235518
225	0.11197451889481586	0.08400175734334739	0.9093434020328703
226	0.10217481787647544	0.06291384421341702	0.9110475364688082
227	0.09736863472197049	0.07937858616675963	0.9181984414964913
228	0.1964117651813094	0.125507192726818	0.9225586736943838
229	0.06214633811474961	0.03187897022329938	0.9118920467791217
230	0.13910129518614928	0.06966640704030504	0.9147243343606587
231	0.0746661746318849	0.11713993612446166	0.9097916405280477
232	0.06556440607329315	0.11314988888240168	0.9098601702933612
233	0.2143223495703899	0.06991733778217804	0.9222222360247933
234	0.113012044857595	0.03926941887173092	0.9210154082241515
235	0.0761695805899578	0.16335881149925321	0.9080015850872606
236	0.0828084901806702	0.08617793970954148	0.9111485712889684
237	0.11657940943783965	0.12954216733767868	0.909285017157286
238	0.045317490201022326	0.09263071069300363	0.9061092525949179
239	0.09759178721671775	0.08065911969686242	0.9055171222964387
240	0.05217756758682213	0.06581176302034485	0.9015798698886837
241	0.14025493109565962	0.16201368193658905	0.9199802153946425
242	0.07978866253027453	0.15896214051376206	0.9080496180345499
243	0.09752452410501908	0.10383605195674218	0.9178197679594569
244	0.10465140095333482	0.009826050337700605	0.9177323976846463
245	0.03938096671562312	0.04449672858362019	0.9024604049094641
246	0.08572348259466972	0.10080604254476898	0.9098473339022753
247	0.10784599091273636	0.10622858962430368	0.9095773556123393
248	0.15436124678609278	0.062120886506013016	0.9182636586447503
249	0.15317729483226364	0.09246487280171628	0.911821860705281
250	0.032861949643507755	0.1229879474569246	0.9046539785151939
251	0.020932382321610665	0.04544310186835743	0.8999260458242598
252	0.08043964821085828	0.06110763976448949	0.9090421609194831
253	0.03318609061551208	0.018799929938149298	0.9067409272594844
254	0.09569575469133483	0.0716260270665658	0.9167206002130841
255	0.08138857764869727	0.07161339771404578	0.9181143838387351
256	0.04377111112846274	0.15877062984030288	0.9033158882637704
257	0.12955861443009767	0.07078793495179522	0.9151916204038991
258	0.06066860427808688	0.056413454359797416	0.9142334459209055
259	0.09844930092108381	0.0607683035549764	0.9172922336935392
260	0.06937861420952553	0.09152698809818102	0.9150375837108682
261	0.09682093602748859	0.02738209257191174	0.9149841677608654
262	0.13253608331592898	0.15664434376849112	0.9189735938872279
263	0.04240979358327734	0.058508891685289784	0.901912580864088
264	0.09384726781518737	0.12369705454513834	0.9094541676656278
265	0.06904887386718986	0.15040689289356685	0.9098827374970445
266	0.09767509417689063	0.05405714844126876	0.918673802043802
267	0.05367304717343047	0.17262316620766216	0.9132413171131039
268	0.08496385212016888	0.09138164702491793	0.9059579074032437
269	0.06548594423466393	0.06440679931213507	0.9017355628902418
270	0.0336978545062659	0.07455313831128581	0.9041595704198204
271	0.03757259313627733	0.03103197545019501	0.9075278808484772
272	0.06943119895525696	0.1217734592293445	0.9078473413556637
273	0.0787252100239353	0.09398122325838125	0.9147400692916673
274	0.10883810894752756	0.0814746446079497	0.9051560470375059
275	0.09705769956364606	0.007524195562004116	0.9239243000750722
276	0.05934598461172435	0.0086910649194268	0.903095806268217
277	0.06781310005075228	0.0810098430275001	0.9008067878836062
278	0.06238398911205829	0.061765608326925486	0.910510478428859
279	0.05046634321298913	0.06701527820393217	0.9075728082172779
280	0.12116392975862694	0.04008038893436836	0.9138657454278639
281	0.19656119470247368	0.11092339614469346	0.9202065085471731
282	0.0751706734550585	0.07279020492263176	0.9091345001198753
283	0.12625460865135824	-0.00808382080563675	0.9075531395535172
284	0.02115989056856481	0.09767002938705405	0.9003448848430793
285	0.11066378163228056	0.10439712647033614	0.9093086195537987
286	0.09109201281482186	0.022551675790856266	0.9057013866200913
287	0.09387181961192734	0.1658424461358115	0.9086417483330289
288	0.11468644130813284	0.028459521268864838	0.9134777551553638
289	0.047594161518902646	0.04636711498797726	0.9096206266726129
290	0.06786751665356273	0.08575558103510174	0.9067516932649113
291	0.07982095332744166	0.1392139739437824	0.9165508285890447
292	0.04344889640042858	0.0714775804148142	0.9067005547391336
293	0.0863951525663579	0.11717865233628531	0.9146187446920487
294	0.1297497070378766	0.17382543915985407	0.9196619971188513
295	0.09541990889719754	0.054504144705050786	0.9019299721036236
296	0.0816502918238626	0.043678926248307985	0.9142533216232321
297	0.0794757782770059	0.08418167385711607	0.9213319701914156
298	0.03416516435660534	0.08549616171202674	0.9062133929935665
299	0.10238774971963095	0.038403376550563584	0.9108657566079463
300	0.026677967859745893	0.04174560011991674	0.9055885506016748
301	0.03242079837269312	0.032702362599890934	0.9052630859760771
302	0.1184938153638418	0.031211063809700092	0.9115160647434442
303	0.08148570717012753	0.13543386380754688	0.9113415312323888
304	0.05599524432713584	0.01121631430773136	0.9031399054827539
305	0.1024135810147334	0.07866658053862326	0.9109158599408946
306	0.050792598718870076	0.09698079800116687	0.9093709381621352
307	0.11445851716414142	0.08974790570138662	0.9175214253859924
308	0.14069661363458424	0.124340944485093	0.9174400592295928
309	0.041627549410497885	0.1442715120316322	0.9047125704293442
310	0.06819715972474516	0.11489460287725638	0.9067504510335158
311	0.04605697498115672	0.10758137961390621	0.9033073996825685
312	0.10757656651038287	0.03580504254849568	0.9157106660886151
313	0.06067555029499762	0.05220767293206775	0.9092854312344177
314	0.0942433320718557	0.08126926235057509	0.9180456470348558
315	0.09259885422858649	0.0828564199967785	0.9168257758045623
316	0.1933457422146795	0.08791085250613974	0.9230435580157258
317	0.07403752491714205	0.10902257507114879	0.9094897782989628
318	0.10778143038566954	0.1101805417702377	0.910303646901523
319	0.026551884262720447	-0.003607647010839297	0.9088624514442804
320	0.022905906464160783	0.08031398640750408	0.9085616244080249
321	0.09800239986992183	0.1583741509866009	0.913538624493739
322	0.11140452689221075	0.11563704317458032	0.9141663654255534
323	0.06345304499005107	0.08324151172935589	0.9041724068109064
324	0.06815122301943698	0.08858455599958427	0.899596854504476
325	0.0514541214873328	0.07743449403294149	0.9042057400200165
326	0.12229597635407334	0.12014634313992206	0.9092210422404222
327	0.10295917643804951	0.08872741261005652	0.9184063082166568
328	0.09110772633494094	0.09843338057953409	0.9127340726266445
329	0.1118870828275763	0.08353654168576599	0.915931990315564
330	0.04074868503667124	0.07991585124527485	0.9087405057289641
331	0.08962279607929768	0.05880330052600218	0.9144228862087057
332	0.0449702513917922	0.12411610060252365	0.9140355170519033
333	0.02693027992150184	0.005750703206489086	0.9122632669277837
334	0.07109006856547088	0.04671680312578545	0.8985291566201202
335	0.08613326979887702	0.11888465011931634	0.9214274149702962
336	0.0557427768039808	0.10656461321676235	0.9058612203929675
337	0.09275997491195094	0.11725256510431226	0.9060367890968523
338	0.06884256967469464	0.056424841480922014	0.9109001250098862
339	0.16351919792665695	0.10699442527957452	0.9161777450932895
340	0.10108297011818113	0.1099981407936782	0.907869908559347
341	0.051295687179999785	0.0795669912617303	0.9069345083186026
342	0.19967210234538973	0.14069574895994177	0.9223439747015435
343	0.08801347866962034	0.055199380209349114	0.9185270117005776
344	0.056029488832023286	0.09884807882703543	0.9096193844412174
345	0.14392186444004076	0.056856516890827324	0.9211137515429549
346	0.04222621838610338	0.10298698679797881	0.9003885699804847
347	0.12385742889011389	0.13793716710786585	0.9121199962401796
348	0.06107153371857733	0.06842189822066916	0.905579647943341
349	0.08329786580300343	0.062219022786250494	0.9099357393699153
350	0.09473336106080835	-0.0157593615593151	0.9137980438168141
351	0.11051293108690521	0.07681958949221308	0.9174588997390899
352	0.06475070413556781	0.01970551662540388	0.9082899898095618
353	0.10138769361864138	0.058015932859877536	0.9143359300110269
354	0.06291413692947714	0.14340381340193764	0.9034492211002112
355	0.07823623194129849	0.08310797185434919	0.9119742410897849
356	0.08473285303067626	0.11434843514040735	0.9053937273111612
357	0.0719556894898047	0.038346647983506475	0.9091817049129011
358	0.12899482048070968	0.15965716897949447	0.9162148049965859
359	0.07178412712227002	0.09626713606450328	0.9121042613091712
360	0.10794336372264732	0.0657152830486346	0.910455199131763
361	0.13082357019890078	0.15470480648312285	0.9157543512260202
362	0.07491486053616309	0.09766733788569731	0.9138117083621634
363	0.12581883949874206	0.14817170453609077	0.9137574642578972
364	0.07212030088595238	0.040541256782065827	0.9114222762730905
365	0.060789913940067115	0.09426942094211656	0.9069626655635653
366	0.09471793879090658	0.1270724042850358	0.9106541631935947
367	0.0738611418106206	0.10639442751559106	0.9109125473238401
368	0.11040020982831897	0.02863322662565647	0.908375910814411
369	0.02587249746753019	0.08195104034808981	0.8998152801915024
370	0.09675629787033081	0.04500894199566129	0.907180263096328
371	0.039694203690383525	0.06496725271003131	0.9051914506322751
372	0.038573007463453164	0.035643552467092256	0.9037891784254221
373	0.027410586962626667	0.05814553900213209	0.903253569655434
374	0.025641453088127333	0.11511013002436014	0.9018589578755194
375	0.0834161656195973	0.0995592563009082	0.9099624473449167
376	0.12954804065926195	0.020282533108572268	0.9201514362886433
377	0.07219705152364077	0.13480550176003483	0.9114197918102996
378	0.05805403515583976	0.07574588748944622	0.9110943271847021
379	0.09028700271529849	0.06224283222132919	0.9121664200923499
380	0.07312371366619272	0.1654567332875364	0.9125272410993086
381	0.15215502955342847	0.07564816528634055	0.9213216182631203
382	0.04542299572975902	0.042626756256394914	0.9074550032732797
383	0.06383337150168146	0.1060157539785566	0.9053001458793736
384	0.056799944793301665	0.12980510631637399	0.906988338345737
385	0.08426811279789438	0.13140944816354722	0.9109709321994246
386	0.056785405028173516	0.0800787905966396	0.9093870871702756
387	0.07320862028900195	0.03838515715676422	0.9042167130640093
388	0.07745137637687234	0.12311713952204734	0.9101798378391136
389	0.03439174557484235	-0.02592309179800158	0.9038428014139908
390	0.06521083206832327	0.041619306594716625	0.9044693001144095
391	0.07722652243903036	0.10129734506165403	0.916284369954729
392	0.11149872981461156	0.06987013298915243	0.9149427600476852
393	0.099536585489544	-0.010336400402648601	0.9105371864038603
394	0.1361075797526936	0.009557107240594135	0.914879820323651
395	0.10282973956413967	0.09074417528050621	0.9184762872519315
396	0.036168408382667834	0.03233942399386503	0.909423940035006
397	0.058993806860913975	0.0748930956364966	0.9083790163928996
398	0.05673803819818636	0.07891316347061234	0.9175009285679682
399	0.02765204263404334	0.09434664632719796	0.896817361757244
400	0.08437973518575739	0.05908508001419456	0.9056251964278395
401	0.05203378673438369	0.060186111107660464	0.9084506517367016
402	0.09487643830540705	0.13218687797850856	0.9162143909194542
403	0.10568961449015919	0.10787599549318451	0.9106075795162668
404	0.10404267620679852	0.08353550649293648	0.9188690394114474
405	0.052341887685993196	0.10734473453308042	0.908074462662458
406	0.032801659981589466	0.07614257338171411	0.9013976759506902
407	0.07593935505216974	0.1458251294301595	0.9156156353868661
408	0.0657257486003286	0.11866477516232858	0.9140682291453158
409	0.14090173070733697	0.055597722410144226	0.9189214201686206
410	0.10745290820846505	0.030245850015465783	0.9040556370597378
411	0.09327686862891979	0.050506644074618356	0.9101781815305865
412	0.10221869703010593	0.04596090532167789	0.9101808730319432
413	0.09993049184170893	0.03871082882092779	0.9119204110626503
414	0.0946412181943604	0.09921847082143379	0.9098771474557652
415	0.15182469802634654	0.12050907470738205	0.9156514530587672
416	0.08770407116524488	0.16953560007436824	0.9131553961082548
417	0.06474653632072404	0.1478704634227036	0.9101206248092658
418	0.06283665359975149	0.07966781904332448	0.9108257981647273
419	0.07814549697549994	0.04857787279467695	0.9139955586086843
420	0.12023846392887662	0.027386026304663875	0.9192371539816208
421	0.1043577429604356	0.017763494877244764	0.9110939131075702
422	0.11528925303453624	0.09783980101109355	0.9130999097725931
423	0.09722765280903538	0.13908291853156657	0.9156255732380294
424	0.05633861014556328	0.01672954427913105	0.9072363705476874
425	0.06061009530667732	0.08330962741753759	0.906781713856967
426	0.09361976511702863	0.14621539712688442	0.9079088318097365
427	0.0723645103313648	0.09093340852974048	0.9102949512817552
428	0.0701021223526448	0.0771059238288553	0.9067649437331289
429	0.1039354750158703	0.12743285842827087	0.9114481560938283
430	0.07635740929241638	0.14959240317530909	0.9101129643823274
431	0.07062143448209625	0.028755172340972645	0.9096235252125355
432	0.08226084543240283	0.10775694831779095	0.9139500101241859
433	0.08517154909247429	0.054372675215703124	0.9116098532137976
434	0.09727013952620944	0.08422494491738955	0.9151520760378119
435	0.18272030214595958	0.07631006758152868	0.9220609529819558
436	0.10195397821800183	0.05545879953242411	0.9174193553730028
437	0.07291074517261717	0.17951982787641785	0.8912409850232442
438	0.11379748154397461	0.10884907675292309	0.9155073542168995
439	0.06554768263723267	0.07094756168610551	0.9069858538829463
440	0.04991167499122188	0.00017018570117129997	0.9054403109884891
441	0.03957851756084603	0.1203111458383799	0.9124210303150009
442	0.07334123564406853	0.08932119921706295	0.9086073799310893
443	0.061279671652845154	0.07019828911610682	0.9084514798909653
444	0.08425731855221655	0.09484892188807578	0.9143512508649037
445	0.12491868271716354	0.09772385941418853	0.9236334108899802
446	0.12258248243156616	0.034042523236973446	0.9142175039513312
447	0.11340378357273953	0.10516855216688634	0.9185228709292594
448	0.04227791380292775	0.1310204226982177	0.9019510900373456
449	0.11466016176204195	0.03085827009340338	0.913732619629989
450	0.12550076904521254	0.09872634015028516	0.9173437862964485
451	0.09752142801015162	0.08219700216438117	0.918060139734469
452	0.08307961225693875	0.1511333912213164	0.9112452582992445
453	0.037674188620584165	0.15159819280176595	0.903770337915925
454	0.14203445468534345	0.11332400831632512	0.9157553864188498
455	0.093241251240075	0.1197430320135453	0.9150719521128079
456	0.0514923933612063	0.03741476739838237	0.9043616400601406
457	0.03724462908925794	0.08418333016564328	0.9039063622537225
458	0.09843601589522255	0.07622704511660204	0.9118160636254358
459	0.10671365803897505	0.11236852533468819	0.9134547738745488
460	0.04623637373617103	0.0773908088955362	0.9126531205473769
461	0.06058084553724817	0.019470320814539407	0.9069347153571685
462	0.0830500867144047	0.11534014987107709	0.9127065364973794
463	0.02734979235758841	0.08943527746687487	0.8969765744144226
464	0.14304075576225714	0.03532284972851033	0.9168557963966181
465	0.0527019380604843	0.07398254002366038	0.9109125473238401
466	0.1055543867669592	0.05303168642435701	0.9132218554879091
467	0.09649771428730973	0.07636099906874054	0.9185696616451534
468	0.06973783425354506	0.13530632805095139	0.9155914118746555
469	0.15395683327611534	0.04637291206782253	0.92744664719676
470	0.0719177528474978	0.10039444987575616	0.9163980341274091
471	0.12023671884685022	0.07328606228796664	0.9166311595526144
472	0.14967600506694642	0.03566094370662801	0.9226541184732645
473	0.13250488798534849	0.11362442127544867	0.9082901968481277
474	0.09459555996255266	0.08486117443040585	0.909603442471643
475	0.08523315771763035	0.11932750561178034	0.903576342779675
476	0.1065328400124672	0.14044523229520056	0.9129953552968126
477	0.08600938853945737	0.04485159268557592	0.9149885155707494
478	0.06661904259013435	0.10010211142070279	0.9072044866085386
479	0.09579855938543548	0.05819170860232819	0.9146348937001891
480	0.06688791775675611	0.10680664130030158	0.9019829739764944
481	0.05320155748378404	0.11116335384257368	0.9018612352997443
482	0.04161726186231441	0.11621737227480312	0.9078680452122538
483	0.019035481625852474	0.07207716410166588	0.9053688826832531
484	0.062058789327471636	0.06399292921889732	0.9045895895211985
485	0.0958710647185072	0.09016840102873325	0.9142305473809829
486	0.11233160225922156	0.019131398682158123	0.9186833258178334
487	0.07439736040023849	0.09508929366308778	0.9106465027666565
488	0.17226035581370217	0.03227627723126498	0.9177518593098412
489	0.15904833089697704	0.10570126239695174	0.9162773306434884
490	0.08536937163834446	0.14829530655993417	0.9053301664714294
491	0.034223499092455575	0.041049122384223	0.9113883219482827
492	0.09227661606852389	0.10833996891937048	0.9105044743104477
493	0.10578271888398348	0.012288774079102812	0.9133585009414044
494	0.03084014593965045	0.028878981403381937	0.899487331103114
495	0.10122569418928265	0.05581573402003885	0.9159326114312619
496	0.08507098688002307	0.16786624811750184	0.9088786004524207
497	0.05622963019241382	0.05589606498360876	0.9110545757800489
498	0.13078941122041468	0.08507918604030047	0.9209992592160112
499	0.03585411256949612	0.11104037293442799	0.9043421784349459
500	0.08362143557132301	0.09083775671229381	0.9118380097134214
501	0.07310871595041776	0.058458995390907445	0.9149123253784976
502	0.13555814336888894	0.10510416317289087	0.9171903707191154
503	0.08280472106344018	0.01863657650965276	0.9160740187717726
504	0.051038651916349306	0.07586493466483975	0.9089309812095939
505	0.05808315529891735	0.0771961926435885	0.9134392459821061
506	0.06156213536669421	0.03690234694777535	0.9124148191580239
507	0.09944661240192222	0.13627961634925587	0.9149057001443888
508	0.1498649740526402	0.10528697822658219	0.9160410996397944
509	0.08019242759746825	0.03775762326351579	0.9068626659362345
510	0.1496965329785816	0.14354542778101448	0.9191856013787113
511	0.09960576052361449	0.04063111151966721	0.9137353111313457
512	0.04634615891435515	0.12106600844965794	0.9107827341430197
513	0.019977781858613482	0.17521963686263695	0.8989258425123883
514	0.09522526958056791	0.1205720144314162	0.9114841808042952
515	0.0647531567823461	0.04944225880731708	0.9081088310643977
516	0.08993395747699287	0.06480886820711641	0.9022966374038358
517	0.042566561895669104	0.08648249343998306	0.9058071833272671
518	0.06226696509394376	0.07276618844898715	0.9122363519142166
519	0.12970685002810378	0.05290208028210247	0.9222659211621986
520	0.058424286599534095	0.14357586245020204	0.9024558500610143
521	0.11645776859437425	0.08036926570459986	0.9174087964061418
522	0.06185925835264381	0.0821326131703857	0.9061015921679796
523	0.0571244343955649	0.06324924669017798	0.9084624529349581
524	0.055896815888732534	-0.031732179880074984	0.9116460849628304
525	0.08521798774476239	0.0860344619833715	0.9113899782568098
526	0.060199633605412715	0.1906202005872442	0.9063928954302033
527	0.07817407819127827	0.08872016626024998	0.9089862605066897
528	0.127778548776444	0.07248503007649247	0.918007344900164
529	0.08782860649765947	0.050263166721117816	0.916442340380512
530	0.067345049195285	0.09451869537546237	0.9078821238347353
531	0.05376997202419286	0.11803579199911884	0.9148825118250078
532	0.10531678175741063	0.016068470138206524	0.9131850026231787
533	0.10861566262911247	0.09213112663348251	0.9128233062485482
534	0.06712512484261778	0.1521797641333842	0.9185255624306161
535	0.024823883277735742	0.057343678636394314	0.906170536010425
536	0.20346506977072315	0.12624776967704882	0.9270505824201897
537	0.10471483872602036	0.11368280615103299	0.9155609772054679
538	0.10472544043291696	0.07971398864352058	0.9183849832443688
539	0.061496957462928624	0.09935884296911525	0.9079978583930743
540	0.14933813807434557	0.13220489033374203	0.9132017727470167
541	0.07185223943536151	0.056773287387334795	0.9114307648542924
542	0.11627384656588811	0.04386795245897635	0.9124272414719781
543	0.1227057583762805	0.07935456969311501	0.9153615990665045
544	0.08076453898757546	0.08310693666151969	0.9046711627161638
545	0.12123917098131638	0.017223331258806904	0.906503454024395
546	0.07714126733781265	0.08338561057122354	0.9098142077317312
547	0.0795555497576776	0.05832276401454405	0.907408212557386
548	0.045294421605461065	0.05031202782267065	0.9125847978206293
549	0.06493772875745175	0.036014151500056525	0.9086512721070605
550	0.050259220357110286	0.048309343774702286	0.9076701163432518
551	0.12753835496950422	0.09975697813134445	0.916415218328379
552	0.05054008356412261	0.1305436128809458	0.905096626969092
553	0.054225107714022405	0.086398228743661	0.9097160714514936
554	0.0465565131359256	0.09925283922337351	0.8986622824179952
555	0.0589001234195122	0.03181685865352883	0.9068574899720871
556	0.1352335473115288	0.1068321070439075	0.9117133724967484
557	0.07793956410995624	0.15249715425491167	0.9136949386109949
558	0.06423769155978866	0.0982888676605346	0.9159220524644008
559	0.12350231135928783	0.04611866870889508	0.9152767132544848
560	0.09618091715097987	0.07757362394922751	0.9111649273356746
561	0.08924244081750234	0.08328933763807919	0.9086237359777956
562	0.07673169580806095	0.029222872461344866	0.9105152403158746
563	0.012656896768726804	0.06099832340169333	0.8954840333928361
564	0.07023997668657005	0.08452266637515637	0.9031249987060089
565	0.08098364871832794	0.09798203650586809	0.912627654803771
566	0.07980781582008076	0.18270283878859253	0.9179069311957017
567	0.06723600756721008	0.05686852512764963	0.9050552192559117
568	0.17483335528068067	0.06306332605799812	0.9130665765634828
569	0.09944665357936516	0.10717061509915697	0.9060365820582864
570	0.1459245595641482	0.018227882380562558	0.9181094149131536
571	0.1249601215610551	0.08420154955944265	0.9238176752136329
572	0.06687396974368465	0.02676905137827644	0.9166394410952505
573	0.08060950620658522	0.09511227494390291	0.9106566476563857
574	0.042736373615650185	0.05307806306311902	0.9036962181093321
575	0.12223483017976994	0.10628780265415161	0.908532017893101
576	0.09113209051415662	0.08218106019480673	0.9139970078786456
577	0.0672857522817516	0.13451978853909033	0.90888874534215
578	0.07614829095918617	0.10744659750750411	0.9064088373997778
579	0.05350897136575325	0.03902159370834643	0.9064355453747792
580	0.1025127833163088	0.0910259547686986	0.912222894407433
581	0.041364020408015664	0.12184675088167372	0.9080812949351328
582	0.040186472351901786	0.04807849577372176	0.9101756970677957
583	0.14688144018880753	0.008802865745013787	0.9186139678982563
584	0.025535328324486305	0.07109973503204335	0.8981935471047934
585	0.0634285770905141	0.02205871696544402	0.9030672349461223
586	0.03359903300323811	0.06874260095925108	0.8918099270023425
587	0.04854012162671117	0.0802603634189355	0.9128019812762603
588	0.09272286536947834	0.12190368648729673	0.9124734110721741
589	0.09678001540876242	0.09380254897600794	0.9148856174034963
590	0.11847932253109911	0.11864904023132006	0.9164295039894261
591	0.09512870944437975	0.09779942849074269	0.9181651082873812
592	0.05211687242368993	0.06428858029100512	0.9101856349189589
593	0.07521289649787342	0.09188723520285018	0.9139175050693392
594	0.04864103704244339	0.12382728180309059	0.9110160666067911
595	0.20058853785192327	0.08744915650417866	0.9235087736733073
596	0.07718910942094781	0.06209707707093431	0.905050664407462
597	0.06411030188784249	0.11338508469326616	0.9118665810355159
598	0.09102617112510529	0.10982981843960002	0.9077560373481011
599	0.028355307814142108	0.1117674923778752	0.901218587591185
600	0.07950839137181373	0.0866942938929006	0.9117905978818298
601	0.056676710783942943	0.07125832657352416	0.9033030518726846
602	0.1432163698573977	0.15357023514198084	0.916659730874709
603	0.11404644356262937	0.10820497977440251	0.9175752554131269
604	0.07033469153615754	0.14475039223456312	0.9097812885997527
605	0.09720675530522724	0.042649737537210006	0.9105502298335121
606	0.06376859253008042	0.050590287655242684	0.9123162688006546
607	0.14611564279014008	0.09988927577495571	0.916592236302225
608	0.07736748880288329	0.0967219997937896	0.9057605996499392
609	0.08111298480607627	0.10150314139616044	0.9171589008570983
610	0.1089788592462797	0.05706686807378358	0.9139698858265125
611	0.11740965814933794	0.05840764982656379	0.9154353047959656
612	0.034753979807501	0.08103282430831521	0.9043086381872698
613	0.18183848636509628	0.07604774971853107	0.9221479091796345
614	0.08623028452814824	0.1017842997686551	0.9148771288222941
615	0.08970962823074075	0.10166256109190484	0.9095498194830745
616	0.1033475654139785	0.15870976050192773	0.906233268695893
617	0.17566086979206513	0.12466330353220216	0.9220514292079243
618	0.10667834063588351	0.1080339659189676	0.915402799741119
619	0.08606919539834007	0.14961041553054255	0.9030336946984464
620	0.06666835389081502	0.030200715608099185	0.8994651779765626
621	0.06316490312949256	0.06268196101960696	0.9115059198537149
622	0.07689271155682012	0.14579945664798766	0.9077011721281372
623	0.13589634471091439	0.04453026883129628	0.9147423467158922
624	0.06786980132851742	0.13701460325820733	0.9106477449980518
625	0.09573383558415498	0.07006619851106145	0.9171375758848104
626	0.08299185704122046	0.05323582645033621	0.9139736125206988
627	0.14239000743873256	0.04730334338298533	0.9179518585645022
628	0.10281530322196022	0.037893647601313286	0.9156680161440393
629	0.08667252349943494	-0.006541797566799958	0.9147005249255801
630	0.13290687057990236	0.03568703056593164	0.9175636612534364
631	0.15535088774685785	0.05277682194973187	0.9158570423547077
632	0.08167822672876882	0.06294303665120918	0.9059117378030476
633	0.10396593319546318	0.08734832872258448	0.9132866585590365
634	0.07551026854806409	0.07068027489752626	0.9077759130504275
635	0.11579081241935263	0.04045078092876672	0.921598842902863
636	0.11050189150865955	0.09615989008736614	0.9116440145771714
637	0.11239221223210032	0.10518532229072439	0.9128423537966112
638	0.06865512481290453	0.09711765049322799	0.9090972331780132
639	0.07903416025854904	0.07115956917758899	0.9146272332732508
640	0.03970573906962393	0.050669583425983086	0.9047842057731462
641	0.0679593649972855	0.12007574298894953	0.9095802541522621
642	0.08325557585411456	0.019833673497697112	0.9063359598245805
643	0.0305614670079297	0.06582004456298093	0.9056297512762893
644	0.07758092871284833	0.08339741176947994	0.9098386382825074
645	0.1649740241371857	0.07719308706509997	0.9210551596288046
646	0.07618300894959415	0.05644947907026433	0.9117473268215563
647	0.0721345452238457	0.12670139117493973	0.8994279110347001
648	0.1476982582223163	0.14352182538450167	0.9169783632276318
649	0.09959435105279107	0.18495583246273617	0.9126924578748983
650	0.046669989642521385	0.11878402937628806	0.9070930998600832
651	0.08621771029503936	0.08488249940269374	0.9131365555987577
652	0.07629373194879724	0.10251390367489313	0.9014746942972055
653	0.04121704645783209	0.020471973396372436	0.9047200238177165
654	0.08686774537470052	-0.011424181027896791	0.9088475446675355
655	0.05698942328118897	0.14237214022804884	0.9113286948413029
656	0.1422300190870511	0.1308972347515061	0.9137117087348329
657	0.14687374412758056	0.06315463006556084	0.9203414976921411
658	0.06487973098295163	0.08477753084978151	0.9092779778460454
659	0.10128252868232628	0.11749293687932426	0.9163796076950439
660	0.12554192503329845	0.04239321675405765	0.9148191580238418
661	0.06905704718828687	0.08120797893506815	0.9069092496135626
662	0.06427814850516159	0.06000039751404654	0.9087972342960212
663	0.05821862488656447	0.06591445414903216	0.9059438287807623
664	0.07059681928060599	0.10816854098680379	0.90847094151616
665	0.046154992309415444	0.050259232988365675	0.9125460816088057
666	0.09374328879985014	0.12178029150201924	0.9089508569119205
667	0.0606598449860284	0.0360114599986998	0.899135158502515
668	0.07031375214990526	0.09069841975744189	0.9073937198577728
669	0.18005365111845983	0.029149373770449717	0.9191392247399494
670	0.061509459376686566	0.10940290491671047	0.9099469194524741
671	0.044779435926608394	0.039667346995394225	0.9096767341239722
672	0.0983671577120425	0.07034611465216072	0.9139657450551945
673	0.08701741450613443	0.1424029889743682	0.9031074004279073
674	0.05762062975850819	0.12098609156321985	0.9103011624387322
675	0.06687636868962965	0.07614588599876854	0.906351694755589
676	0.08055339994213939	0.12139519976944187	0.9058937254478141
677	0.10017895464001823	0.11206831941413055	0.917916247931167
678	0.034277716284996	0.12376682654184726	0.9025465329528793
679	0.12223190342048651	0.031844601821359675	0.9142564272017206
680	0.04207159652003372	0.062076787291475935	0.8947262722416355
681	0.06093636553181637	0.06814508765805842	0.911697430527174
682	0.09115896551442018	0.08112930428002546	0.9104622384430038
683	0.08954774525153415	0.043912258712079336	0.908591230922949
684	0.1435883956387214	0.03056924425540443	0.9149808551438111
685	0.09917313676462261	0.14472616872235258	0.9186499926087232
686	0.11239865486442158	0.08367422233209068	0.9126688554783854
687	0.11876025062222677	0.030931354707166722	0.9193406732645717
688	0.10329414212362532	0.09919362619352558	0.9085918520386467
689	0.05595028185287097	0.13116286523155812	0.9052531481249139
690	0.09198441272886271	0.1129703864457648	0.9079179415066363
691	0.10120835769920228	-0.028647719325269595	0.9049053233341987
692	0.038772232685656695	0.12520595161343084	0.9084262211859252
693	0.0802856577816603	0.09947913237590421	0.9156746413781481
694	0.15450709581284042	0.10707661959023755	0.9185234920449572
695	0.12041309189058308	0.1336506406394345	0.9184841547174359
696	0.028011164726795972	0.10510312798006137	0.9010734535564878
697	0.12347830716981309	0.04714495888007043	0.9135065335160242
698	0.09235614427347684	0.08039680183386481	0.9162613886739138
699	0.027497718978619676	0.11355133666168532	0.902920444602898
700	0.0526252664392056	0.08882513481316219	0.9099711429646846
701	0.13301500948546702	0.0930590734858545	0.9126605739357493
702	0.09531352908311434	0.040205233189607156	0.9122887326713897
703	0.05789643630608724	0.07732041578312958	0.8987595905439689
704	0.07382263490469837	0.05936437503959612	0.9094330497319058
705	0.13680116131705447	0.09017481922427618	0.9120021912961817
706	0.07390783399471595	0.10985321379754694	0.906049832526504
707	0.050118622622718864	0.0776154457395397	0.9045508733093749
708	0.03892179664216405	0.054750106521342164	0.9081198041083904
709	0.09527356021567428	0.1628824157591131	0.9115732073876329
710	0.09551941781734428	0.07792558951126062	0.9158651168587777
711	0.049099893175975094	0.07764484521589776	0.9051593596545604
712	0.10620530314708003	0.027657453864561164	0.9131626424580612
713	0.07288274998431962	0.07539764862159934	0.9140377944761283
714	0.10918423718066701	0.05367495524861398	0.9145514571581308
715	0.10721386155098933	0.08654294870122638	0.9045312046456142
716	0.06584326668163278	0.05512670967271757	0.9068978624924379
717	0.031041765231389868	0.10649856791423966	0.9076966172796873
718	0.057252745255474295	0.06977427413313989	0.8991200446872042
719	0.07664755868754466	0.053201665086962405	0.9074608003531249
720	0.07771738897964102	0.09317667139128673	0.9162052812225544
721	0.08342792065774539	0.03401270968348358	0.9145520782738283
722	0.12830832728100705	0.10442963152518273	0.9142522864304025
723	0.12851061566197644	0.16692774229826887	0.9099527165323195
724	0.07981157607545794	0.011504511991466699	0.9124957712372915
725	0.08569507390144493	0.17331363982494474	0.9166851966183149
726	0.04459092422159038	0.04317809995739146	0.9077866790558545
727	0.09014336276345397	0.08200238591243346	0.9070997250941921
728	0.0993821182606707	0.08928538154516194	0.9092411249813148
729	0.03543495201180226	0.046720529819971685	0.9073796412352915
730	0.07328363641686315	0.14235350675711766	0.9082653522202194
731	0.08880358895485682	0.13306596372932772	0.9141715413897008
732	0.09027794606611633	0.09077460994969377	0.9090576888119257
733	0.056465492266509494	0.0489449521720209	0.9143400707823449
734	0.0869650575909163	0.03223693990374363	0.9066610103730462
735	0.047895815246780535	0.12302687070731413	0.9093910209030278
736	0.055548814610307716	0.06384075587295948	0.9082995135835933
737	0.06780740371783713	0.09647500278466871	0.9137974227011162
738	0.05718180732729813	0.03918639640680428	0.9125868682062883
739	0.163050861976615	0.045270431704395306	0.9174909907168048
740	0.03609577947285463	0.1027350208632763	0.9081837790252543
741	0.141571245027158	0.03541539596746844	0.9172897492307482
742	0.07718830177916812	0.08579533243975489	0.9015183794346109
743	0.052158762205052424	0.09293277996065438	0.9111471220190069
744	0.08918960168484909	0.13530653508951726	0.9029345232253793
745	0.1014773786970162	0.13200613331047628	0.9108131688122073
746	0.06723367677370158	0.018177986086180216	0.913462641340053
747	0.06462473388558378	0.054409114003301846	0.9135237177169941
748	0.02794310862673804	0.08576903854188536	0.8995465441329618
749	0.054373584712136	0.04180709057398958	0.9049117415297417
750	0.07561770083006489	0.015194560351534922	0.902751915210254
751	0.045453588844799254	0.07322705629668462	0.9001424011256274
752	0.11664783548524756	0.04902259163423408	0.9091077921448739
753	0.06879857652743648	0.07220780543674993	0.9107752807546473
754	0.11511082297405674	0.06975315619941788	0.9139324118460843
755	0.06606324062573912	0.1230893963542165	0.9029305894926272
756	0.09134119925607902	0.02050965441536657	0.9166707039187019
757	0.10678058605344914	0.13581088103605413	0.9138796170117792
758	0.04245586039474635	0.11917574634297429	0.9006796662041425
759	0.03660016672623833	0.09886505598943937	0.900920866133418
760	0.054360955865483944	0.06552874130075706	0.905246522890805
761	0.09392809908338431	0.06425855969894936	0.9145918296784816
762	0.10767536106063469	0.046864835700405255	0.9121222736644046
763	0.14870953211717097	0.16199132177147166	0.920346259579157
764	0.1395533429609791	0.14678765172303707	0.9124353159760481
765	0.05835156990029879	0.03629344652545809	0.9038297579843387
766	0.09939946611888616	0.04426919319969408	0.916360353108415
767	0.1919877081441424	0.09682365572964739	0.9212990510594371
768	0.0701793305269933	0.1094066316108967	0.9085926801929103
769	0.0714076378256439	0.07397653590524922	0.9166595238361431
770	0.04530588933529105	-0.017746724753406717	0.8997875370236715
771	0.04068164673644779	0.0869990546619081	0.9011734531838185
772	0.1176111460140383	0.13541792183797244	0.9144794077371968
773	0.06110570235336357	0.12619642411270518	0.9089632792258744
774	0.2007649131671042	0.08419161170827934	0.9199185179020039
775	0.08728084080731116	0.07924649556171427	0.9091773571030171
776	0.15011616399051758	0.08588994906437201	0.9148303381064006
777	0.08297427569441873	0.09532531762821587	0.9101444342443443
778	0.08532859837830414	0.07125874065065596	0.9135266162569167
779	0.03669289279880152	0.037247066160001896	0.9099100665877434
780	0.07277120274570104	0.11180682970539654	0.9095121384640803
781	0.06739461924493675	0.10892920067792708	0.9163326099405841
782	0.11308890252190903	0.0765059260648718	0.918901544466294
783	0.057815177577179806	0.08623446123803265	0.906853556239335
784	0.04114519838882902	0.043733170352574256	0.9103829426722633
785	0.10337761659272326	0.14790503886320924	0.9061931032141081
786	0.15015686966302388	0.07612663141213967	0.9222445961899107
787	0.05563923857051465	-0.0021765964433258845	0.9037908347339493
788	0.04817435536023213	0.06763038978322648	0.904987310606296
789	0.1323369613720381	0.07160573728710741	0.9093392612615523
790	0.04591277997326137	0.08851126434725502	0.9048332739132648
791	0.08754584789913167	0.07228813640031984	0.9042421788076153
792	0.05500270208742938	0.10396814256178756	0.9030382495468963
793	0.041846751202716276	-0.02513323966908612	0.9078318134632211
794	0.12633211761804058	0.08243509651516827	0.9178390225460858
795	0.045420141832497936	0.11439212027781262	0.907498688410685
796	0.07195366569288686	0.11843599754700707	0.9054165015534104
797	0.13220526768783789	0.06648401724382809	0.9197711064430816
798	0.13681525361538677	0.1355123314240237	0.923709808120798
799	0.0831991073780938	0.07002872453063323	0.9105148262387428
800	0.06704906681246765	0.042340007842620875	0.9114375971269673
801	0.10749053969961977	0.1024197011274078	0.917979808770899
802	0.05421169017902322	0.005143252054133131	0.9069106988835239
803	0.04434805442748835	0.05624699535281235	0.9061417576497646
804	0.1084456657586001	0.1224098957809267	0.9081765326754475
805	0.039712164189981865	0.06034325337917996	0.9043293420438598
806	0.02598337727020646	0.07587197397608042	0.9095069624999328
807	0.24678117641117303	0.11546747858910672	0.9254245015235968
808	0.08564497978874534	0.12087387666050106	0.9070839901631838
809	0.15306822414244556	0.010879876638140894	0.9187379839992315
810	0.15809330779355357	0.046476224312207534	0.9142400711550143
811	0.07358927323939396	0.09202098211642276	0.9139019771768967
812	0.0662124002762009	0.1525215848056881	0.9138460767641031
813	0.08284702065399935	0.07901523348360193	0.913441316367765
814	0.1178505333729718	0.037994268344341574	0.9134046705416006
815	0.03932735258505656	0.08650464656653453	0.904257499661492
816	0.039949740304239846	0.10687289364139016	0.9020670316342507
817	0.04876201189710662	0.15067314448931662	0.9050283042423446
818	0.0743232918310514	0.13259350172193973	0.9053378268983677
819	0.08458760492566811	0.05799647123468277	0.915422054327748
820	0.047653767774940584	0.11214989260909586	0.9066158759656796
821	0.04504538605258699	0.05866230726262304	0.9068040740220844
822	0.14937199046352442	0.1125610712009769	0.922235486493011
823	0.0647622172883708	0.06383930660299816	0.9063038688468655
824	0.1275065763957513	0.06428216209546217	0.9086746674650075
825	0.09036424439524696	0.15180212578917926	0.9141661583869874
826	0.0704861818036205	0.03976486215993398	0.9103895679063722
827	0.03733510237711002	0.0850723537676257	0.9026071952526885
828	0.03869158873410816	0.12245689353538643	0.9113645125132038
829	0.09648771083880794	0.08289803474852475	0.9095038569214441
830	0.07552567765776762	0.101056973286642	0.9122251718316579
831	0.05428263150037637	0.10081121850891654	0.9066690848771163
832	0.08312569785466285	0.08176843233296438	0.9174452351937405
833	0.09623322124456651	0.12879662146186618	0.9108244995579998
834	0.08673655346259097	0.06531487046218047	0.918825354274042
835	0.054194136206999255	0.04651866721821741	0.905396418812518
836	0.05961765461356462	0.11509791474897195	0.9008653797977565
837	0.1107059105937277	0.07467777552795869	0.917538816625528
838	0.07804182512234593	0.11205258448312201	0.9074980672949874
839	0.09994078658744773	0.10591596138979191	0.9123839704117045
840	0.09599304595299304	0.06776268742683775	0.9086502369142311
841	0.0835133137216214	0.028467388734369107	0.9144458674895207
842	0.1100998477465999	0.13169578250018943	0.9085129703450381
843	0.0652121660565735	0.11971176919009412	0.9121838113327857
844	0.06084235831682825	0.07423533411262649	0.909306135091008
845	0.07251412900764313	0.11569646324299412	0.9089473372563002
846	0.11626426362858162	0.07584485192394728	0.9118469123717553
847	0.07570246832078226	0.07700613124009063	0.9152127383376212
848	0.06974920583934542	0.10582900519211315	0.9082494102506451
849	0.07653166259341238	0.0708893838490871	0.909407376949734
850	0.07946544253872667	0.09620336818620553	0.9147034234655026
851	0.13190519533983736	0.08592887231476157	0.9088581036343965
852	0.07043590866306068	0.10474764276240793	0.9096651399642818
853	0.11023954218471435	0.10047167526083754	0.9104995053848661
854	0.1569465630311707	0.10633542152430903	0.9197263861128468
855	0.10913655880594969	0.18718108296904895	0.9189052711604802
856	0.09365488039018431	0.07320614540152852	0.9132864515204706
857	0.032277501757875034	0.05437557375562576	0.900520867624096
858	0.06736048454114975	0.07290966617515712	0.9067624592703382
859	0.0201734972402233	0.10715922797803237	0.9038510829566268
860	0.13288880341090842	0.15960582341515084	0.9083763248915429
861	0.11409374640856315	0.14059243671555674	0.9081717707884319
862	0.061498188569293226	0.0664856735523553	0.9072496210159051
863	0.06083388928801124	0.09328433144555567	0.9145038382879733
864	0.06746466005875465	0.10188429939598569	0.912180451501423
865	0.0766192510794852	0.04722715319073345	0.9126647147070673
866	0.09588203745190987	0.047050756332585104	0.9050516996002915
867	0.11370066473976416	0.06999580539865483	0.9260514143011476
868	0.0966912471134645	-0.008025850007184239	0.9157098379343513
869	0.07212650562967438	0.1299518966595984	0.906623536392618
870	0.10529750022371304	0.05925091790548193	0.9177756687449199
871	0.053803689180853785	0.1250227224826077	0.9081732200583932
872	0.0779271478160944	0.14244377557185087	0.9119407008421087
873	0.058953058873649225	0.10421783107226515	0.9086200092836094
874	0.06271688904130618	0.08333654243110482	0.9053320298185225
875	0.08408430094964321	0.13303345867448113	0.9151203991372289
876	0.07390289164687137	0.06423806288092508	0.9081378164636239
877	0.06199275569640864	0.0669631044853249	0.9046881398785677
878	0.09891761764650679	0.10258471086443156	0.9030924936511624
879	0.08123527255009591	0.07656720948037876	0.9053206426973978
880	0.14301471803642135	0.11750970700316231	0.9072175300381904
881	0.12180398929299185	0.120741164939758	0.9120415286237028
882	0.05071151664048192	0.043419921002364796	0.9032508781540773
883	0.14045023792805308	0.0609384892561477	0.9159880977669236
884	0.07484292873739563	0.14682015677788365	0.9101860489960908
885	0.09140521222724314	0.039894261263622624	0.9171854017935337
886	0.05631567149788661	0.11594490952207633	0.9037440440180555
887	0.09711945012208413	0.10142301747115642	0.9123665791721687
888	0.15826276822606145	0.07382104994225695	0.9246895146146453
889	0.11603018584602688	0.1246111298135949	0.9089841901210307
890	0.10782148392328296	0.09450316748301975	0.9194220394209711
891	0.04426790717516357	0.057995436041853254	0.9083765319301087
892	0.06588972567896902	0.1213448893979277	0.9055784057119456
893	0.052822047196724814	0.11710391141399472	0.9044564637233237
894	0.05103564553756732	0.0750282918200305	0.905370746030346
895	0.04999350131271022	0.12873513100779335	0.9066988984306062
896	0.12531450345323383	0.08160114517171571	0.9156355110891926
897	0.062401117744483973	0.05999273708710816	0.9038307931771683
898	0.13125309720192993	0.11845897882782219	0.9192268020533257
899	0.10127933568149834	0.09712468980446863	0.9180711127784618
900	0.055564847216431595	-0.011326872901922934	0.9072330579306329
901	0.05533586941399962	0.04022883558611997	0.911762647675433
902	0.0700825256725855	0.06690927445819042	0.9115388389856932
903	0.07437792053558036	0.08634729725644916	0.9127663706429251
904	0.076839985412355	0.006168714071044869	0.9162599394039527
905	0.04920509145565773	0.13644007123782975	0.9007804939857367
906	0.09625876997022141	0.026496381586983735	0.9150013519618354
907	0.10820775442305743	0.15329860054351765	0.9113924627196006
908	0.07316576937219582	0.034112088195116456	0.9069918580013574
909	0.11268833806031267	0.07776534166125262	0.9156270225079907
910	0.060782276413188605	0.029922455775527133	0.9096692807355997
911	0.07431173017400775	0.07650157825498786	0.9043496318233182
912	0.09390540353803861	0.005368095936702512	0.9123427697370902
913	0.11098267229747726	0.054649899855445674	0.9120257936926942
914	0.0698601482644012	0.07897734542604189	0.9125013612785708
915	0.07646489461950605	0.12316600062360017	0.9098680377588655
916	0.07181235665494132	0.08011460826854061	0.9217543288658553
917	0.12315643284824972	0.02562329995457574	0.9177357103017008
918	0.09364226738357298	0.06298568659578495	0.9118825230050902
919	0.07215104650381264	0.09529198441910568	0.909185638645653
920	0.027380254357781353	0.04711017640099892	0.9068806782914681
921	0.12373835422837565	0.10886398352966802	0.9120257936926942
922	0.07907718407568665	0.11003851331402906	0.9070282967889561
923	0.10363175478616679	0.08053924436720526	0.9149760932567953
924	0.08619574074489436	0.10627082549174767	0.9114566446750302
925	0.04937525474155042	0.18013369722431674	0.9157750550826106
926	0.0744585535050043	-0.0019623115276174953	0.9102206244365965
927	0.09959440998880005	0.0626395181135971	0.913247528270081
928	0.10237896204306461	-0.0089517264738972	0.9003260443335822
929	0.16189871013722953	0.17646994276211808	0.9142293051495874
930	0.06580391692661232	0.12901421899462903	0.913918126185037
931	0.027016831611341562	0.0748473401134323	0.9031009822323643
932	0.06481041117164406	0.038019112972249795	0.9114040568792913
933	0.05950605505744414	0.03670276177024599	0.9055109111394617
934	0.11253571764326374	0.05981778949892112	0.9090576888119257
935	0.06787076287761122	0.0672125859572366	0.9046065666836025
936	0.08568632350996336	0.10873127180892493	0.9186282535593036
937	0.08591357172231047	0.0610289651094468	0.905442588412714
938	0.08327348729487147	0.11497162122377184	0.912174240344446
939	0.09001079414792396	0.07981398827085116	0.9059291290425833
940	0.06624723121182984	0.08129845478836725	0.9056450721301661
941	0.11203227021465893	0.0936377462775501	0.9206959477169651
942	0.04350434476377656	0.09620709488039177	0.9061868920571311
943	0.09273196794428487	0.10292239076541744	0.9095115173483826
944	0.059968759984020334	0.07846492497543488	0.9082645240659559
945	0.08104608525788523	0.08022061201428235	0.9092707314962387
946	0.033110081085730304	0.027468634692458707	0.9001786328746602
947	0.10901065879982338	0.025145454944474326	0.916476087666754
948	0.04921998153788741	0.11062608876405845	0.9010715902093946
949	0.1531356762488702	0.12236848806774633	0.9133448363960549
950	0.07552490967250738	0.06460203667978048	0.9161398570357295
951	0.06238302615198843	0.07327467516684204	0.9119160632527663
952	0.03813860865294578	0.056566455859998865	0.9041444566045096
953	0.11582714394821478	0.10741781914684377	0.9168471007768502
954	0.059462288206872806	0.05789978422440662	0.9046129848791454
955	0.17679758830619932	0.10093544164845762	0.916453106385939
956	0.09249663361239138	0.07423305668840158	0.9132030149784122
957	0.05736159102506572	0.09254644599668159	0.9057285086722245
958	0.0771046012921305	0.08190756224925042	0.9181050671032696
959	0.10165742419298668	0.06615524000117598	0.9201402562060846
960	0.049898242102581605	0.06754591804833854	0.9052556325877047
961	0.09296145468745194	0.09912654569817339	0.9192415017915047
962	0.13090626302225492	0.06295359561807017	0.9115483627597247
963	0.13503254999039557	0.07255790765168992	0.9156270225079907
964	0.1496217477513217	0.13671377622195197	0.9130680258334442
965	0.039730169308159195	0.06217140391609306	0.9069196015418577
966	0.07851283277528982	0.11455588778344097	0.9098537520978183
967	0.13341212039387798	0.061968713160075184	0.9200510225841808
968	0.11490954797190497	0.10671637248556838	0.9129286888785922
969	0.06970691137828004	0.059408060177001405	0.906423537137957
970	0.0950609782636323	0.04814557626907395	0.9164034171301224
971	0.12621218372470158	0.051095875833174945	0.9161369584958069
972	0.04663928158046749	0.10954928118280305	0.9046935228812812
973	0.03002622148199814	0.08655930474793262	0.9035442518019603
974	0.03322420375962884	0.08017527056834985	0.907416287061456
975	0.06414838621654403	0.07553905596211029	0.9072976539631944
976	0.09342996238422431	0.09816381636672991	0.9139785814462804
977	0.02578633774697712	0.07774111814904211	0.9071419609616361
978	0.1532144359226588	0.16430559886112228	0.9172063126886898
979	0.0395546461834699	0.119471604453648	0.9051815127811119
980	0.0682997323588423	0.05594534016229339	0.9072090414569884
981	0.03948003863127147	0.06902541564027298	0.8964492471870706
982	0.05494896731337031	0.06535752040675626	0.9142419345021074
983	0.09328545892394763	0.07575064937646196	0.9083342960626648
984	0.06935655528864197	0.19342536611664804	0.9076947539325939
985	0.10810035910134504	0.04288866004226071	0.917178155443727
986	0.08947440388393275	0.03805700102980983	0.9134707158441233
987	0.06367008365889748	0.07048089675856281	0.9078891631459758
988	0.020794508468045036	0.04626711536064669	0.9069148396548419
989	0.07470368207144974	0.08356076519797649	0.9126715469797422
990	0.04218906197068231	0.1275053219263365	0.9057049062757117
991	0.05333116571150616	0.061991073325192575	0.9075152514959572
992	0.09080337546516008	0.048022388322362365	0.9116574720839549
993	0.04224310308308815	0.0812355150643331	0.9084131777562734
994	0.05322591910952578	0.0132175490857384	0.8977655983890743
995	0.17374953040901042	0.06368133617721508	0.9157663594628426
996	0.08041405438970575	0.06573702209805429	0.9152642909405307
997	0.05915968908731181	0.07051857777755695	0.9058390672664159
998	0.048854331093340975	0.10387559632282943	0.9085622455237228
999	0.08703870080994883	0.09776236858744626	0.9082518947134358
