	vector	angle	mag
0	0.0262735948869428	-0.03719239754194449	0.09447703520410555
1	0.025402074996959623	-0.046963528673183916	0.10238930815838332
2	0.0370992182589256	0.004079315160399262	0.06112946082749953
3	0.029771624188841182	0.048742043536518134	0.12077036463211233
4	0.03554397116952549	-0.015129815314278261	0.1100412751461555
5	0.025592286193459195	0.029285029969922563	0.04719369151591332
6	0.0366143141390993	-0.013048386727465675	0.09844003587869192
7	0.03892232195777374	0.0002859788128075388	0.11172190293957136
8	0.0445102976860076	-0.009346929675768374	0.11913635583099194
9	0.03056038807384689	0.033053338062416844	0.10065774445174874
10	0.02838508068287947	-0.02178349459372638	0.09155162238321328
11	0.0371678568317948	-0.004184724039463534	0.07216950335604452
12	0.03113915205978265	-0.008029426858196635	0.11506830311658908
13	0.03147291795599213	0.010963916742751009	0.06632588746670162
14	0.03705930422751445	-0.03800526784975014	0.10551417512612266
15	0.041750482719653544	0.033948510862466245	0.10438844567652097
16	0.04459985390303141	-0.01845827609826367	0.07017129065854835
17	0.03154475876282618	-0.0050949062511416714	0.10911990839466389
18	0.025478812007918867	-0.004494203073979106	0.10223940758716285
19	0.03781299151493881	0.017273373476598942	0.11599472930241347
20	0.037492928672676236	0.0029854064140360736	0.09655196393319863
21	0.040152567096829996	-0.03309944077221831	0.0755455887849332
22	0.034190644988262464	0.006486175451564913	0.11650227166050187
23	0.05144616929215734	-0.018178562264714867	0.11473261341723504
24	0.028872737022432815	0.0014961503366689411	0.0873874518019137
25	0.04165323846428027	0.0028241678678793086	0.0963515687780842
26	0.047235561988191656	-0.019295194039978612	0.10045044984202882
27	0.03267695050863671	0.017637437966051297	0.08655118270326527
28	0.043372462508783516	3.191017902041757e-06	0.09722269137862284
29	0.05286837550544028	-0.001460272729940422	0.11405142234049821
30	0.04121322901154091	-0.01768922670501267	0.08800000673750026
31	0.033182086594789134	-0.00468014611478791	0.09942382005524467
32	0.030852967581771674	-0.0061846794365860765	0.09838906219291733
33	0.03301522674128835	0.02651256624846706	0.0869403970014464
34	0.02124281357764137	-0.022137134804579343	0.0882676976883485
35	0.03474584791080409	0.019311874195929727	0.0945027382130463
36	0.02836661053988783	-0.011463323656545005	0.10036237655134791
37	0.029812089665947995	-0.002762024670379885	0.09334751724374593
38	0.03835487750834927	-0.0023950958681826515	0.09942221464719701
39	0.031133102927279	0.0004645867361720026	0.11132857328940483
40	0.03370060150041954	-0.03148513883784069	0.08842285543847149
41	0.04353069497576681	-0.03156512898646862	0.12247417270325492
42	0.057092929316284895	0.002011875489616242	0.08111156129712951
43	0.029954193266852117	0.004325402974702612	0.0694481714584731
44	0.03980594860814986	0.020202423419378578	0.0930343250229834
45	0.03558138642486844	0.00215689454097312	0.071979257431092
46	0.03808963973170449	-0.013167388177816486	0.08696691184987917
47	0.021273436566541768	0.04404272116221814	0.0768457866445962
48	0.036878642404473874	0.029078350092629986	0.09458218658160618
49	0.03683936608513487	-0.012411076241259852	0.07372768670485705
50	0.029393259542992486	0.007257175033014673	0.07966350566686095
51	0.024606931814046776	0.03474464046612568	0.10241806602882716
52	0.028974590153075953	-0.01688917582716796	0.05318935681290721
53	0.03102031257437335	0.04167086979605458	0.07030487569055625
54	0.03115572654706042	0.0064780870938901045	0.07667709379109004
55	0.029189521613383635	-0.02279295419327828	0.09618849375076392
56	0.03719941764818484	0.007136685111375692	0.0942166300435403
57	0.03915716345117105	-0.009530862145287906	0.10000408284781044
58	0.030163263000399655	-0.011685357529809856	0.08844452649115331
59	0.02330520406825772	0.009358404801666022	0.08326598116397692
60	0.031377659113218846	0.047274272669737036	0.09088999852008224
61	0.02998259741862292	-0.0014838122050378516	0.06754679821077955
62	0.039977696622239635	-0.0008754529913555688	0.10957614912795159
63	0.02672932643072029	-0.001039385979725415	0.0673543818137311
64	0.0351233443582259	-0.0023163923773572813	0.08142873228522075
65	0.038021590519157315	0.015608218338403899	0.0748910825674098
66	0.0364095495129914	-0.030136955400304994	0.08967182000950176
67	0.04036939875385126	0.014074537682142459	0.1283566458599384
68	0.02230459424606903	0.062146378443564756	0.08939216198811904
69	0.049894078461674624	-0.01779617203429273	0.10657853192574693
70	0.041710763952527895	-0.022688899716726257	0.07408738871678663
71	0.036795119910533254	-0.02374168909987227	0.10766419830993602
72	0.030070256513944453	0.02131121623161791	0.08921656662321564
73	0.057356775258665525	-0.002312918845153686	0.10949686670640552
74	0.03298588870538655	0.008326829939783387	0.09527530817016047
75	0.03182266870277315	-0.0513097558078169	0.07550188906662603
76	0.031689081138742	0.05048380179487906	0.08134322352409867
77	0.037143162316167606	-0.00447353539200941	0.10726502758647505
78	0.052770505037605546	-0.044804450718628444	0.11729010031833718
79	0.038173559294065094	-0.049813491122235	0.10734022081000527
80	0.034225152857803	0.04790264013373279	0.08360631756169601
81	0.027951560896140766	-0.004927691346917714	0.1136049303132849
82	0.029982025642282514	0.05592158294858408	0.10957131873463863
83	0.04651251412609936	-0.030256892277170364	0.09345361199703238
84	0.03184392146432943	0.002761222914845751	0.0794485553272077
85	0.023833949461000013	-0.012558499636230768	0.07630300271428954
86	0.035541906498558824	-0.03533977467121739	0.0895822363962663
87	0.03420034562377679	-0.01216148033911348	0.08984997668621411
88	0.04110152118520256	-0.020128956145008425	0.08450670790254046
89	0.03380029122876207	0.002093186377517676	0.09242391667220815
90	0.033663778953450685	0.040149187283580225	0.11495623919005192
91	0.031590282688149514	0.03562244859166932	0.10433834457233636
92	0.037578456652471115	0.009184332716880723	0.09483652267235783
93	0.036414504887389454	-0.041851148424927424	0.07521767893812657
94	0.03563486382579893	-0.01283902058562994	0.09404771128720585
95	0.044964033363129666	0.01791342653575182	0.11607099200648267
96	0.027214318573242035	-0.012237976993375968	0.10414726812005137
97	0.030853456095746024	-0.03786954636583713	0.10461836434010845
98	0.03828695730836355	0.034680536613020126	0.11485873066136908
99	0.0450420678435697	-0.004700709688539431	0.10172376735097767
100	0.030229744783147536	-0.01357318297604257	0.09155989981529987
101	0.0331400615315766	-0.004412782630239216	0.1047614824852292
102	0.034781835701387605	-0.01805539380351142	0.1272352827657126
103	0.04395170388755954	-0.022188196509140702	0.12733564670217007
104	0.036615665386169	0.019077033884901683	0.09994220969791832
105	0.04128891359470589	-0.009396985253170908	0.10155863456348044
106	0.02825165607539291	0.05221087615431656	0.05568292126431737
107	0.03215633444627502	0.016618140132740787	0.08511953627069235
108	0.050777791722138164	-0.0037978377200852996	0.10512607416830348
109	0.03682712768255794	-0.008989680718162174	0.09432809400289743
110	0.03247471355098049	0.024418623914658894	0.10411576801556792
111	0.02340604496287214	0.030539564686900344	0.09069571267192256
112	0.03732797183352823	0.0704756871553526	0.09150985076811397
113	0.035541036718284534	0.00457818440149548	0.0864290655087201
114	0.03637152056794281	0.004855598183098278	0.09217577026571153
115	0.043736856194812525	0.020965045748251556	0.09106316624490363
116	0.043440324929801474	0.008501875080783145	0.09177415177215754
117	0.027947599022110744	0.03283928892069617	0.08725962284253931
118	0.03436041239133731	-0.012273375790710377	0.09898749655480765
119	0.028531380171852087	-0.02570296612722226	0.0846920944493747
120	0.03765331133481217	-0.016569939692412747	0.10822395748565337
121	0.03679236433828736	0.011852549880348978	0.10326028499324305
122	0.028614936993077034	-0.024237012293500657	0.13874312926135488
123	0.03370767156700807	0.009000168788473959	0.09196486388352813
124	0.048425596179780026	0.004315450730374221	0.07107436327261399
125	0.038743747047820916	-0.0001242298858573489	0.079608615452123
126	0.03549933254106865	-0.01135570137934236	0.08236714989020527
127	0.03682734568533025	-0.023423866835285617	0.0825313072086565
128	0.04324365650984966	0.0017213252114422642	0.1278748242475493
129	0.03945569756259096	0.042888902205370436	0.07970108311320867
130	0.028585550563825595	-0.016237026706691943	0.09351170629118837
131	0.03333291712777644	-0.02459825584939408	0.10025349800484232
132	0.015664736126188086	0.0003025731270035347	0.08719553800787207
133	0.03664968870545046	0.014736879201366264	0.10160489216768157
134	0.03445223648933246	0.000568659198600996	0.0964433310755142
135	0.03533895264927547	0.007209554450582185	0.10909768044583047
136	0.025139848075368166	0.06778101145550934	0.07225284265230905
137	0.038333358940414425	0.0184839020784136	0.10643318282029071
138	0.024144279412517712	-0.0055219170469635965	0.07318489897677098
139	0.025389900820868932	-0.03350468075508082	0.08537580099480349
140	0.03935459602127208	0.014122807312228551	0.0954036030301806
141	0.03798358811485657	0.0019298644720680217	0.0895699804954457
142	0.04359038526678599	-0.011223942566304563	0.09994652365294114
143	0.029594171892051258	0.029200239816146622	0.10242995094483683
144	0.04239940653464055	0.007089687200598597	0.08129858117507939
145	0.030683557128207226	0.0006971735293725225	0.07466653388625283
146	0.04150215126433485	-0.0021149098740884807	0.1036416153750074
147	0.029534199350854395	0.004655820285966713	0.08336143879313693
148	0.024811109848537842	-0.019420140216760008	0.14170971983171932
149	0.04465647146627168	0.014678891733210285	0.1158785211081313
150	0.03141371080659473	0.02722855645628796	0.0758526227072844
151	0.032530521894101605	0.007052705031215321	0.12471189962012265
152	0.03894166270626254	-0.02611408610973919	0.08289461030444376
153	0.05373130168181789	-0.012225501175647415	0.10684154601378601
154	0.04402980070944857	0.03184728490568328	0.0948525063810479
155	0.0372570791539531	0.03657953736461527	0.08465725065470137
156	0.04150827242125815	0.01608789436466099	0.09794843811813823
157	0.026354574641946314	0.008215678192703316	0.06820251443389368
158	0.042141616359839595	-0.005858257403884878	0.10016502470263401
159	0.04034597538088571	-0.0287135317510381	0.11606790680106824
160	0.045190183977262086	0.004900698058029724	0.10574394770072215
161	0.047549061244924924	0.022760601252568048	0.10264718006308457
162	0.029109717950386194	-0.02229419242230909	0.10811254780554809
163	0.031535499408469246	0.04130049004050564	0.10650471546579983
164	0.033859173423291755	0.007466438607504331	0.09798842029336897
165	0.02380157459911537	-0.014849506702689834	0.08205934823347555
166	0.029115632012338258	0.020917339534400232	0.0669610833964573
167	0.037761005659773854	-0.010711070524369667	0.11747515027164074
168	0.03030587012969895	-0.010753904501517114	0.07445476639274065
169	0.03549566304013335	-0.007726805170452656	0.06355351319498004
170	0.041783722290943105	-0.04207420636975595	0.09637986815972674
171	0.039119969426891964	0.02541790212561694	0.08954013555019953
172	0.029409234902317692	0.017533461815528426	0.06339714573991408
173	0.033513371934318095	-0.004061500871049682	0.06772576052836304
174	0.039423801191008384	0.03037256290980444	0.1163189394661269
175	0.027968249117107543	-0.01039551399954187	0.08094850452153612
176	0.03674787699120211	-0.004564378987967724	0.10979499539618702
177	0.029989258148394444	-0.00399815629963586	0.09473103175868439
178	0.034769903540398654	-0.0057810818692460705	0.09234084104511012
179	0.04124894473148839	0.03360824608879155	0.08060719889075332
180	0.0520167917925901	-0.015556920939767162	0.12101210816932359
181	0.05685583626789941	0.01944926631626882	0.11964488669906438
182	0.03311686007281956	-0.02246055382914041	0.09303338122932299
183	0.02889751411216815	0.017869725709244864	0.06516603893762453
184	0.029932799895350137	0.04412815391773791	0.065134222677105
185	0.029231279741252378	0.007887214255303828	0.09277655617341946
186	0.03397669858234127	0.004871398123087843	0.07092953741022985
187	0.031114534416126167	0.00319739559538083	0.0695411684343694
188	0.03461326027975335	-0.015730769185257412	0.08071160552320526
189	0.0368172322311959	0.008715978404227342	0.10183094955470313
190	0.03524988643903795	-0.0012430388219550374	0.09518917719812722
191	0.04372818055893653	0.026745099514208892	0.09857167939932467
192	0.030311631764852062	-0.005991542672599517	0.0939397628977411
193	0.04131313968909511	-0.011340685923156409	0.11262870615262839
194	0.0369870424008333	-0.0034960673045592067	0.08094182304936168
195	0.04332400701779473	0.04172392344379083	0.09369064312863648
196	0.04450758786510743	0.006512023298622348	0.09992726414316365
197	0.03757904821592408	-0.010604947461095093	0.0777315169222084
198	0.0316041803054128	-0.020060762276226995	0.09422957509796676
199	0.03350505062438533	-0.02753573441800671	0.08562403529423465
200	0.043970927867328945	0.03579855201833462	0.0812931405734667
201	0.03586562802950779	0.007054271045785163	0.07900148962922253
202	0.047479121656722995	0.029903449380215108	0.08197959987776929
203	0.03383512709438841	0.004053640344815254	0.1240255194797036
204	0.034227228778309526	0.02094375413654427	0.09018804123157448
205	0.024077809804923012	0.06482663314684597	0.11596067995788964
206	0.04250121797508584	0.0019993959769236706	0.12378481574351996
207	0.03538717969217691	-0.012952088072567711	0.08250761318298541
208	0.03807747099255676	-0.009022218051193494	0.0974126256904245
209	0.03320761477817902	0.043968218636296824	0.07904834963927107
210	0.02601643483089658	0.0189785488901181	0.09308777074706022
211	0.023100732027399283	-0.009525747739231934	0.057409558806710094
212	0.037489388979285006	-0.04254603549995282	0.09329291729018002
213	0.043919750695033406	-0.034692274905015356	0.11569275397617791
214	0.03513288329801062	-0.0029729555080034685	0.10483129123900704
215	0.03421378839768556	0.006615655874859856	0.09361006178297028
216	0.03383646490414599	-0.0011088485679021547	0.07730055522966785
217	0.02891460833212942	0.006346731947074027	0.06648779459443008
218	0.035750908565297834	-0.030049865103529347	0.05970538439746589
219	0.034399058563735985	-0.00753059615376993	0.048477148902263116
220	0.04222495131992996	0.0034617125681835593	0.10418885693742426
221	0.030128064071523176	-0.005489037952367205	0.09019130109291143
222	0.03278165579926375	0.008401153039526233	0.10076475617577993
223	0.027074257525239554	-0.005174943821507115	0.07139942840121612
224	0.04245859987726955	0.039263079493198814	0.12682673683933599
225	0.043969717179065046	0.013154591145351552	0.09132270181944137
226	0.02951452824729199	-0.029955717356231877	0.08935331111460587
227	0.03657584580278049	-0.013605252483409911	0.1031231678473729
228	0.028421568202082022	0.018076011803632233	0.0799618802864006
229	0.03599686793796243	-0.004144442795533293	0.0707489255110381
230	0.02960995488663913	0.01753342292881313	0.11936661910722535
231	0.04135365913971763	0.017173277932178543	0.09964224901068476
232	0.031535898595261604	-0.006251236778824322	0.07824465659303784
233	0.03324984064938149	-0.02473371633556955	0.07028634134479064
234	0.023105768649961143	0.005876636877363016	0.08316422070019144
235	0.03288932437281123	-0.055079663603278	0.08736743231961419
236	0.034654210969571976	0.022369857817726234	0.09325022275327623
237	0.03261080729360501	0.022273849976331084	0.06780788743079985
238	0.028870447586864897	-0.007311775292106151	0.09664489502477992
239	0.047442572302738094	-0.020082231080526494	0.10131729816010554
240	0.02133117988139289	0.0397163346759598	0.06812726237666142
241	0.0407297328815748	0.012994183485999348	0.07583096320401389
242	0.04003593660443774	-0.02379582082519117	0.09707245937474608
243	0.031712039535027124	0.024981385987546123	0.10121082229324856
244	0.03722102179417762	-0.03352968482657403	0.06608838042586754
245	0.0277799932971742	0.02217067499806698	0.07991592883018067
246	0.041023731851490365	-0.00447441114750356	0.13505009293857545
247	0.0360723220175854	-0.00934995949875876	0.0979585252500604
248	0.03520114978130861	0.024426001072225038	0.09400256602509623
249	0.039764325369594025	0.004353258247880649	0.11407611964491156
250	0.03583154936890775	-0.0009794661595786053	0.10357894385085865
251	0.03272460623444937	0.04751938966267317	0.0684193006522682
252	0.04094932845480454	-0.029229656582653946	0.07267743859027107
253	0.03488783850497681	-0.012702920681750628	0.10970253276995078
254	0.03564065355614443	0.008139641458071667	0.09124191305203763
255	0.03641995882646414	0.009894041198074317	0.07475792081998606
256	0.039901396953394855	0.004747960873891523	0.0908188979709836
257	0.026165782011842876	-0.017349424731187713	0.07381479805605384
258	0.03126790240526517	-0.018227457865910485	0.08187322790463931
259	0.05017352272789884	-0.0321634853578562	0.11473680900363074
260	0.026485755679937037	-0.029986948613192357	0.06104938961085113
261	0.031585548110134164	0.026876246725299025	0.0693150411434419
262	0.0398624387021529	-0.0011861519191286593	0.1046452401462087
263	0.0419756561120715	0.004112860287764381	0.10925772874479055
264	0.03417252464636279	-0.015257483004092125	0.10200965678428876
265	0.03932787603911585	-0.029964367324240057	0.09263773169589215
266	0.035530845779177346	0.02952194848269078	0.0987200990579429
267	0.030709765044327215	0.012847515064540052	0.09478950614588837
268	0.037960579673923044	-0.0088014388785926	0.0708165682404548
269	0.03817491622565129	-0.01716914550932585	0.09635684774014755
270	0.0438260381488531	0.009739219088389438	0.11232283910416685
271	0.03771681483725171	0.004524958835344098	0.10415828507152133
272	0.04531516684756856	0.011654351478704849	0.07542175548456584
273	0.027326281661576357	0.015267855689151438	0.10213769164744062
274	0.0449078656985184	0.002548975332784756	0.11101049086186643
275	0.049102365283059425	0.0050467608893201305	0.08692956867102399
276	0.03230829667181476	0.0327354348907973	0.10079645506997911
277	0.025288926686755236	-0.00040959189035969586	0.10698234422017124
278	0.041543613331809344	-0.05966127034663129	0.07684456334541297
279	0.03655303138348861	0.0005223498839159953	0.07424972114506553
280	0.036806772179415394	0.009332308744819827	0.08685066700413127
281	0.048923236681276024	-0.023494108179268672	0.12006274852968016
282	0.03955599282884039	-0.004424127647952505	0.08357440372994007
283	0.033188243954256125	0.023531139775511745	0.089798877580279
284	0.03916867249752288	-0.028302635459809416	0.08155476611933285
285	0.030067778253325256	-0.0220200449587025	0.08534306511920157
286	0.04043027101996712	-0.0010439942808741444	0.07553205175687214
287	0.05429452001756027	-0.011652962053933647	0.08117353950939006
288	0.03648306274975285	-7.79005200753976e-05	0.07269141439194499
289	0.04113070792997356	-0.04749250524095252	0.10495830833068526
290	0.03370034745602547	-0.004260606670189417	0.08474022765692521
291	0.037356823482384775	-0.021958532406855566	0.08269928260246417
292	0.031499157264890276	0.008760382783439238	0.08826597119133346
293	0.03595226979642649	-0.014011356253589244	0.11153312932100051
294	0.04121598251543377	0.011821822474568344	0.1338834422081291
295	0.035503355373969425	-0.0019277530651515063	0.08939366680652672
296	0.03193699569084471	-0.01176370945881062	0.08397910265545334
297	0.024296410018453125	0.00602416340298946	0.06332675143725318
298	0.03202353744049067	0.021793233528975855	0.10148758218206785
299	0.039979843841125316	-0.0002979402353707709	0.10254251573150022
300	0.0365920869381094	0.010765669184991776	0.11450139631943505
301	0.0264020750892901	-0.03769924151788823	0.07245873120678575
302	0.03280308790853256	-0.03797953036110201	0.10168438669378807
303	0.02716144498429186	0.036250410740887286	0.05984761791476383
304	0.0313049399936879	-0.0014070017200813294	0.08529845537405406
305	0.03254940810031974	0.029007314834586673	0.06752733900485335
306	0.03979900998809739	-0.04880074107825212	0.08192748961568161
307	0.043199581929337406	0.002293452745610044	0.10467606638654112
308	0.03440242164889418	0.005526405077712785	0.10969053809945072
309	0.04523451810067833	0.012766499980278507	0.10863925464085114
310	0.04136369489503787	0.04085160485880029	0.06712174381448485
311	0.0315226858439508	0.026882253039334492	0.10720069537419276
312	0.027576412855605376	-0.013257827963557194	0.09378306076026888
313	0.03194463987948713	0.005646442891481591	0.0667161096881959
314	0.0291105221804365	-0.03224346521416368	0.09857569356845686
315	0.03471725871121155	0.02513344403195569	0.11170614976595748
316	0.04203474388930814	-0.0810525027796005	0.07536084723755532
317	0.04177699346271709	0.030370371954897266	0.08332224940836813
318	0.03621495328415261	-0.01833097954926656	0.08196907461950993
319	0.03125067524885156	0.024284713649896955	0.07917799455109815
320	0.022732805692151407	0.010367321625154505	0.03411061949910348
321	0.036393384884382776	-0.022725339695219116	0.07937619568682276
322	0.034819973332001805	0.0022072294764694713	0.107794733763932
323	0.0340467782084107	-0.0027717153643559925	0.08735622254669168
324	0.03810684370121533	-0.008017784775453164	0.09022493791651587
325	0.049923002020552526	0.008741072617750915	0.1059380354527464
326	0.03457906485455883	0.014043725970573235	0.0782574060164447
327	0.0482958160385171	0.009374940310582723	0.10017387511748986
328	0.03914865278355963	-0.009825589249711242	0.0926805665575811
329	0.040101612694698974	0.021866427244925022	0.09027179292233908
330	0.03079234109336043	-0.008783489180732195	0.07878671711770355
331	0.036437842120871894	8.188814901559975e-05	0.07253367404511744
332	0.035803194708554975	-0.0014435014082979692	0.08112200955249202
333	0.042973148669148586	-0.005114637715809073	0.11277491623749272
334	0.03977425166551002	0.007086997855740992	0.09505430735000676
335	0.02419129686632073	-0.02030913475298724	0.10518200192323483
336	0.03691809627309606	-0.008887103511069264	0.0690411798714602
337	0.026107208985809687	-0.02023461419629803	0.09803635956178015
338	0.028963802791308012	-0.010711581857058842	0.0868434054480258
339	0.027656504118338258	0.009152350236971786	0.09280313790795833
340	0.026938703106509008	-0.02577320258884505	0.06812470407916808
341	0.038852131200642466	0.028679982645310555	0.11272299192531118
342	0.03424442486843051	-0.03188055071076819	0.09408409536238475
343	0.03549793794041647	-0.021087636516756374	0.09597852862329381
344	0.04278466487622011	-0.026454349778544037	0.07862035832912273
345	0.05054421726727486	0.0020790939126759133	0.12102324324619901
346	0.029531545668919804	-0.01691302786485883	0.0746755214956669
347	0.042526954484610684	0.0029715553970415497	0.10290578608831712
348	0.04272492302075486	0.006901025898620048	0.09598123432052638
349	0.038560959973745465	-0.028175188731034542	0.08876798138541456
350	0.03167947699825277	-0.02053854192638017	0.08034392538448046
351	0.03137048266916006	0.04622647080534436	0.09279589245265962
352	0.04120461122363828	-0.08385958584862206	0.10825594545931466
353	0.023424916143028784	0.01476007412418885	0.07660239432269374
354	0.0355058563556316	0.005970634120595125	0.07514028836945223
355	0.04097161658974109	-0.007640686687562948	0.08874493559699165
356	0.03603687225041445	-0.03545523560595043	0.07822878645990693
357	0.03144154976280807	-0.01852699174706132	0.12522015637355557
358	0.032996301003195366	-0.06127709198676633	0.10942446361776471
359	0.044314097264549164	0.008354966018802375	0.10990554086454793
360	0.030023968751796085	0.01415257667628311	0.1100526974454917
361	0.036738030771617206	-0.021429123725040862	0.09332254698328535
362	0.026868179069473832	-0.04911121142500376	0.10295977182974145
363	0.03320874722698193	0.014138847296123741	0.07235027876384204
364	0.0356395621547853	0.0028706938594191813	0.10583213230404503
365	0.037677841264600345	0.0005097018319854834	0.10290755108236416
366	0.040690940660438185	0.008308549801670156	0.10034705946061803
367	0.0445000992315092	0.005683108610514027	0.10506472696453435
368	0.03296560095238903	-0.006565924799036574	0.08804634087250232
369	0.0290925199963942	-0.038239544834736086	0.100474839735703
370	0.03498629314902487	0.01750743852111228	0.0973362731292769
371	0.0448212268343891	-0.014212324317977356	0.08977200948942303
372	0.0328055111818209	0.028555465932434146	0.08876041670492447
373	0.03616019654979187	-0.00284289909084054	0.0938360213731735
374	0.03029241955991226	-0.022882172012643358	0.08200677819649521
375	0.04723597345023011	-0.04343741371805937	0.11649416319283694
376	0.02648035746123396	-0.030974942838466035	0.12405131747791426
377	0.03986093071351238	-0.009219095492497439	0.10549819503730275
378	0.04695704510611003	-0.04373965309534572	0.09824432814549924
379	0.033279195617417726	0.02710173654807025	0.1090584375067386
380	0.034075945909377466	0.01596894705375392	0.11277233657835942
381	0.03876335258957091	0.038059356895975886	0.08574391467373015
382	0.031536365576937946	0.005100960240337305	0.0906047642994173
383	0.032790277836258236	-0.045292634978723836	0.07809682625965844
384	0.04627098438981312	0.013830671161755804	0.11762371999011612
385	0.04527081811071355	0.02149073537399528	0.11856241723679667
386	0.025636704649443287	-0.006374521436961221	0.0732743537373716
387	0.04066148151662914	-0.0020122502859867726	0.11180212708063395
388	0.02703967411985891	-0.015271655900129922	0.10385130662311422
389	0.04088994295850339	-0.0021877607526283272	0.09342339652999039
390	0.034653664459056883	-0.023586142375011356	0.08805119490794626
391	0.028811938072592296	0.023690939001159553	0.10122528785029145
392	0.041127209006252656	-0.004170183763585407	0.09072627653654981
393	0.02398129913561016	-0.024775684998018452	0.09885813384434242
394	0.04333642081266723	0.001768533718246999	0.10233982523713372
395	0.039554919357947346	0.015697397638387733	0.10863454238307006
396	0.0382008375006786	0.01664655467631931	0.07597259801890394
397	0.039799277546788775	-0.025847840907274523	0.055188975090433696
398	0.034612073234730666	-0.022771630925894973	0.08390008779971936
399	0.03288126228191365	0.016453615187893126	0.10369768134211742
400	0.037996053725139124	0.00690027246327001	0.08098143807867327
401	0.03963631282970241	0.028220731780913017	0.09739735499259053
402	0.027471867291461352	-0.02539285475969489	0.06590409408352223
403	0.02701443528733265	0.0027411981017554277	0.10418722513882966
404	0.03304759430368538	0.0051693856925384115	0.1058306852688089
405	0.03945431141068508	0.029601035215508748	0.10483769728654321
406	0.0432479689515968	-0.010987552185396269	0.08993958586722683
407	0.036802695120842575	-0.028782070898091663	0.1193018873948331
408	0.03365113410142069	-0.002485717420854208	0.08072433524504809
409	0.04572258249235581	-0.011904072210182472	0.09345279708480006
410	0.033636906935444966	-0.018553512764330815	0.08441825876479538
411	0.04068670498019763	0.02379331783236738	0.10353729662454945
412	0.025033600250120767	-0.016952333628982744	0.09617645352037556
413	0.02409658138892401	-0.023776254419290217	0.07324369350026237
414	0.03500250888338792	0.015099650077460659	0.10325032662446038
415	0.03483119096579857	0.033121237932471334	0.08563735855007847
416	0.029698254796156294	0.037564065344038715	0.04782961893789493
417	0.05436323362817449	0.020574804804156927	0.10693546693869423
418	0.036999482921309584	0.026251565576802617	0.07729844731132827
419	0.030334122806514447	-0.024230216705264356	0.06870126024548423
420	0.029917919347177364	0.02702070250687396	0.10912521685401268
421	0.03500789165290665	0.04712311573247017	0.10358612813126816
422	0.029609670175614524	0.016220065720121184	0.07270663754451535
423	0.027981528795027216	-0.004434984559811649	0.08311674865014218
424	0.03624134955984376	-0.02965390970662197	0.08751361005079102
425	0.028120610963309162	0.02619570599450872	0.0914736989452987
426	0.03116022370163877	0.008454687825696708	0.05920164981541101
427	0.03742610352746352	0.03128582304821837	0.09221228788504414
428	0.03160763782563759	0.020387729257199675	0.10348516034199476
429	0.03175945838983295	0.041056861363584114	0.09599841869136704
430	0.017376117454994535	-0.012011538210307943	0.06234954571128884
431	0.049072076979841645	-0.025168400452154793	0.09958780801601529
432	0.03516485894545652	0.007635381188276357	0.07972856696797309
433	0.02920617367797044	-0.014759447221955642	0.09183397239935655
434	0.02981731164937639	0.004389296935431969	0.10128701494409639
435	0.03639074303038454	0.0025451263248105894	0.08213493171672985
436	0.0257384848925051	0.011613841376256895	0.08826128697933759
437	0.02672544162558902	-0.04130084992990723	0.0985154629610131
438	0.034528843801953396	-0.0010625512437837125	0.07918357989689198
439	0.04491724945440677	0.015224240139594065	0.10111419930551827
440	0.03353525342554019	0.0005144199233031407	0.1350257201737052
441	0.04618619867960388	0.009887742928355979	0.12765502568956918
442	0.041416215814969945	0.017077988559986768	0.08441811394906472
443	0.034389005233639	0.011236277556777077	0.09519495919481098
444	0.0416008572665673	0.02650207755632791	0.08042765400562035
445	0.015796572467634017	-0.018167537380075507	0.05694921715096795
446	0.03947685151431892	-0.0009568629831072655	0.07805966273411656
447	0.03678951057297146	-0.040054617633847156	0.08928869642658678
448	0.03260376302068901	-0.01164518575895494	0.08989184571658199
449	0.03370784173499508	0.009866127697136202	0.0735620864875713
450	0.03756058154134117	-0.0396137236328785	0.08065117332106779
451	0.03717468317019666	0.022568565393975906	0.0661110701274173
452	0.03235231015960749	0.022601371819484916	0.06248654888690462
453	0.031097110671154192	-0.040576412659299246	0.11169004282436933
454	0.028569295394482195	0.03673562358586623	0.0952645431500869
455	0.04745916728272107	0.022337073529324295	0.07512236776091552
456	0.0319931097743328	0.04009210483678726	0.08170050816793573
457	0.03502742224048069	-0.04203063913989166	0.08205657848851276
458	0.03925017497692483	0.0019868987884465593	0.08956775328569672
459	0.02424121173122109	0.018677716098375742	0.06401692757931196
460	0.038013602657298175	-0.013431929308804009	0.07911604784150925
461	0.0400154277328256	0.022562992670299774	0.08958835078298275
462	0.032576253169138945	0.012788135104444672	0.0849245267058039
463	0.04460198005520481	-0.017498311617290818	0.09665224862829301
464	0.038049928358164314	-0.0352425501105405	0.08892782548602694
465	0.04050711286691252	-0.01758130182586713	0.09586052795251065
466	0.0290169108264947	0.03509639242366564	0.06369467426939927
467	0.04639572462543713	-0.0007022813957761362	0.07118917801047035
468	0.04164878624546462	0.03565305695386069	0.09353588915376461
469	0.026746689595414343	-0.0011722622278397255	0.06782565200638341
470	0.035840308013061435	0.008206580946101563	0.0753282059656062
471	0.031748625738304295	0.016967044204186252	0.0736237641142494
472	0.02334524936017182	-0.015585620691785661	0.10076009802818732
473	0.03384595489730955	0.017778593382691957	0.11180174487596202
474	0.04515796685009486	0.009353021807334333	0.11423859756233806
475	0.02714298043673912	-0.017004103389448067	0.09690294814109733
476	0.03473541076870025	0.025979634703909904	0.09250640235531185
477	0.03438320512494299	0.0325708682510689	0.09801349462955276
478	0.031298481443240336	-0.014290551226590106	0.07112589553329904
479	0.03361402402925882	-0.02744954296488386	0.07671150808725213
480	0.041141985396544505	-0.021876981846122922	0.07901949715652883
481	0.025097291795762373	-0.03601753373295463	0.10054491705643186
482	0.034901167141566956	0.008149132278685864	0.07891788332788108
483	0.03422641423254783	0.021576507684119037	0.10537777645166661
484	0.027748230354155547	0.033286367854896255	0.10268605538185424
485	0.03465889449513597	0.024900525077458432	0.11481005649946859
486	0.035254556830868373	0.03918160386514347	0.06966098021645342
487	0.03615655364383456	0.00319130794191937	0.11084653276901109
488	0.03374555459509702	-0.035547488029695117	0.09812057007780438
489	0.0372273556105339	0.016708098157738712	0.07459749674231257
490	0.03640696605262561	-0.02563029108647347	0.12434128117868903
491	0.027939481249532775	-0.0002762800936835904	0.06054339965982353
492	0.044414611338849844	0.0469273279330705	0.1424333255045309
493	0.03278380535532591	-0.012688834497296173	0.07744758671983945
494	0.03180882095490698	0.0296571297352955	0.06708535544898185
495	0.029748633512753416	0.002754810769840148	0.08004398128908093
496	0.02789575465163677	-0.009089609105667846	0.06511863254802495
497	0.048614053626250216	-0.00289381775901013	0.08087867353668245
498	0.041253260675246255	-0.049218437468811986	0.08060853937861705
499	0.030949731308152987	-0.03345009592693577	0.08808455951418968
500	0.05315404023318923	0.013558886672944174	0.0960450699847736
501	0.030711823073984172	0.013702495554168425	0.09116132375184997
502	0.03154647542671042	-0.049108603016127544	0.10061197032091966
503	0.03909169431047632	-0.04024057450497134	0.12264924098941044
504	0.043104734244230454	-0.017516859442391505	0.13314981477614285
505	0.03925766641775423	0.043459973858655084	0.0779469817131149
506	0.041679079346181765	0.059553308134649076	0.08025695178426266
507	0.03290024502209299	-0.021646949404329593	0.0905677122237398
508	0.038236983637077566	-0.014911301255449623	0.10529470071594037
509	0.036799631378596986	0.009349699315441362	0.1291293266622429
510	0.04075983242081308	-0.005289770890898095	0.09989978727338428
511	0.03061497315389588	-0.007079394425654749	0.07352160559109752
512	0.031677323124693145	-0.005731687714938289	0.0884056603985456
513	0.03840525467402826	0.01652055318382576	0.07232577531723564
514	0.03191467143070086	-0.0006848171792806049	0.07922879820545815
515	0.029283226026547222	0.05373419055531229	0.08842407061702412
516	0.04983644751128833	-0.00949322234587006	0.10644561973126103
517	0.03540559161775033	0.02217790199080157	0.10129732527531797
518	0.03339874846122651	0.043800741095786556	0.07163868406787004
519	0.029613632491660276	-0.026236932579629706	0.04513966297591537
520	0.03768926551051369	0.02378168101135566	0.0780937971332991
521	0.03418565970230602	0.010663598172044405	0.12164147595885415
522	0.03546773237175456	0.0300442678173508	0.13084186741648804
523	0.03702872813844617	0.05461162459951339	0.10140302031159078
524	0.03429317792741723	0.0028636037151116627	0.08713557585847961
525	0.04172539190874361	-0.020675348197679737	0.1069982090522987
526	0.0397402511329603	0.02870271268011118	0.07656660192705894
527	0.0429038857940396	-0.05835077884714772	0.12306380918715076
528	0.056900887073599346	0.007146235876715179	0.09157183703857005
529	0.03001754949678204	-0.003823260252519868	0.09000534139495082
530	0.0393952208194021	-0.002206421460144094	0.07625643466584747
531	0.0334193080189217	0.008199498221820251	0.05060183596073654
532	0.04304977395137265	-0.03574142347771394	0.12719259727900176
533	0.04152798938042324	-0.013102196164392552	0.09591051930512412
534	0.03015618098131264	0.02639854463577876	0.10576422422657507
535	0.027690165382254033	-0.029616942835702723	0.07994855710831135
536	0.04080848774732906	0.05097756576301006	0.08737232949787609
537	0.039982128977930666	0.009188074769119871	0.10999011774903983
538	0.037154244257267856	0.012296530662126591	0.07204317694220076
539	0.036508590229517565	-0.015686126198084554	0.10480576510058531
540	0.025669326246346918	0.026714413085123824	0.09624795428638164
541	0.03488947853554316	0.005053704961340266	0.0866797989872493
542	0.028348806655142673	-0.02875322464635697	0.0738151281094586
543	0.04003059210253264	-0.002892953991451793	0.09494576873813883
544	0.02895074843534212	0.03741245356115205	0.09074974803358196
545	0.039514250275315174	-0.006061143102570419	0.09462372126558705
546	0.035475960456416065	0.016466962051418878	0.08347983530095865
547	0.03271121975960797	0.010068948470018994	0.08996109227108111
548	0.03971616898203762	-0.012122610655837186	0.07438914177717099
549	0.04509298252750426	-0.01810506676165811	0.08608093724815034
550	0.03157049641267919	-0.014656763434010144	0.11764849423634945
551	0.03821226089907142	-0.005977397243743207	0.09846449934439735
552	0.041027455432354656	-0.0033675590325334633	0.0811112576250055
553	0.03704782531818247	0.014284374989926015	0.08141105250717642
554	0.030462023315781822	-0.00021057939978861938	0.09493227702669635
555	0.030132031913513293	0.033550631115586434	0.08648340599491888
556	0.037772650683353705	-0.015198898600735963	0.09530200285253056
557	0.040482227110338	0.006427578102546201	0.1073264487128563
558	0.038167223237005	0.03423837271249597	0.08122712983174159
559	0.029335850318707044	0.0026178878065041262	0.0894269491347606
560	0.037985210635730106	-0.02650957689172317	0.12953670180366203
561	0.03338704253949837	0.003384375259839716	0.11254810465147591
562	0.027588674014799905	0.039066071305331636	0.07583974358445336
563	0.02820730915715785	-0.00993834986753551	0.08030768915389669
564	0.040681520074056406	0.010926402459014361	0.08407453237050005
565	0.03393645918212683	-0.011085228975987146	0.07028022984444833
566	0.028928381868592475	-0.01813358890917625	0.06305700679172109
567	0.037518239014411515	0.004755861331206038	0.09212405594537605
568	0.0367396265082494	-0.05057614297039577	0.10679097702456501
569	0.036487383135561866	0.017186182417811703	0.10432885235168794
570	0.04975397282091605	-0.011089619345740348	0.11446912997964864
571	0.026839736037920194	0.023789601580527543	0.05715250048681994
572	0.03193736892650012	0.011223662044273839	0.07788985933237012
573	0.03186373532336143	0.00011266988530787203	0.0882500171324062
574	0.027577554416651943	-0.03166511989689185	0.07895660334325237
575	0.04653419109255377	-0.01339015417478222	0.09331209949644105
576	0.0373353094255494	-0.023211069359998435	0.09465806464342744
577	0.03367553887187998	-0.00853759574536832	0.09583062668658052
578	0.03922449876977167	0.005632685465384213	0.083409458264217
579	0.02710481045892441	-0.007810837505761985	0.08048577655684633
580	0.03699834600679201	0.010813184565330427	0.09845974249045092
581	0.040235675970576305	0.026751967757158105	0.09394801245382303
582	0.032534831927134696	-0.019907041107572944	0.07850317485996812
583	0.04706898707586636	0.005768811709557966	0.10473186304305693
584	0.029020505870706648	-0.0001906963468156938	0.09156341198586739
585	0.031781743267000555	-0.025803213752007552	0.0869922839909124
586	0.03168707662907861	0.01893193348110006	0.08059573017542518
587	0.03224426631862628	-0.008733531471948826	0.05906383820869238
588	0.03205292809646104	-0.04784428176764606	0.06499734351595685
589	0.024668459319907257	-0.031194147921339795	0.11958076235849896
590	0.038985717779685264	-0.01055570733009512	0.12286803051104411
591	0.044532824829526946	-0.0017991648789604199	0.09740364685349649
592	0.032278882417160724	0.02477996153580124	0.07474671770888547
593	0.02447762379079372	0.034988342294678634	0.08272463359322957
594	0.03975856504995828	0.026568693448378734	0.09691620579960122
595	0.03328202329831425	0.0018617659005278938	0.08968523112624945
596	0.03509316134631345	-0.01885764402016416	0.10006096720182814
597	0.030083839972817127	0.026171910975803542	0.055790947811621326
598	0.024826516763066294	0.0009645522632802918	0.10431579288039997
599	0.048155009536415175	-0.01427738666921252	0.07222638354715469
600	0.027412714819529994	-0.012662832378798675	0.09651703677972416
601	0.037187210187466735	-0.014459947856930349	0.09291981341036017
602	0.03340465455591305	0.045177924494874254	0.09748156328793248
603	0.04143234206487227	0.03517828575265765	0.07367856734194836
604	0.03633593601021851	0.012071797674607398	0.0920236213078549
605	0.03490745235391254	-0.0047095575306685435	0.08190256274672494
606	0.0359855269972726	-0.010602603626764302	0.07625253338030333
607	0.038352815791197176	-0.022396598205709533	0.07692940885373403
608	0.03876168538182138	-0.012111931620573065	0.09923809079166668
609	0.052559615350701167	0.03523920371730348	0.08989008410004483
610	0.05082706877970807	0.019020219052586003	0.09799916750429209
611	0.03045070065996009	-0.014463163066883838	0.09665781123589064
612	0.03567322960741456	0.0010014298083770618	0.08499891664879348
613	0.029655702328325324	0.0342547549696292	0.10474203974784559
614	0.033668590359899796	0.043114432723859834	0.08734067705386166
615	0.04184551519249065	-0.01293777857117965	0.07684964073920336
616	0.04068471648259899	0.023360592235412262	0.08897565644037228
617	0.03897727101627287	0.009044879229134807	0.08847567476518242
618	0.05669096613892745	0.006419390473600088	0.10560736027875528
619	0.032464021199608735	0.0014877144410855572	0.10003793722992517
620	0.04268729522364853	0.008495472121322645	0.11018372347474358
621	0.030664494994818693	0.021779081858382236	0.0935945381972952
622	0.04305983770692893	-0.012092866027926594	0.0935003622834716
623	0.02525796804646038	-0.00391715884636647	0.05326885365331805
624	0.044260972196396436	0.019552895472816915	0.10999610027068708
625	0.03207446191820399	-4.913669492587833e-05	0.05881513032162804
626	0.034487788306573744	0.01245575124859403	0.11263158884625234
627	0.029389348932871918	-0.03230639688432166	0.07718189621616435
628	0.05939519451490148	0.0002073681442273385	0.09325195221418711
629	0.03870804382004293	-0.01477768327245834	0.06296507749112804
630	0.030921824403528142	-0.01729942128722283	0.1090143464382887
631	0.0312702762596388	0.001839434322307609	0.11213304502076887
632	0.026924148014342106	-0.02434507487127364	0.07991937377822651
633	0.030064943842820508	0.01046893420070198	0.11214660615974549
634	0.03496342606682794	-0.01811250614796898	0.09234889872350036
635	0.02570651125421875	0.0210265662100853	0.0635064928175602
636	0.033074964432463265	-0.03149042248297418	0.09581492552014303
637	0.0338993005301155	-0.018702262753095868	0.09533456331864362
638	0.047242829510671394	0.03920180565287695	0.08525658770090071
639	0.035399883854461967	0.009499567160654436	0.07991810283309218
640	0.035740889591354984	0.017483158229617452	0.09529372231294003
641	0.03629142603178972	0.033378230591600486	0.05001220824240167
642	0.03478466307524734	0.006097419029585542	0.09343608334492941
643	0.03855820963513147	0.0013635536475159354	0.09903913672022746
644	0.031695209818540765	0.000830492870098349	0.08031695430788684
645	0.03585290882412125	0.004680399142542258	0.06987723436050693
646	0.04176183950606654	-0.00852836063686134	0.07837956159307971
647	0.04120871918752451	0.02287922081464073	0.08197009249542224
648	0.03640700610677986	-0.019476703804167883	0.08288387393717649
649	0.03400805350749977	-0.005531653563035618	0.07879656477580187
650	0.04471787867683118	0.010107313327226204	0.10967802979156784
651	0.034388993594522785	-0.020963595907501572	0.09191376525770775
652	0.03004133407270874	0.009480148186665713	0.06729841961285767
653	0.034468975990358336	-0.016681324755416647	0.08497023570914644
654	0.04608634350576334	0.0036111254208477136	0.10638469482399687
655	0.03387507187685115	0.008918593790014875	0.10703570233156563
656	0.032877157561995864	-0.00992238671582394	0.09413899013399235
657	0.02655050884435107	-0.011135913816855835	0.09621966923004985
658	0.057273522614455834	-0.02114750636169489	0.10768577762962904
659	0.05940700705081499	-0.01318725396916127	0.10463384585196947
660	0.02793271800548099	0.04022348888671236	0.06799899581377063
661	0.04790567808909208	0.02013255014166161	0.10131429549629291
662	0.02673478077852126	0.009644266522409762	0.05364782030193644
663	0.03280983910768557	-0.07254349402496175	0.07612164486319035
664	0.046390922995829226	-0.006591823159682991	0.09767764924953616
665	0.03456596738285065	0.026143982738112324	0.09220320974771047
666	0.0319855198228354	0.0019882500306869725	0.08668439101098836
667	0.04518760326216688	-0.030374298699542467	0.08726103798241605
668	0.03044993242144781	-0.0032673948370281172	0.10957641761980016
669	0.037397063471582226	0.007826724124063485	0.10612097375604379
670	0.027996506803329355	0.01727586347986081	0.0776545238074527
671	0.027987677221874705	0.0012142150106273667	0.10668383730077319
672	0.050171362838928694	0.0006462987221528688	0.13262915627567667
673	0.018534843903107678	0.0008521246941168381	0.0915663043432998
674	0.0320046798723825	-0.043474385921723126	0.08944387531538328
675	0.05070756651453653	-0.03064535434880838	0.1203897711861934
676	0.0283702841421213	-0.004506678006079194	0.07854568069992868
677	0.046995353507651175	-0.02169204196590824	0.09183943562209718
678	0.03830697622696249	-0.021789009782784332	0.0782276786871762
679	0.021668362794641086	-0.024541649192879468	0.08996062106426289
680	0.04042400898742745	-0.005475966863352916	0.09090738202129293
681	0.04270411880326858	-0.02271486517968965	0.07859512678788887
682	0.030013654505414353	-0.02263285106648408	0.12227574892018793
683	0.04222434199890107	0.0028717859733356915	0.09749264798769466
684	0.029191849495165366	0.02075278583936674	0.11452387930424514
685	0.04368631435825457	-0.05348781294888653	0.11437487616766356
686	0.03283338071297773	-0.01227481243711685	0.0640899993871643
687	0.03561108607236312	-0.0260615464374995	0.09198248847881821
688	0.03604100760516277	0.02709889284256395	0.11418746911748816
689	0.03271201062489666	0.008596516408428945	0.04600410512760787
690	0.024545247147766982	0.04290514284786455	0.0978075731331454
691	0.026806763757164658	-0.06082345880409523	0.10545476208682703
692	0.03825415373517742	0.00046910114586515435	0.08523063068052868
693	0.040315433964727525	-0.01434890620675835	0.09842355947618546
694	0.043455825215539624	-0.0019442492613379909	0.0888871236496524
695	0.03246633618240826	0.053296909381529686	0.11217370269879184
696	0.04343994319091672	0.03164871519042193	0.13112364578631622
697	0.03471469059034784	-0.013827303596821926	0.06970088883866686
698	0.03363670459449323	0.025367811840111183	0.0948640170409716
699	0.02037209710624172	0.017746075908236	0.08260549661694119
700	0.040005155821846	-0.04013068444394589	0.10525566159861402
701	0.03913934174306794	-0.0018432118000349881	0.06087336090489359
702	0.03609422971127538	-0.012206427166934592	0.0778422395095288
703	0.030498490253109876	-0.010671220497901085	0.07105901536765154
704	0.032597988851989786	0.012050382463554707	0.13366785398852796
705	0.033057325312716455	0.0038024866379301496	0.06468253396141178
706	0.04166333029752448	-0.029061168240090945	0.07503702437975814
707	0.03730744114099333	0.005756047352392292	0.09630457501240246
708	0.03607548482210219	0.027449623676052727	0.10432971607436606
709	0.042117811738668305	-0.013896587482855837	0.07661965002314863
710	0.04024346862839582	0.011214687379820119	0.08199609316950071
711	0.04748110384137366	-0.005158316262985811	0.12862493549222756
712	0.025504823773951326	0.006766540464325365	0.08635412061413801
713	0.03396232788234379	0.032486729594294744	0.08860543512350588
714	0.034249023488728755	-0.02797495949500692	0.0910549266733955
715	0.03206866362371705	-0.0045216421014751	0.0737961838323616
716	0.02828465618256747	-0.0345636506513463	0.0906562924173154
717	0.026349978493706405	-0.03708958339585477	0.09639416010315094
718	0.03611033067109193	-0.015450093169969566	0.08977408629115395
719	0.02932852754391997	0.012016489659424631	0.13123850273911916
720	0.03320630250373198	-0.012808520862147676	0.10294203093955617
721	0.038734703804438844	-0.008788218361221916	0.10930775338455476
722	0.03788136165754439	-0.006731184087033935	0.13701430641895673
723	0.035723079757816606	-0.03221147684669688	0.09835616442242077
724	0.04773351605763083	0.0519912902915149	0.05748266626325879
725	0.035621070012898715	-0.01790199662269936	0.08090511383109548
726	0.04876067293514281	0.03590985615063395	0.09339139717017512
727	0.039602218777568796	-0.014130442619069957	0.10317214927629362
728	0.03881771897566142	0.011624418885769892	0.1089753616901355
729	0.03647651650731916	0.013675570831197352	0.09484594980353804
730	0.038842734446336596	-0.039570153098464074	0.09732590219138801
731	0.029050769515966923	-0.004519837746979072	0.08457577289422034
732	0.04071794610443131	-0.004159517794781222	0.1351798652984679
733	0.03617382264339333	-0.017436843466530422	0.09765793443031841
734	0.048297873568322366	0.048815570918814624	0.09729688785354995
735	0.025889581121073424	0.006324758217262477	0.07774909364697513
736	0.04950724264384914	0.029580911677568753	0.07509282647114453
737	0.04427478728582749	-0.003753677239572686	0.07284340008556618
738	0.04930565865671903	0.016732410082337737	0.0933097325545769
739	0.03441256882699831	-0.020432237445177415	0.11341710328454573
740	0.033420537254886334	0.012631536310480947	0.13945429501643833
741	0.04144560190252101	0.003044075451990667	0.09635894220493642
742	0.040946469954778575	-0.0062482918905388835	0.08816243599843239
743	0.050514330893128304	-0.0029999334712877863	0.1075917153872696
744	0.030324074756290002	-0.03582797175949607	0.08602106693145618
745	0.03773205109667026	0.001928488037325816	0.08773020562490295
746	0.038234124592112645	0.0038592741316084847	0.10666553441449579
747	0.03371219015508201	-0.012515808129683467	0.09039279606619464
748	0.044355760195385785	-0.02459388299209803	0.07922122083966653
749	0.03648595948361507	-0.011352512394062686	0.0961381106505199
750	0.04523874591085709	0.008735168485573456	0.08140751124964526
751	0.04801761330970965	0.008745059418952867	0.1238133397322798
752	0.04113652495770684	-0.026069723813777902	0.09887928345412568
753	0.025572345804944264	-0.025944196263889278	0.09477147145724943
754	0.037891573033457575	-0.008314838100292857	0.104797694688369
755	0.03510366892108526	-0.02282747174229841	0.1116188388463353
756	0.039411445083326606	-0.03402469180695862	0.0976029804409754
757	0.024766545587041187	-0.006035358682058443	0.06457314904156512
758	0.03204361155190459	0.0032271942635174905	0.06442911116029619
759	0.04273400853850081	-0.009488771290026128	0.10562042821590155
760	0.028262062700122444	0.006697916917271311	0.0785736439692003
761	0.025496880238179156	0.00047748442459857784	0.08401611751558494
762	0.02844771033032155	0.01837729423430678	0.11165411818422796
763	0.035589993948445066	-0.013978547128478052	0.08748912999560414
764	0.04289305131136551	-0.002969117629528825	0.10541760378720734
765	0.030109236561457007	-0.021664714582433336	0.08264924568488612
766	0.0395434609063868	0.020256845775763067	0.06998140146314272
767	0.033634432941038614	-0.015886635115099322	0.07986114272661868
768	0.046630524186259216	-0.029455454019798422	0.09242274743895355
769	0.020380331790144476	-0.05189275792412774	0.08466752355046339
770	0.042484715542396384	0.017466325529991597	0.0933618768708892
771	0.036485725893628355	-0.05307428207680264	0.09221084831101906
772	0.03157866781361733	0.022594973347518327	0.052210500246039605
773	0.02471023421171228	0.016533628995173553	0.11767430085293216
774	0.04693611242466269	0.005142563749664584	0.06689844548570953
775	0.04109857966884657	-0.03394371208963899	0.08672384310444715
776	0.04259844967920437	-0.008455055223739837	0.1262839703524963
777	0.03175323832840599	-0.0029110184343180945	0.0701820195154601
778	0.02852443097570072	-0.024404400482307822	0.09606328429483853
779	0.0467728073888807	-0.00031847861880543855	0.09704963113130224
780	0.03181173675596232	0.007961014659654904	0.12045691036415185
781	0.02937320437237184	0.016228944236385583	0.09228204693921001
782	0.03024700874358624	0.022541087193408624	0.12542349403369274
783	0.034184162170193495	-0.03113641190589846	0.07920946403769
784	0.03975635759163225	-0.008303267697027425	0.08643581896379642
785	0.033338884731432525	0.006025146749295584	0.11268299588632676
786	0.031571814946237876	0.014816015186577701	0.08338668288271785
787	0.029413741966386683	-0.003442034463955136	0.11214308150975688
788	0.03320204721704848	-0.012713233794035082	0.11253732541981311
789	0.03316710315020881	-0.017372655407191833	0.12149458862569364
790	0.032301417086888766	0.03869219173496988	0.07323634697998489
791	0.03789834789148759	0.0193465321913356	0.09243427873300085
792	0.044019123024687974	-0.036167014210660146	0.11037914031344977
793	0.037044267775981646	-0.037473160333160865	0.09592154391575422
794	0.03781466306269325	0.027008392679481394	0.07517618162119014
795	0.029463284977060383	0.005077954641503331	0.10531548047621551
796	0.03265820467149775	0.023252264261912285	0.08108177632119727
797	0.043873237457285004	-0.04692605256709427	0.1075915051341147
798	0.0277873486295496	0.033351000491958084	0.09532365574146008
799	0.025596926807915452	-0.03573697665263662	0.06132455485175414
800	0.027922515901925713	0.05287074930593793	0.09927145930999781
801	0.03601853776185868	0.014453875073270315	0.06972628584390239
802	0.03735928085813373	-0.04411799861874379	0.08215578344051797
803	0.03672787849478545	0.03632545155911745	0.06385448941546464
804	0.03550629880069684	0.0041269141996320485	0.10451376757557072
805	0.03787563080408996	0.013455119295439518	0.11806664685036977
806	0.037617121933898226	-0.008889669621314704	0.06521005031374812
807	0.0326362182525979	-0.05551969110895759	0.06751922337467045
808	0.04237292738576654	0.0018115105546517398	0.08907809202025818
809	0.033346470619284634	-0.013414030138442798	0.08363306787582338
810	0.03276752907417007	-0.015698264605357184	0.07503775605286328
811	0.04221268788360273	0.02522486072764426	0.11859773078609645
812	0.02714422960207266	-0.034373826890288436	0.08678736695914062
813	0.03321905171712399	-0.03640225667758463	0.09289480067105502
814	0.035529544494275804	-0.0009438343567542018	0.10424771794970818
815	0.032216399520337446	-0.03132874680356056	0.06789662181911328
816	0.041014719904867304	0.004915462730432761	0.1086899728989314
817	0.0347896735876891	-0.0018287806868706525	0.08812440154346374
818	0.04065135128264429	0.02713156770748185	0.07630665331146474
819	0.049395291348084	-0.002758333447089061	0.11991825307050007
820	0.03359135222354178	0.00040322215488745183	0.10743410111892086
821	0.04632674501650782	-0.02546325527778874	0.10437381672651812
822	0.03514786759170059	-0.045287299817260124	0.07951089217218262
823	0.03826755086286363	-0.007383486162297398	0.09358368600938824
824	0.027557002037349877	-0.005232998859970386	0.1078622919220377
825	0.04204574909831962	0.0016584632134718528	0.1442459958982751
826	0.026691772016579653	-0.004418758561001106	0.11000229954457603
827	0.030232033675147024	0.00322591964094896	0.07022881989599972
828	0.038924854064991916	0.00867584525777663	0.0897918344742624
829	0.04363105668601003	0.005457677176916122	0.09564440779038663
830	0.03268913434861247	-0.0614043262844977	0.09499542432272452
831	0.03625071052164818	0.021616802813891018	0.100537818490223
832	0.031116837976969108	0.0041932042487471885	0.12299782259598728
833	0.04101581840878088	0.00825130827047735	0.07075995824377668
834	0.042459712767983805	-0.02446124605762937	0.1105438355123377
835	0.04120359609341385	0.008131348690342242	0.08048022254925834
836	0.03993737744112638	-0.002211234178631125	0.10110005894614663
837	0.030930615376474558	0.011081045470455044	0.08148868491270314
838	0.03508051071914882	0.009286133162041646	0.10088262453806304
839	0.031058532519096967	0.030024362707532046	0.08692076034105639
840	0.055403596401234656	-0.007688278605787476	0.09588626395361449
841	0.03917902708542501	0.010454755735126546	0.09715832864059135
842	0.04556840225213354	0.019998903000593253	0.1411188344363067
843	0.022625681639623894	-0.015538293155130646	0.11237030111635117
844	0.029888207322722782	-0.03373787910540092	0.06454039891593531
845	0.04878542404194623	0.010023964774931572	0.11369353074855199
846	0.03247680214537081	0.00916082579384019	0.08397126857881622
847	0.02636632116078892	-0.011763082192545857	0.10959354572416187
848	0.03346105206257612	0.008582985943021308	0.09197347491441595
849	0.03915149319949477	0.013911815223059738	0.08444086498994119
850	0.03907016603529974	-0.01931722936958361	0.0803675728020877
851	0.02707738238212255	-0.010327950231048134	0.12169737763656832
852	0.02417685847750371	0.014686218583160734	0.09556481180610486
853	0.03691687412970036	0.01699850405410366	0.0891241953270314
854	0.04423707568548172	-0.04419921867481686	0.08859217156360615
855	0.04566267817869305	0.0011571316532209507	0.09102483494612704
856	0.03610433230507159	0.009106303569705973	0.09407649916804
857	0.028754228476065295	-0.03800320134715747	0.11138762987869932
858	0.044432827143222144	-0.015087403102460982	0.1115269370406418
859	0.034166300483034824	-0.026472040614953403	0.09429107534580816
860	0.03648976615291335	0.046835492307885605	0.0942971669647839
861	0.03654431382420342	-0.01783070573832326	0.0698467158717585
862	0.042559157325207146	-0.014218133529871968	0.07708235926681942
863	0.025161288609922273	-0.054672117079668923	0.09240478951099396
864	0.041580489104929445	-0.0021715415144982386	0.09572098715636798
865	0.036680369579281766	0.013039293339428847	0.10849728311559276
866	0.03137546371939619	0.014578186800675276	0.04230233284283453
867	0.032650592317448955	-0.016665107945469965	0.10576822545419194
868	0.04534532918932958	0.04032163015338236	0.07676928331031849
869	0.03892470122272981	0.035086510884781076	0.10428428518766926
870	0.04732372115969824	-0.006577198611643073	0.08767996237535303
871	0.036052341490447996	-0.04876636787858533	0.08941040030722751
872	0.03301758837242474	0.01985721498575659	0.12071351221861819
873	0.04327759389203714	-0.0018387542493442594	0.10030263759631301
874	0.03218054467041417	-0.008898247273311148	0.072862288982559
875	0.030253426828943924	-0.05148598035364926	0.09356377253408828
876	0.028022775751403852	-0.0031566100580377844	0.10433645148285903
877	0.03439331904235724	-0.025007702850649332	0.08214893047604074
878	0.04290638893743454	0.024488593105382237	0.05492900491498566
879	0.042732132014967956	-0.0051803892541720095	0.051292308468258156
880	0.04047809275586757	0.00685937199473054	0.0805428646264743
881	0.03581005196681075	0.018994445442586477	0.09233553828052779
882	0.039367423081763296	0.010986917859926086	0.10152908370317398
883	0.030700003607785586	-0.003484923260167157	0.07016432297789067
884	0.034522147322701174	-0.018372333213018354	0.12392846537491972
885	0.027619426720212493	-0.00874564346951943	0.09948340811080342
886	0.0225787359823338	-0.02097988063779229	0.09756273842742114
887	0.049472514870859845	-0.01964441853100093	0.11981097388691665
888	0.03271980513991971	0.00729558503126276	0.1303514023022034
889	0.029375534048630234	0.018693806508280418	0.10718260262883253
890	0.03601327379622595	0.0010400647219451899	0.10168360679059531
891	0.04391590665150947	-0.024363478266344673	0.09927864080899015
892	0.03665118463975673	0.00648291299773274	0.08146146213787701
893	0.028928408446534635	-0.051885931387878156	0.11163338532622691
894	0.03472580500087041	-0.029040689911943307	0.09159559881846434
895	0.02839697854043116	0.013775121843901613	0.06909140919401308
896	0.03170810264358281	-0.028286231378485807	0.10175916507204977
897	0.03616814995172327	0.013849699926627728	0.09743994605479707
898	0.03618530017160901	-0.03390606510958161	0.11076364882974443
899	0.028611533881947388	-0.053173539435937306	0.09490611266561345
900	0.0412574421759812	-0.030408013442800245	0.11076852023762447
901	0.030622198242344197	0.04087321528093586	0.0897526956754898
902	0.03258785350157996	-0.003932229021848237	0.0840999073171891
903	0.03246398881894461	-0.018656677780705278	0.08196578459617195
904	0.027739391250299013	-0.011280559311555086	0.1324052296078221
905	0.035307300587614394	-0.014072699052655803	0.10252846444132864
906	0.036572114569365155	0.01764953585206403	0.1315434531765691
907	0.03438087943726136	0.0005262863154910595	0.0718907897726175
908	0.041876358943475626	0.06792284061923638	0.09166681414990577
909	0.03664759411421945	0.032068086559997516	0.07380768003527867
910	0.0340380645310114	0.0012794898899739467	0.08646749122436609
911	0.038421987400677864	-0.006034973277247048	0.08867827996264963
912	0.03969998174582775	0.025557203427210098	0.0861888866780292
913	0.0334977953794909	-0.009510480769013922	0.09692943413866904
914	0.0351841051739072	-0.02951465512313212	0.08934825364376504
915	0.03862344486350654	0.006416695434988189	0.07383097027003617
916	0.03476838214701466	-0.010049799193792563	0.09117694561932414
917	0.042715596621510324	0.018609470555554748	0.07871353269605523
918	0.0288144336128767	-0.008118829548038305	0.10152330048885111
919	0.02709185555092749	0.006859572260744512	0.0727387188889104
920	0.05305536429846493	-0.004665921963914698	0.08129691442087965
921	0.03177792291798987	-0.04891790336082525	0.11321101160881915
922	0.033815379536767436	-0.027372011484574726	0.06825428997382053
923	0.028952891986168117	0.027182706653182863	0.0948413442843417
924	0.03268564014618729	0.03748254481249668	0.11712552439013246
925	0.03806961049332473	0.0051198104003262225	0.11727825924168471
926	0.02734179086247866	-0.030486370518238895	0.09095245955655057
927	0.02698042480815619	0.011903496800661615	0.11863662935581842
928	0.022784334190443168	0.027034226767421756	0.08201228485820496
929	0.031175549016259064	0.0006275087431812791	0.07044476623596523
930	0.03654861714237699	-0.001959299462429099	0.10048874997360695
931	0.023835869120571788	0.009627284787134252	0.0919451610072363
932	0.04234499146036744	-0.02119872902079569	0.09035856974092547
933	0.03660324667685537	0.009577662772620179	0.0868574205296697
934	0.029653828117654272	0.014377933988697529	0.10861410302381859
935	0.04021169829142441	-0.01862117482664447	0.09474598970879523
936	0.029082533914394283	0.02797661878875259	0.0786240433806679
937	0.05064399692478193	-0.014761297584798659	0.0909215512741415
938	0.03707208912597745	0.01898348045146385	0.06653835338060492
939	0.049349368933156494	-0.009951916371227007	0.11761002194226607
940	0.031749596825066666	-0.0351849227256846	0.08737168671393825
941	0.03394650110876351	-0.013375021706401867	0.1069542438713847
942	0.03347403796310186	0.009081694033738763	0.09568275978142349
943	0.03288078400059994	0.002956849552190545	0.10204846217811328
944	0.039276665593948754	-0.019530041389735242	0.07429647483515536
945	0.029327900317534596	-0.03549435206089153	0.09968588699460004
946	0.0405128031673236	-0.01294742294397115	0.09004938451388511
947	0.0288657452665472	-0.015982183720703955	0.07542061340373266
948	0.03802963756688455	0.03515031105807804	0.09794154885487494
949	0.03447166473189703	-0.01898743831597904	0.07985401960055484
950	0.038318575524808655	-0.049966167658256046	0.06082883078520114
951	0.04389863537564446	0.02936508485301247	0.113043100160776
952	0.04051713300008659	-0.004142003259905888	0.0910609310754851
953	0.02164049838443246	-0.0249134948594379	0.06969229425728363
954	0.03317462924740184	-0.0026488781398734704	0.07534802665611233
955	0.04448839934494009	0.019075677373824377	0.12318890663833246
956	0.031159562076838995	0.006660999039021225	0.10747454749635618
957	0.043079196608575385	-0.012024428591897307	0.093754438714424
958	0.04992565363482651	-0.012484546218414688	0.11440664357753752
959	0.03830122074544241	0.02718871823014085	0.11134966471570207
960	0.035994310136954775	0.034221471379463825	0.08963975581586003
961	0.033816243445730323	0.05061598187489051	0.09056368800068879
962	0.030628990693245546	0.010286044971865641	0.13359480537478083
963	0.029736115471038556	0.017210850919593762	0.09038700924287897
964	0.0331315481897309	-0.01979232700974933	0.09973270858169728
965	0.03692660643482001	0.01112362081791333	0.0754539980534311
966	0.03725995279580791	0.015433663958902624	0.085804749230849
967	0.035933964025030726	-0.02439434649116957	0.06296831188693616
968	0.04574840761114288	-0.003656702064209661	0.054808457680317155
969	0.02837771316931397	0.015450032909965872	0.057562739958433244
970	0.03707014790084384	-0.018287882156285736	0.07423473021371675
971	0.0299588826491093	-0.005850421806638358	0.0744106874865555
972	0.0289583244890263	0.008090442407219862	0.0922619663929815
973	0.028930479925303235	0.020314225813830605	0.09996894690503484
974	0.03169309635205989	-0.03014621899506655	0.08486034365101289
975	0.0345342662113393	-0.00489606523568578	0.09487325959941391
976	0.0377665992478231	-0.001514882284371113	0.12073291095423005
977	0.031239070528366362	-0.00011580756366786335	0.09955629998663142
978	0.030808016985547866	0.009015584659977437	0.07134288058472911
979	0.02906989352439166	0.0073778336503229226	0.0901362034667319
980	0.03174229764468487	0.022600519493352816	0.08646324709653845
981	0.03781065828901157	-0.039965728231922175	0.0760558566668564
982	0.043278619025213745	0.031891036942191156	0.07634014582615642
983	0.03873064674813209	0.013455363267250728	0.10193401902717361
984	0.02976058953589186	-0.017425135056119374	0.0860810190318371
985	0.028198922661078728	-0.0354694009922647	0.07001047370127633
986	0.05645845548306317	0.021171885346032877	0.10764979489552516
987	0.02529913969040119	-0.04187440850895975	0.09835044882847448
988	0.02920497264767835	-0.01859838047989	0.05085467150632103
989	0.03492777693351358	-0.008043896274338108	0.10088299686549874
990	0.03524287502892662	0.026848749818340855	0.08798440015141416
991	0.03081186307397568	-0.010792202264111471	0.057931919589128536
992	0.04443410923505118	0.001582438867155013	0.1019796016870935
993	0.02324219899498163	0.006926858492406974	0.06936539828519354
994	0.0465273621901824	-0.02401141233207138	0.097468808021333
995	0.05128908144074355	-0.023039841766583535	0.09283338437248463
996	0.04414543846913393	-0.053497357332187495	0.0890644398137409
997	0.0406852133756083	0.0639554355836263	0.10324495335514777
998	0.02823546512357216	0.004191369276879613	0.08672478747056547
999	0.0344552117842271	-0.020936539873114186	0.07422882852512959
