	vector	angle	mag
0	0.03196480653048694	0.0865602995481889	0.14523908465883145
1	0.044970439811728616	0.10063570158856358	0.15227516963305576
2	0.03978513458783748	0.07513670682463239	0.16715019104526593
3	0.03625810067596206	0.08531140537835741	0.15260991200084523
4	0.04334277687340823	0.08724547394014685	0.16520333783358757
5	0.04418300854574255	0.08012692181600023	0.14578882373287264
6	0.049300875421947915	0.054702507672831496	0.14233343283562067
7	0.03704111956517265	0.09485075951318983	0.13970429184003255
8	0.036914537114110586	0.07861040869810022	0.1545518360844717
9	0.053419136777356144	0.07230429667286051	0.1645496475952941
10	0.06827032428456227	0.10444818491577691	0.18371214309688094
11	0.047815077959460224	0.07258072295198775	0.15414618115765008
12	0.032316581826654034	0.1175309437420482	0.13871190741641004
13	0.035386236054598896	0.09746163143083494	0.15142793710950334
14	0.04605775641065299	0.09567431305433619	0.15020999680908714
15	0.0390942431123072	0.09263694624882222	0.1536310746639948
16	0.03211788105965641	0.10230377238720739	0.16552202593404
17	0.05814543629146613	0.07865463053087088	0.15795568563155632
18	0.040071352321613345	0.039517522373995896	0.17655405115616854
19	0.045309489945746524	0.09576088208777557	0.15353258408578244
20	0.05061866474538515	0.0862034828520012	0.1465085039531369
21	0.04905552424929972	0.0947799496802324	0.1424292464622563
22	0.03536108243266112	0.14014732777474428	0.15034630940491717
23	0.0469400514289986	0.10278156903993574	0.15141343202927665
24	0.044595739745122244	0.0861434463351185	0.15107821755673073
25	0.04433959362965974	0.07188358731622035	0.15247681469864693
26	0.03730755457615822	0.062313680362782946	0.12461835795375094
27	0.03791055723948311	0.09789074937960907	0.16877847340468113
28	0.04221579870442185	0.09069988483629088	0.16907585053929158
29	0.045478741659839075	0.09473138910028735	0.16420485248079572
30	0.04047250905019287	0.08800482283052354	0.14573891897922578
31	0.041700137173147245	0.08823145894697669	0.1324643425944679
32	0.03155126106820169	0.08317665760380542	0.16066915459049694
33	0.03912560130502325	0.07576419095771987	0.16705879047983102
34	0.057753303257410085	0.07471719675476585	0.13680991839490447
35	0.04602128446207272	0.057573940705489074	0.14339045945735052
36	0.028653731567770555	0.08701595200416233	0.13991139916180556
37	0.04998571418222279	0.06127350689534654	0.16693580493623444
38	0.043626376793035306	0.10476944328162616	0.1627916769977536
39	0.038816686393465374	0.0638241040718011	0.1327701554224536
40	0.033517417507998665	0.1109108876256504	0.15274247323027543
41	0.04636726570892817	0.08313467099867027	0.16445329963596517
42	0.04451474450962748	0.08472029785196902	0.1638342281229495
43	0.04070609399689616	0.10803151163248804	0.16639837676448233
44	0.038177871167449084	0.050838472931754704	0.14213656800461166
45	0.03990482681865005	0.09079421842566376	0.15145557494585513
46	0.03648917983488943	0.1039971480847697	0.151812576882094
47	0.03338233028363945	0.08334690752672665	0.13616890392454337
48	0.03237729447627051	0.11244893054091273	0.15050374150653653
49	0.04267666808216779	0.09139473333989633	0.15432412748651156
50	0.04212045932078517	0.10606801919947222	0.16509332199997093
51	0.0358207058421018	0.12029013403602729	0.15542799506747113
52	0.042254601176174154	0.07909827551662706	0.15639029356743392
53	0.041784498126624985	0.10411851653210476	0.16440456173856083
54	0.03534210642093813	0.11392622770569458	0.14466680750709593
55	0.039661621440666345	0.0925682907339026	0.16352871107850417
56	0.037371794700741395	0.07902097102627588	0.14378279620265205
57	0.04032337371130727	0.08389997155101779	0.15493608330739952
58	0.05094637235946877	0.08507587894158342	0.17289904559872782
59	0.04200418228662111	0.07697272418174733	0.13941658964049822
60	0.045373511514301516	0.09575823217121839	0.15216832478527959
61	0.045537751332491806	0.08425314325520636	0.1543573300950851
62	0.027709968833907462	0.08236281894657667	0.15722963806551457
63	0.04764159377231451	0.1167979237374603	0.16408150245562425
64	0.04292560987429593	0.09127338797679367	0.15722875940450656
65	0.04956146126336072	0.0758723411485589	0.1611702787594258
66	0.04604950440106282	0.08970706071943343	0.15719757584068317
67	0.03203552604968429	0.04821791208589546	0.14130881467956313
68	0.03887636271763572	0.08518000598205651	0.1656270246893893
69	0.03796099753027425	0.06902760095231061	0.15078382961944276
70	0.047798934027490955	0.07800770215031548	0.1546147005223967
71	0.05610783091179769	0.0861686968754564	0.15828139265174002
72	0.037443489984280785	0.07213264964497043	0.16058414985636074
73	0.05288790830995177	0.08007011556488136	0.16181916756227138
74	0.04463517802055899	0.0742582715048043	0.1654247350934632
75	0.045899334458353105	0.07220611250613981	0.16225431674656554
76	0.03678699354945386	0.08454291223047913	0.1568921155103749
77	0.044306744468400355	0.09687535737000671	0.16250716509484703
78	0.036910872208895856	0.09951218491907726	0.16442481132631662
79	0.05560200541489044	0.06747662304252595	0.16737139994132832
80	0.04879416523741718	0.09887875943129953	0.15992122133419964
81	0.04524379652773139	0.0925281968222441	0.1630879882804565
82	0.04867113354025369	0.07791796176983355	0.15234935710379832
83	0.055719540705957096	0.08885542650736188	0.1606129633301175
84	0.05297794545292452	0.09514692183000875	0.16183818740018632
85	0.0362565279308988	0.07503377657604504	0.16707474247732282
86	0.052192276846142784	0.0848458777604686	0.16995181826873448
87	0.04291691585454548	0.03923515144924677	0.15601847054985635
88	0.044963820306929705	0.11419807158355347	0.15708306764871244
89	0.04551028810617442	0.09536898477256141	0.16587511899224294
90	0.04201876948571644	0.08089540458638907	0.1571529266743776
91	0.045755325403240385	0.08015010153159155	0.156074347788606
92	0.04113209869600356	0.09599239751344517	0.1408727659421317
93	0.05723659772880902	0.09022773675315524	0.16242520580815356
94	0.03439053799260256	0.10100371489882091	0.14497587369536374
95	0.044497239792336586	0.06945110035116268	0.16293745731499606
96	0.03398492474896304	0.06807969312841383	0.14803525900479575
97	0.04655721531687892	0.06319989246485913	0.16964698481952425
98	0.04184625665544161	0.07875613121921901	0.16237917122112425
99	0.036430919938141196	0.1274795432020159	0.16293099427507618
100	0.043875845802593016	0.13004590302900215	0.13921618134236
101	0.03484412213451884	0.0811167844647668	0.14462513553622913
102	0.03568644055468838	0.07556312099774928	0.1594446178727841
103	0.038730021894584396	0.0622288355794889	0.12423767974467141
104	0.03750344450558534	0.06263161290162587	0.14639290372551633
105	0.036948936212083505	0.07882991449515073	0.12757176709452786
106	0.03916743323274197	0.0902853146658585	0.1519672124558268
107	0.02929038078984389	0.0463842440843254	0.15721898509121934
108	0.048131512223782896	0.0838998465341794	0.1377790038373687
109	0.046427228756165895	0.07576034788642637	0.14450978004977652
110	0.05619331626396808	0.11063324040768333	0.17566490189868686
111	0.05609843482137284	0.0669963369629053	0.14617580411347159
112	0.04336862066964599	0.10597417111182075	0.14079488908500126
113	0.04388930498679243	0.07864450706654082	0.18000817967940771
114	0.03683497921053309	0.08173513867594516	0.1471995664333131
115	0.053889575175771365	0.07403398058857674	0.1686727607228868
116	0.05354367486441926	0.10918951804525183	0.13703629261428144
117	0.0365777616182918	0.10316896973663842	0.16662541122736313
118	0.04077397925802824	0.0793113011608509	0.15351674969877807
119	0.05587115972887382	0.08985917345115976	0.16846742689206495
120	0.03490203069978428	0.06628890657976397	0.16332368704609923
121	0.04251841706958754	0.10931165454328735	0.1440877154699097
122	0.03839050370400561	0.07295463900439739	0.13591239521280674
123	0.036179088389098724	0.08960033993262541	0.16105230781625626
124	0.04492824493692392	0.07641181560699271	0.15983702501731484
125	0.04670174724059724	0.07348096862661756	0.16174192490712733
126	0.04550832897543789	0.10262648186991186	0.14755757525357352
127	0.031729303332415665	0.09685061942299825	0.16838426397698295
128	0.04750624751722315	0.09745449489298819	0.15022036183718496
129	0.054780442566338884	0.046495096533119916	0.15936321998626618
130	0.04806729262893737	0.05860925626555408	0.15052680151701994
131	0.042585542424948775	0.06848875574393541	0.15114206015467588
132	0.0346499625269895	0.11518944798946504	0.14167088929926694
133	0.03369300160453334	0.10176965872212998	0.13945809115889143
134	0.04097746152133979	0.12793560210974614	0.15819872837872984
135	0.03141613479572599	0.06813966044652986	0.16659981978236735
136	0.03538527758870543	0.07322870591098285	0.13907115795094846
137	0.037360613628953786	0.05998303151975018	0.140557539429347
138	0.05266605708221764	0.10159967477914655	0.1446444053899012
139	0.03504855357257097	0.0905940078211813	0.16576304901011668
140	0.04418732145825446	0.09690613654879308	0.1329909099552791
141	0.04276321615352735	0.06790657001130923	0.15175130640633275
142	0.04640040779561224	0.07378291365754591	0.15178403050738387
143	0.04843084704341596	0.08882906754370203	0.1306233005525956
144	0.03230251826908671	0.07718604517060498	0.13551003463490294
145	0.03401680499733372	0.10032199124884048	0.14641539106234797
146	0.04336668782658671	0.07820477956187971	0.1533699673305743
147	0.03505597903154235	0.09001565678336816	0.15724042263352536
148	0.044075100040745385	0.08142264880810557	0.16149474105826608
149	0.049797557739537236	0.08892270766720708	0.16469004105016932
150	0.03620387935719711	0.08014086873228567	0.14833154997676978
151	0.046505428765146954	0.05727879399469349	0.16621690818197257
152	0.04081645919559494	0.0920201242880684	0.13954059954824083
153	0.03478621328140977	0.08365109673590795	0.1464102427048772
154	0.029192908210961255	0.09201955092637493	0.13924737799375
155	0.049132679040809486	0.10692354967062175	0.159245083767238
156	0.04102408142114096	0.09820483435460879	0.14931085766760144
157	0.0278714871735758	0.07423002461765324	0.14801513684109036
158	0.049313081003053	0.10913466937953276	0.14858078896111693
159	0.0554766781282472	0.1031910930854269	0.15447569702272795
160	0.04554316902120675	0.09794633732956924	0.1404328965062615
161	0.040407657668125194	0.11043467819029136	0.16774169222405938
162	0.03595820399928797	0.08364555617584965	0.14755645509686824
163	0.03266510993630189	0.06635290118515827	0.1332456292898887
164	0.038511249580746504	0.05766239158805496	0.16471099251595997
165	0.03730199903019448	0.11597323742299698	0.14800901610499662
166	0.0442964955443939	0.06444384479843901	0.15719534283151246
167	0.05132539434586439	0.08281337088556195	0.15649529904713774
168	0.05505448264731788	0.10845872375349148	0.17680772942970435
169	0.04054181247502762	0.07417320103802873	0.17647635978804313
170	0.03836298438643851	0.08893145238641095	0.16215676695598902
171	0.04536116304872993	0.11080878381781242	0.1524371524041663
172	0.04558914660561598	0.06891855277230459	0.17031929829587783
173	0.040135847462047666	0.09947689808735703	0.15018944021374447
174	0.03908555099689879	0.07705788981960261	0.15026002689037954
175	0.03904602923718745	0.09930617210056814	0.1588690208719215
176	0.03594372115573355	0.08928733430027204	0.16206611794691975
177	0.03784228059734217	0.09160768270704686	0.1533760777574356
178	0.03238317346935766	0.05962629054810986	0.14302178277589267
179	0.044320274297436665	0.10296065280408845	0.14302629004315146
180	0.03985518823069484	0.07683953895179613	0.17753422832173343
181	0.04847738027626013	0.06156954247680562	0.14410983045654038
182	0.03940779674938053	0.07560500753305618	0.15484899522213874
183	0.03921583300635946	0.07948463381158771	0.1452966446342105
184	0.053727489426269065	0.08933013990017477	0.15154592742615194
185	0.03868073688992326	0.0783476394724198	0.15305096523404768
186	0.03871121059689178	0.07676054523141115	0.16005977713063382
187	0.0450110453123647	0.09141785903152144	0.17962514192971898
188	0.03247861955901019	0.07321109329168445	0.13598913371862192
189	0.05521755686688062	0.0942584175114645	0.14867264576747824
190	0.04096746540595635	0.09959463940389324	0.15508969005111628
191	0.05372167370900265	0.08362607804186455	0.1547721719228515
192	0.054858563524293615	0.0659892088785801	0.1632127639036364
193	0.05209815759262384	0.08584568535053749	0.1616921404160649
194	0.048367688453398776	0.12593318035858056	0.15178189705875517
195	0.04189386492817161	0.1141277136434872	0.14398091486681272
196	0.03991091767567989	0.10823685304666587	0.1672319512367961
197	0.04777610821993826	0.0964976273344877	0.1573382720081205
198	0.035271803203610244	0.07485841912294512	0.13583682141625597
199	0.032606318687341276	0.07983962220716947	0.15199187552768856
200	0.027211557751954767	0.07642168536163167	0.1419117709741082
201	0.04221095696506333	0.10309881440116668	0.14800236927197247
202	0.04210101885585807	0.10794904678419072	0.14321605062666265
203	0.04571497413950869	0.12507644212106836	0.1654515767819316
204	0.04267557410927152	0.07883268462707536	0.15509500999982975
205	0.042325796598796865	0.10129010352518523	0.15935317172033012
206	0.04122939087411907	0.12003259485326762	0.1619643126763897
207	0.029755458492728596	0.0785152722477006	0.14760762401610647
208	0.049582624591657166	0.10335040323911003	0.1813795002353923
209	0.057219894765812435	0.09358821036324921	0.15767280283693536
210	0.037254463242235025	0.07479902847031494	0.13656174578863736
211	0.04027320678724444	0.0893908252941164	0.1513397990640983
212	0.038655413885736525	0.06327028368255441	0.14226478841406062
213	0.0497002623813757	0.08295023504544478	0.16286597545118436
214	0.04782767477902814	0.10689170557093533	0.1745826570282992
215	0.047081318982371126	0.06963559453205667	0.18723749035661622
216	0.04067843502982859	0.08919695903324006	0.13360561938522642
217	0.03223152645081821	0.11526172459727616	0.16850545071730666
218	0.034602778263112456	0.11083195851470642	0.1491795553103894
219	0.045287387455657996	0.11452599798868177	0.14346050813515782
220	0.028783822102035346	0.12182273757400272	0.14942027046108045
221	0.038451296437151575	0.12430402905233469	0.1612659343117223
222	0.04189509556348664	0.09057666718426363	0.1603824134267089
223	0.048915486636004056	0.11044629958055495	0.16445598465618333
224	0.04125160074956214	0.10621187717089987	0.16352395844007794
225	0.04613821778317349	0.1039849582678344	0.14069213026346059
226	0.025349846343625547	0.05346894255275546	0.1821964875624208
227	0.033341825927832774	0.0676407805014536	0.1527503276605836
228	0.04347703920502398	0.043795700296923576	0.15200412197206403
229	0.04776712277179301	0.09295481563655	0.14084087168077866
230	0.05470063348948195	0.061196457019001234	0.1585975695232537
231	0.04161887412836411	0.09964199987882327	0.13622500818101552
232	0.04312487057243885	0.08725802235743267	0.14739777861589878
233	0.050964904980663694	0.07630894401603941	0.14220813774911564
234	0.028804472843042685	0.11758077835520564	0.13063358026008598
235	0.03296798927283394	0.08285205571155595	0.15686808938424215
236	0.03857392765250603	0.10930221218615879	0.15866857428503214
237	0.0314467689782387	0.07155417212917001	0.15141082455336122
238	0.04260720591926223	0.10133132292848221	0.14970849074381773
239	0.044015684634199546	0.07779204333373681	0.17345485242271205
240	0.03956965449558301	0.11364275513990212	0.15654475074018193
241	0.046647095522249694	0.07623257025817178	0.13750140628818353
242	0.030948487856566974	0.06927403486513665	0.16031190238002788
243	0.051827061701780246	0.07940329140670521	0.15315837987531558
244	0.0351936264961788	0.09329819360649526	0.14704626165426318
245	0.036077431467601374	0.08411727801248589	0.14759975302588188
246	0.0416964175364763	0.06579095483259789	0.12727829565704787
247	0.04012758175536135	0.0713657199072883	0.1467112848693608
248	0.04175242739356025	0.10576032377102787	0.1650692394776068
249	0.045644475207796215	0.08697825049809259	0.14804377364085097
250	0.03587282669486418	0.05498712155897106	0.14123602919457293
251	0.059929673981211955	0.08247332775825572	0.18003298777262264
252	0.03647419237867911	0.0661801872946637	0.15809312556115643
253	0.038390410895125536	0.11571536753956496	0.1623381113185473
254	0.049501733675266224	0.09704961177773279	0.14402818793795127
255	0.043785328165544604	0.08236261047448548	0.15598545181794793
256	0.03762507667408525	0.051869345313213515	0.15313461638135273
257	0.04772357499832005	0.07988464647959527	0.17225836421184926
258	0.050811851167511135	0.09908192620511552	0.1418271568893553
259	0.036401881713233455	0.08504308829065034	0.16227767891762035
260	0.0332004556255092	0.06950189120081156	0.1442827442028632
261	0.04086917107838195	0.09547573719826036	0.1603749699781098
262	0.02718216542639517	0.09186780123224356	0.11678403300754388
263	0.03683098955504069	0.07777991031385321	0.1536291031023685
264	0.043470283170240015	0.1201054516039768	0.16767817412201938
265	0.03989338019009602	0.0737748201842831	0.16253157816213804
266	0.035218449807890746	0.08798844359306698	0.14331671600930068
267	0.0475457058419044	0.059920261891493375	0.1416727790681752
268	0.048227069283747426	0.06487919660380881	0.1582349837320419
269	0.04147222966448909	0.08354927895171453	0.14521166465123786
270	0.04552447274584964	0.08806941581475321	0.17334507938990568
271	0.03555537923640673	0.08747317026007757	0.1532980438867514
272	0.05482299495774189	0.10155446911348891	0.15507505271470604
273	0.03900340513226624	0.06158595670663784	0.15527706753973575
274	0.039888237703521325	0.07666795088831163	0.17217589132744898
275	0.040995321914333395	0.1032935728834066	0.16855869156688852
276	0.05533601881162161	0.07291625291393436	0.17499282443585973
277	0.05003180714214204	0.07446186956434729	0.16632445436356053
278	0.04298466276207524	0.07790816210751308	0.14225056322628535
279	0.040670812327998955	0.06657210074481361	0.17068738198328173
280	0.046723443365763874	0.09277961996232034	0.16845941353926377
281	0.042200568586063074	0.09617748770569634	0.1553320402515653
282	0.04217980231256473	0.08641214872385872	0.15780629274329208
283	0.05262172192442384	0.06856768279699393	0.16899716016816957
284	0.02715028769323098	0.07155785148602448	0.1380713619179272
285	0.0441185015044108	0.10023233663700029	0.13842986702534424
286	0.03657650205527017	0.09129167462006056	0.14544301787444391
287	0.04373582716076672	0.09157238768220656	0.15358017408600738
288	0.06156432067808183	0.09172940970773265	0.1761331115796115
289	0.04667680644407357	0.08533101192381394	0.1635100062058112
290	0.04099225032215038	0.07995572276343232	0.1575120718023892
291	0.04642415846914409	0.064595621881919	0.15052093480024786
292	0.047616706909489256	0.07407802669428827	0.15640409328992333
293	0.0451949197994869	0.06818415146380706	0.15615315075384517
294	0.042718484695009176	0.07556854518175152	0.15134030466838344
295	0.04911707572328423	0.07783227376627937	0.18023876189628338
296	0.04154022410628403	0.09488360306580822	0.16139358827323042
297	0.06703567736540074	0.0735827330059275	0.18684433364301267
298	0.0347300519565366	0.055113627804016144	0.14647525714753445
299	0.0433456050261415	0.09137503692405502	0.16047402229720562
300	0.041902989964180154	0.08646450944238163	0.15852912014587556
301	0.045607272826868425	0.08146423740232477	0.14952112533693926
302	0.05617956734922372	0.08229193428985712	0.16754988943611515
303	0.029887799906738646	0.08234229149285115	0.15002500272937747
304	0.0496256114430604	0.11840864516884878	0.1577523847318629
305	0.043909024866428656	0.07838689152697731	0.1639470673219465
306	0.03889757758483287	0.08941672830111738	0.16670138552006053
307	0.042165108900265	0.06727526185664014	0.1433583726861848
308	0.04420060480717016	0.09337555996513336	0.17443921145653196
309	0.03781111780972017	0.09309893003179098	0.15175442835078912
310	0.049698569593378976	0.05587854514285822	0.1528503773096258
311	0.05167888212636551	0.12009027074103984	0.14600560661530695
312	0.029708394037561626	0.07838089171265637	0.15875520366966775
313	0.03788150872325153	0.09555187862043332	0.12827340912531762
314	0.037459081619724235	0.08610709664463127	0.14404099947398574
315	0.04251506154028654	0.08648940759452899	0.1609795683915541
316	0.03750948241491318	0.08532918628631173	0.14301072863896758
317	0.04924755003026559	0.1272161826363934	0.1606664185026444
318	0.04023990965068275	0.08302510662034032	0.1503988759098227
319	0.04600190619338801	0.09704411624465634	0.17015981064048455
320	0.0458858586195024	0.115625970987798	0.13131797991129365
321	0.04503153474163791	0.06536483826286123	0.14519507399804593
322	0.044707227020113226	0.10721001707500197	0.16363705041966972
323	0.033085693575084583	0.0837485193822527	0.17922690444100692
324	0.041675071542657594	0.039911889982899025	0.16606560137635806
325	0.03294523931449874	0.08524083627701841	0.14505175332981946
326	0.03276862379369916	0.04495847097148877	0.13463662462482895
327	0.044517402396869576	0.06112943411555768	0.1561486144066582
328	0.0403651358397715	0.11635427326845404	0.1403051338393164
329	0.042578036024678946	0.11057831223822005	0.10866765796491154
330	0.041576469750644794	0.06554976183113655	0.15976410831349225
331	0.043351500121591356	0.10951636279099346	0.16969112928289568
332	0.03327188172986345	0.11599010948457039	0.15030394764597527
333	0.040546782848428206	0.0903379990055303	0.14485771735305566
334	0.03426759438022102	0.04668304694535042	0.15444837739415992
335	0.04491816558441871	0.09505658545336479	0.1445788065567306
336	0.048843184195563896	0.10345441665125914	0.15072102683896013
337	0.050317248623793956	0.10920066768442153	0.1419563824149938
338	0.0398510298844896	0.08445249695066345	0.16807585257279192
339	0.03459365650748103	0.08889118980660204	0.13610925484693345
340	0.03533094385769218	0.07311728183525672	0.15865416349096
341	0.05075525169641702	0.09845015851328334	0.17362303029785822
342	0.04780745907643752	0.13008013541167276	0.17742222673139682
343	0.038400624988140016	0.10525117590237626	0.15464123970063617
344	0.03063679122167423	0.10590830912095979	0.1410170869124732
345	0.032866486759991057	0.053004284781427734	0.15915350682723087
346	0.04579544331508019	0.10302554219006604	0.16388809599437684
347	0.04414517880028447	0.121130422307719	0.17607988228272184
348	0.03573339510001134	0.08049710509556159	0.13223279000615287
349	0.036120993627944575	0.08422734240687205	0.15254467966571936
350	0.03883059739264266	0.11874033692607955	0.14955072339145306
351	0.04120514735820132	0.06876365915573512	0.12150442027986608
352	0.03535132957200814	0.11051105640239896	0.12052691049558169
353	0.0314615363421927	0.10040362369344483	0.15147855188441517
354	0.04230167321756845	0.0704673397250952	0.1598939850553851
355	0.03777006211921778	0.07214925585440701	0.14605099810415811
356	0.04329983174623799	0.11331823877709107	0.13667982001442688
357	0.03965356801311614	0.09395596220309499	0.14831415821254681
358	0.049885106607721094	0.09453063401119374	0.1528987533799532
359	0.04934671589450031	0.10105561385457466	0.15798732837932045
360	0.04362846001317598	0.09703265736581239	0.16510356814169758
361	0.0508709932836346	0.07956587286001934	0.15366656277326862
362	0.042261551258333786	0.07962738185437862	0.1524377820157229
363	0.033179084543744644	0.11897217495214382	0.15064676833022198
364	0.05669238602192417	0.1419601781219503	0.17227163316466454
365	0.04192992442511293	0.08485761384960101	0.14926406061933
366	0.04816089640451394	0.0886279698500545	0.18097665128450963
367	0.0366273895774802	0.09319276297106217	0.1352627671052348
368	0.04587369418553111	0.09728412338024929	0.16208370728123153
369	0.03837167151815969	0.0839216567534139	0.1429816694830453
370	0.04408020380962011	0.07528570165470275	0.16352107372604946
371	0.0437658955426782	0.06619422483414339	0.14981805658085864
372	0.03814970789568786	0.07805598072748246	0.14299120856867753
373	0.0350621872025018	0.08316108655585837	0.15528294709153448
374	0.03130742838320329	0.09485074371872919	0.1805481097029168
375	0.05909009879954168	0.0807298682654418	0.18046105628609638
376	0.03967569060671165	0.10189787004794379	0.16054380258477025
377	0.0433427778331832	0.06017479821904886	0.14768115792904396
378	0.04984693943477101	0.1144055483003465	0.15216945855109354
379	0.038512032510217196	0.11984187060868316	0.14983141133270542
380	0.046591765929085885	0.07854650952181605	0.15856132343554633
381	0.05192114781652791	0.09775162079020788	0.1648822465385552
382	0.05217325465966923	0.06271021753926727	0.15097006506368557
383	0.04399316475512604	0.0933775547879276	0.180099898496087
384	0.053612084634814205	0.08800968149545249	0.16719513992923343
385	0.05044750079333415	0.12247042558276834	0.16396401367712196
386	0.04680772285664508	0.10094324637528596	0.14959962869299612
387	0.041319624590162765	0.06107774062851755	0.16606048755534344
388	0.03833568541887198	0.07494126421309584	0.12776245669182615
389	0.04385040105079612	0.10964019694494906	0.16086826311450847
390	0.05355074195780443	0.08068852715928274	0.17052648753391983
391	0.04244145271428103	0.08440887486289701	0.11833962682095128
392	0.04013592862615836	0.10025897357737985	0.1621454509621641
393	0.0480832558312526	0.09883504177640845	0.16354185079700728
394	0.04313059117839017	0.08094606907454951	0.13318754879990408
395	0.051397630249080346	0.07069218060327635	0.1613015677704141
396	0.06453006435550128	0.10202040646502285	0.15232770907472007
397	0.05415147551114974	0.05522213244992158	0.1596391807376204
398	0.042282549763761834	0.1043560090922967	0.169751883670248
399	0.03666700338912772	0.09577562571987572	0.135656186134156
400	0.045695441441004965	0.11260947778098852	0.14330225921911952
401	0.04005279141729342	0.08627885990597038	0.12892921463816107
402	0.04074619885851872	0.0659964869887282	0.15082181697799885
403	0.04346360782465539	0.1225011401116378	0.16603444612718707
404	0.04319968395065072	0.1266640575236892	0.16889069617120353
405	0.04079919741521977	0.08243322109745792	0.1519137010099696
406	0.032775983906193865	0.0975036095602055	0.1392216151716614
407	0.036515503647109544	0.06802062319021182	0.15559163077008803
408	0.032474112811318415	0.08589282803121721	0.14610692439836206
409	0.03623921324281982	0.10225171707099562	0.16561917380871252
410	0.043737379799549156	0.09431509060245023	0.14963284920379483
411	0.04457093341558483	0.09859702356684094	0.16865297357694392
412	0.049247456915076815	0.102798658902468	0.1673734953953506
413	0.04647116483415211	0.060148244132194814	0.16632825927066483
414	0.05072348746407976	0.10030827835977985	0.16680443827077893
415	0.050523702336746495	0.06828499113898139	0.1787150625231258
416	0.034590368151598785	0.08042434934465192	0.172267308860875
417	0.0449521346749515	0.03736916060965432	0.15601030920926265
418	0.02840838236089117	0.09571422169388205	0.14317347933625907
419	0.03908776796110807	0.06338055617493227	0.14635372319791973
420	0.049132666527641346	0.11501135370989295	0.14849796783484168
421	0.033438806836809776	0.10325010926738043	0.1499893841833412
422	0.03863751029957847	0.056077944529257344	0.16508072902687262
423	0.0377080628759868	0.10614749657769447	0.1526871193043731
424	0.034682536384111014	0.07050021049577622	0.1622968359225001
425	0.03196960690042224	0.07763961630293108	0.15501265990929866
426	0.04041928590504853	0.10589837887915378	0.166289720409177
427	0.05059729916596427	0.09473583728130186	0.1825452905776172
428	0.04103435429797722	0.06377441146491598	0.18079209585775713
429	0.05059859839662471	0.08787635875653048	0.1539020375020843
430	0.049275226786145286	0.07705095745939404	0.1678754082949828
431	0.04306679777670812	0.08189863908696542	0.16588461059223172
432	0.03987747790732365	0.10778837565383617	0.15048614410949052
433	0.04683324051785197	0.07249293337332423	0.15254686844970217
434	0.04605300429879477	0.0860580808865366	0.17456915616921728
435	0.040005654871233726	0.11183059767763759	0.13103079808284052
436	0.04357589436529994	0.0926678063781506	0.16418915744703386
437	0.041099447545979	0.08707698489165804	0.14207424721802348
438	0.04101723804473624	0.08600984669929401	0.1817285356412001
439	0.044868092098843085	0.10427569878325431	0.14720444163048543
440	0.05126309177487891	0.12928267770703794	0.15642826003547983
441	0.03581278679705631	0.08384187124934522	0.1718532831864863
442	0.03543763805775517	0.08548839046854444	0.13506634661469838
443	0.030278318331146886	0.09344433889980865	0.13875811516740758
444	0.03783536305087955	0.0687594929149107	0.15492459657420637
445	0.04206070367001428	0.08909246872978233	0.17361731048444753
446	0.04160696299876903	0.06257450058832849	0.16089719444436093
447	0.04185731234319995	0.08786777397124414	0.15797233839941838
448	0.04839650698956002	0.09180002220820056	0.14695836534610293
449	0.042723359639416786	0.12120542332753344	0.17475277081587157
450	0.04571613518687256	0.07962874953934783	0.1483270485150213
451	0.038831137680732736	0.0535223380041296	0.15606446556128062
452	0.04478132013952138	0.13106752401427213	0.13542969721547807
453	0.039057298392274176	0.08616368050187674	0.1500156123786211
454	0.04528300977375802	0.09403042822939586	0.16048130218650772
455	0.039455113464469775	0.10102333429965649	0.11788358907789634
456	0.04520040980010589	0.10127342628942809	0.1763629598000967
457	0.04161114107062631	0.09598688876498561	0.15817248207156553
458	0.04567362687231596	0.07602705270803141	0.14437541606562354
459	0.03591763279549042	0.09531908410790509	0.14974091300148662
460	0.038583973736396084	0.06578542715613465	0.15490834856578486
461	0.03600591015464928	0.08924659225854965	0.14160050506570585
462	0.03805389579676711	0.090371964557859	0.1350843906672949
463	0.037815889422321405	0.09528541296766938	0.12883491378659198
464	0.039165588325543024	0.08772578006204218	0.17928113646983393
465	0.04004053858085699	0.07973446601945187	0.14755443986342312
466	0.046864080907801	0.09396880272758196	0.15165541555099224
467	0.05482976796449423	0.05551885876788452	0.14479882258288307
468	0.0412339168075631	0.09992623131466843	0.15267022133822028
469	0.038542796581395464	0.08472000332888065	0.1387354399567487
470	0.0387131760606408	0.09009386616740259	0.15088223871866654
471	0.04021230705051123	0.08057395951250597	0.14286644587669126
472	0.044742630837850635	0.09116314191215269	0.1548904689005052
473	0.03305839957109381	0.1245265386023787	0.1396804106754612
474	0.04088299937290259	0.09313918056282891	0.14963418165978867
475	0.04209730736574573	0.09681096383952104	0.17072251290195817
476	0.0407755025226599	0.06548124378028837	0.13909784598710812
477	0.03348022737631463	0.07451820272111384	0.15109384943298632
478	0.04081230631640015	0.07841096541656888	0.13479629624023615
479	0.05460588347832155	0.07647532447748824	0.1739259056143395
480	0.04072366974524251	0.09738580834900859	0.13543105733332783
481	0.03431645632311464	0.08847519211020585	0.14220420171789028
482	0.038211319475154604	0.06396826571725574	0.1737682022637374
483	0.046495734367607185	0.08268283538397017	0.13451523153560563
484	0.044190096906988385	0.12407689052442177	0.1479241960018268
485	0.029321380585961496	0.09674039747360089	0.1414997868258835
486	0.03708423549119357	0.09700110662516358	0.16525547633671836
487	0.04349444769065415	0.09288685854428413	0.1546118678405045
488	0.050415714289604174	0.08898254303686778	0.1703534576876991
489	0.03798210758168115	0.10496678507606952	0.1499107146802787
490	0.0364880022252707	0.09763103846417982	0.13001297955195149
491	0.04907029620070915	0.11359733757443936	0.15054737404961924
492	0.04633675512869858	0.0698816463359172	0.18847717291153068
493	0.054077749342088255	0.06858489279437509	0.13116174852736093
494	0.04536370848782954	0.09584639623933212	0.1616280262861125
495	0.048348418848478375	0.06326933306618075	0.17501344485119197
496	0.04023293492746789	0.06175298399785182	0.13742479473134028
497	0.04324322143692527	0.04416923649006187	0.12325989808677205
498	0.06096231549509603	0.08914807340077215	0.17047598597746244
499	0.0474031117330305	0.08156549157740453	0.15756702143040544
500	0.040849385611893226	0.07732990805041447	0.15264645937616017
501	0.038822386924029714	0.11333216820074406	0.14850480233982682
502	0.042518202134273896	0.05316048414723071	0.1475032269883553
503	0.041158647868722725	0.08761728960824619	0.15586635142873795
504	0.04150526003328031	0.07448564575853378	0.1335574583211442
505	0.04034440344064704	0.08057352286750148	0.15808293705413212
506	0.028947079592119486	0.10737406269793157	0.15819451205037066
507	0.03495510813218129	0.1329605233883476	0.14792047150097815
508	0.034531593920960835	0.04989343040469469	0.1462987817614328
509	0.027774884170736668	0.07746845584587862	0.16518477287442052
510	0.0419935493931165	0.09192806361962097	0.14118136752674676
511	0.04061160469815917	0.09950920888192738	0.15025431172868123
512	0.03615836451737479	0.08324555682955782	0.16780553667895573
513	0.04900403197419379	0.09126937328307613	0.1562887609141794
514	0.03815375665533913	0.08254516280480403	0.163627646876775
515	0.03843546090158331	0.0764093878256289	0.1592155030485721
516	0.048064155891498074	0.0878564008487593	0.15259239886823048
517	0.05557133599844551	0.09450064744624491	0.1480241812607242
518	0.03855872509977659	0.08293142547525788	0.13849940591332935
519	0.03642212043072402	0.0757818907827502	0.16365769537890415
520	0.04290395592508495	0.08835653933357905	0.1762824266759922
521	0.04834198290634546	0.08306270635932106	0.16504510761038485
522	0.04892320880438567	0.07915404225315884	0.139453521903202
523	0.0389903916829616	0.08671744012818967	0.15629057923433784
524	0.04117697047820933	0.06958905736785796	0.1587651572680831
525	0.047645602472496565	0.09359021330090432	0.16218132561689685
526	0.048980095542966263	0.09247037569270217	0.16071390584098544
527	0.04445798068212637	0.033528187313420596	0.1410489853979592
528	0.037330540285910714	0.05592723447330461	0.15874867080825775
529	0.04031481369910176	0.09315470362433842	0.15106397123129825
530	0.037796446939085224	0.0855700116944826	0.16010132048484585
531	0.03669536561774526	0.11887587311443046	0.1610137296543654
532	0.043829622698682145	0.07564580706728899	0.15112936145068565
533	0.04463327193283069	0.08218260806277494	0.16338471264564697
534	0.06476929065953826	0.09024185450435944	0.15560968037606052
535	0.03413116792218141	0.07131855105541439	0.16288986670566855
536	0.04851001766651544	0.12203086507995715	0.15280577985766938
537	0.03546588492067341	0.09627500090321965	0.14849080481634935
538	0.046492814983837005	0.1079827465089878	0.14116494548268957
539	0.03859555687436496	0.08821095074149841	0.13835981633846303
540	0.05259941603892152	0.06466936314377908	0.15664948233822784
541	0.05111204607428844	0.1076082323783676	0.16579164536759952
542	0.04556038701996369	0.08678788570254659	0.1497255992664534
543	0.044446993823381485	0.06730131056538521	0.16355539296509872
544	0.03525947420163017	0.05793576655146484	0.15740663088495946
545	0.062037702918462424	0.09553804133768984	0.14788571302363615
546	0.047127753312474444	0.09362424145957571	0.16001503993242647
547	0.042709349726042616	0.09000947630079373	0.16705127448796145
548	0.05698325286097064	0.07117367385567507	0.17848999751161093
549	0.04664607665140576	0.09993343769777947	0.15122805343493387
550	0.04421382161661774	0.07099196665078093	0.16446406902509095
551	0.03863904459598884	0.0754641224318014	0.166030072981221
552	0.047595076347792906	0.07064286155067094	0.16120846559110238
553	0.05416257642138504	0.05859525616495224	0.15789809921336004
554	0.040628283969759524	0.08073171544463525	0.15767991402443557
555	0.03770693735462011	0.09003747411091939	0.15106924087852538
556	0.04764322389093538	0.09989538895291201	0.17417071251996583
557	0.045005884076327156	0.08210976213875835	0.17253144563614903
558	0.036826714825946225	0.07435877039661981	0.16223788897503913
559	0.04114718537438121	0.10455940814294501	0.17138308688461693
560	0.04548551614134404	0.11570751177370812	0.12950114519171252
561	0.03332129512705859	0.09346043375069707	0.1350165246531831
562	0.03556841305481245	0.08793215465230034	0.16578706018382267
563	0.04384197598265892	0.08187555219813054	0.1328831258677467
564	0.04163000663596734	0.09740543539697619	0.16601207538581472
565	0.03897096874843639	0.060508457485272706	0.1576210356197072
566	0.04008686649782595	0.04090140844208036	0.1498735625992039
567	0.049028415022593835	0.1045885135594218	0.16608380250389704
568	0.05335015921595756	0.06523524467767046	0.14571652435833543
569	0.04321511062467466	0.09277951747062363	0.15890862261860336
570	0.04757257480786461	0.10664983087191114	0.15785223009703236
571	0.04223553760764881	0.08758237585019425	0.16674200978236445
572	0.038852124685434274	0.0836667855686917	0.16110045650610022
573	0.04077271917125562	0.08290421868044398	0.1243470211072041
574	0.04154704346562514	0.09091892367337934	0.12408668308120142
575	0.03858186285273464	0.08367306232046265	0.15056896926029467
576	0.0462374068418426	0.05169158466260464	0.18230274819931644
577	0.04463545194230669	0.07279655735969992	0.15560412375424248
578	0.053282013293355246	0.08823751643583397	0.18287683887861264
579	0.05764190385107334	0.11110927361330002	0.18351217567684122
580	0.04249700321979155	0.0949181277620784	0.16196561495273157
581	0.046624711534732174	0.07995497869890829	0.1552255890045933
582	0.049527351647951	0.08175205113706878	0.18591882974313845
583	0.04156216582868218	0.06008635395606878	0.14990567618305492
584	0.04658842662139057	0.08770000178879218	0.15588751738824327
585	0.03673216450131286	0.07041212948105208	0.1558509388481033
586	0.04200177110748233	0.12382704205050696	0.11359503732028133
587	0.04833774489557595	0.06812105049349466	0.1488616805545758
588	0.05120389452618078	0.11803955207890576	0.13603995002948055
589	0.03833072798766169	0.11283568993422943	0.1474898360100941
590	0.0425812875445921	0.045314464451012164	0.14305430897774446
591	0.04065550888474689	0.09352171991315594	0.13236346615867994
592	0.05007853112650601	0.10626421175301524	0.17115076030681334
593	0.03616732957397674	0.06934725771960398	0.1681267909250177
594	0.04598584131318988	0.06322220440168018	0.15896854909359692
595	0.0429585924507416	0.07739552585812304	0.16698332732980134
596	0.0466157038628601	0.08270057261051082	0.15922487766049107
597	0.049062496729659996	0.09563846457697432	0.1628845296216472
598	0.04507225703649773	0.10002788183725284	0.14360403482202833
599	0.04801070182388144	0.09961165567588945	0.1680375472005441
600	0.035042922116424034	0.062332577881443064	0.14694608555644273
601	0.0484700275136859	0.09002965004073189	0.1272685169484466
602	0.04837256931554825	0.08527846897820557	0.14645227476051015
603	0.03973245614221635	0.05949034726694233	0.16510992333968727
604	0.04712682616524113	0.06710113410322151	0.16316734298994343
605	0.03675800595979975	0.09248774377204251	0.1476826827887424
606	0.039963170018269815	0.08444005928351683	0.1786256797957093
607	0.052822857899381084	0.07833639918355208	0.1507846235235565
608	0.04133023095186689	0.13307578467643208	0.1436062337913353
609	0.047644400140854595	0.07642250888704902	0.16218293666849906
610	0.04919371701033259	0.09318648787079581	0.16778132169499307
611	0.04808668360191035	0.08258892733562254	0.1560471203995312
612	0.04032430973566185	0.08253014609107183	0.1455531807695733
613	0.037856111824123365	0.09107514979861668	0.14802348906359383
614	0.04330787149334582	0.07965422367035305	0.15548406374715498
615	0.03549712600821327	0.08869424051941772	0.1638208745437994
616	0.04802089319037488	0.07279988784022898	0.1512712575917552
617	0.03752405595254644	0.07591836183747734	0.16012672779853818
618	0.04463458811963252	0.08748982074367727	0.17061865067710916
619	0.045164200548725886	0.07128794874239061	0.18299012427207287
620	0.04312148359313836	0.05375611741746587	0.1476449861355645
621	0.04045430848556576	0.09689703206881228	0.16830841410202788
622	0.05277758738414105	0.06060056481529105	0.161806273939723
623	0.043405444190428924	0.10682242620165781	0.13156603622330157
624	0.04652465031328881	0.0933787735806685	0.17727500447702166
625	0.026916155758512816	0.08016481860368511	0.14500055925729818
626	0.052137007992430096	0.06653645001597913	0.15226520860902246
627	0.05280513812897685	0.10192077441364485	0.1483357944900901
628	0.03676619067945002	0.04876334086600653	0.15102254026612005
629	0.040657924635619014	0.1040287908955909	0.16693903649638697
630	0.05836717008044468	0.07946064895204459	0.14225919594884281
631	0.03444298373478798	0.1171071748575525	0.15763947648587037
632	0.03631028992276194	0.07315239458587819	0.13897035645641131
633	0.04174212901370831	0.12488703746775105	0.15338524369041423
634	0.03997763921701492	0.08695678211908085	0.15633297442672633
635	0.033012886274546294	0.07775266721716872	0.14781110723987095
636	0.0517531768809891	0.08758262081057802	0.15878459225488756
637	0.04180575078724204	0.09366588990592153	0.17371808937814567
638	0.03287270880239917	0.08213441957910689	0.15286350083178493
639	0.050259082092293746	0.09784679818531376	0.15187415507181676
640	0.041151780902079015	0.0946109987132751	0.15188905395118216
641	0.02884568768989258	0.11247824240614519	0.1591691410725295
642	0.03755350840747112	0.10740461960478762	0.1544533245021279
643	0.03760086198876813	0.07810454157398934	0.16324762089784786
644	0.04977577573060611	0.05769930591937355	0.16720870335197338
645	0.04978529607164381	0.0700828666533157	0.16188078493119168
646	0.03967618659161367	0.0943900580869904	0.15428512055225949
647	0.05097839775910114	0.09368420823907547	0.1652310618100641
648	0.04635746120289109	0.10381119296171389	0.14992739064562427
649	0.043997722299937425	0.1136754626773411	0.16955017479118448
650	0.031163255251739207	0.08466785442547801	0.15623638331949927
651	0.04208691081158124	0.09728408501278181	0.16343778297490905
652	0.036729236004172765	0.06498274659386828	0.1636014814534738
653	0.04648889609209502	0.09798494637890692	0.16985926217834119
654	0.036180882920674395	0.11189408316727857	0.16395485205763596
655	0.04722079481451582	0.05951212774828238	0.16248901909986269
656	0.040775639213616176	0.13154993229682557	0.16169719886132183
657	0.04651553408819854	0.09241203665288635	0.1623615965298551
658	0.04297968414526161	0.09759147474799154	0.16261038375955533
659	0.03513275022926781	0.06485980080109378	0.14126136248235635
660	0.044634269992329494	0.08825221163211842	0.14506439683194283
661	0.03963056917077878	0.06547378214525597	0.15450136797647362
662	0.03653446713278918	0.08584834460255387	0.14857242709767987
663	0.043883986384566386	0.08577191688888361	0.13572795816622024
664	0.03894086560217667	0.07323475080129659	0.1568037711328892
665	0.04290276431787231	0.09347499877572701	0.19241743241646458
666	0.02688937702794923	0.057243858703444804	0.11876505774605527
667	0.04388873675278902	0.05577617558569978	0.17223275605080965
668	0.044854296908612576	0.09334586635613305	0.16018169280722913
669	0.046020411144323904	0.08420295661704022	0.14105668944647134
670	0.03141012232420065	0.08351760553979351	0.12867214147167924
671	0.03966847411125293	0.08930083747458631	0.16206651188610116
672	0.052097138616420076	0.07279919982384453	0.18710794951363427
673	0.04439476341909339	0.06525138646279546	0.1611180484584077
674	0.04296921785989978	0.09165555674111985	0.1705041568019922
675	0.040283530555308054	0.08431508185148553	0.16587258826668286
676	0.04181300026092124	0.04772570552056479	0.1419891693682172
677	0.033505429547606075	0.07503419055952114	0.1498870700593627
678	0.046774429528762256	0.04984728612709165	0.1318429069267439
679	0.03287961117880622	0.09118976517466909	0.15911030989228991
680	0.03845229075830797	0.08410029379860708	0.1519516487067202
681	0.053867478596924645	0.09378267252766961	0.15851468746394595
682	0.03181888078672297	0.11887216973318739	0.15325994449441546
683	0.021877546389356996	0.11169538225707686	0.15255223068245033
684	0.03340536247787832	0.06555766731936079	0.14950174825680823
685	0.043129424658946446	0.10109248925831182	0.15202943443701716
686	0.03443256288262423	0.09120038778711177	0.15955829080883321
687	0.027792201579826554	0.05909224480639524	0.14566865678535565
688	0.039851090942703914	0.0668939711034408	0.14304522907056202
689	0.04953993091097885	0.09143725355701418	0.1560181968771411
690	0.044205872286788364	0.041436458619376795	0.13968820682162936
691	0.04205565866563998	0.09089491024569597	0.17286577129450412
692	0.060950273505784906	0.10064546338036505	0.1484017891867003
693	0.03952451905980761	0.09805439519447279	0.12607749977997607
694	0.0493719794533316	0.07975513747373318	0.189214789022597
695	0.043210762855636846	0.09175203073201696	0.1578284179333629
696	0.046328408996785295	0.06464340669626421	0.14718619539634095
697	0.04042303435518215	0.06342471678395721	0.1382464066521196
698	0.0442506577962921	0.08920909626009582	0.16301759315961473
699	0.04533411463435389	0.082723139716186	0.17737291928420046
700	0.04633819547157549	0.09223657184926712	0.1564429735356026
701	0.046255755028184346	0.07828042031070744	0.14342669623389168
702	0.047266945830120394	0.08321140471114272	0.14454240039143426
703	0.04149575145595049	0.055494625039875255	0.14907847127361928
704	0.04000465384723632	0.08455768998204723	0.1446422354331565
705	0.0493203221482635	0.06108734945644121	0.14267546855036412
706	0.03803118498866194	0.12463057231031414	0.1620997559565409
707	0.02829916283272354	0.10216545107721858	0.13782501173847192
708	0.03302024713134121	0.09884432742534467	0.15823074841868864
709	0.04598640693523291	0.08142755845972864	0.13295623190158665
710	0.03684672257449002	0.08332427002715051	0.1353308646702697
711	0.03980994039686664	0.09634701197173566	0.15389051811533894
712	0.039448991383379796	0.08097722322586416	0.15655673268536255
713	0.04433503734730987	0.09802791918338134	0.16095215361982115
714	0.04425935343672981	0.07227877041232801	0.16362628884724795
715	0.04312447322927617	0.12327660780498803	0.13520278880194903
716	0.0403816954578162	0.07867558319715656	0.1539766707603681
717	0.02589084445093377	0.09834362065840091	0.14849370460081107
718	0.040921205732235136	0.07463970915384889	0.1694056240231632
719	0.04211059987565193	0.0874419703600411	0.1578967826719791
720	0.04880327023131291	0.08244075776484183	0.17608413624383484
721	0.05065340947008605	0.09231374778041983	0.1850040406426267
722	0.03854473863964044	0.0789227068352504	0.15227583902016018
723	0.04806266115680849	0.07278083861494374	0.1463297128396681
724	0.034749480409661436	0.08722849855882636	0.15569797360887755
725	0.04333632825673699	0.07057943457423858	0.17732827168755952
726	0.042270144899585416	0.07738558363281964	0.15890995124302187
727	0.04044750737936684	0.09232960785138884	0.1415135519559948
728	0.03953905357767958	0.06846050355426804	0.1376763631299673
729	0.03809802610452722	0.07357103700331513	0.15279659323533243
730	0.039466645727923896	0.10043090898603688	0.14988338869231405
731	0.058611539894174135	0.1070253329813824	0.1579168307799817
732	0.043283498343382576	0.08079635750522614	0.16018042771507884
733	0.04127968966934485	0.10932619487956194	0.14724097142172185
734	0.04132979395147984	0.06459499896762026	0.12946991212385228
735	0.0543133891111669	0.10146978607942736	0.16589830569961778
736	0.03542422331351045	0.11717454612939834	0.14125154889495886
737	0.04028623952363578	0.12286997257259859	0.1369221422370558
738	0.057859773334880425	0.08580955221690809	0.1582325278880168
739	0.04172224789899084	0.09140700560681067	0.1748637135656505
740	0.032602528481482686	0.08576304409504201	0.13194248462166414
741	0.03668826631875503	0.07931300782537272	0.12950806403162293
742	0.032879972785609626	0.10314176894565591	0.15124272290612678
743	0.046612688491162325	0.06969252898277707	0.1350454963426646
744	0.050706930611760105	0.08541514432172231	0.17345935326536446
745	0.05429289304422302	0.05252679490163347	0.16024335306196089
746	0.05578848603286615	0.10230418932969906	0.15736047649016566
747	0.03290129747492568	0.07679254911489397	0.15501677586341078
748	0.0452675177244744	0.06780475641949638	0.13072895661793946
749	0.036616874848108	0.09994938081723677	0.17593468437648066
750	0.04304505225624994	0.10813384548519864	0.15468977766288972
751	0.04777503891742565	0.07290181300838049	0.14806314986234828
752	0.04556146339290532	0.08413550975041532	0.17529586698410402
753	0.039100880946043824	0.07998575047801279	0.16474493591074918
754	0.03761273172648665	0.1204754106299784	0.1481035412173331
755	0.042982015886199085	0.08020700636638366	0.1661610743111349
756	0.03411644136774389	0.06920392440204576	0.15083546483453855
757	0.039156213462789635	0.10602245966480639	0.166903481280332
758	0.03403455702167551	0.059861550468213	0.1475026361997581
759	0.05315171554197828	0.09291015224117012	0.16198970458926273
760	0.03558289752917965	0.09283697937782144	0.14375253233051047
761	0.042236570957264054	0.11265048413052126	0.16292704622345494
762	0.04289553942713221	0.07075193773790667	0.15284903584744602
763	0.04078478155242476	0.06592476159087535	0.14903959138345368
764	0.03648600435794987	0.08346662794608703	0.15378595805431572
765	0.04569636288559367	0.14040196140955583	0.18549503616908122
766	0.043299073760475024	0.0733129914284802	0.171885532020635
767	0.03480169987199862	0.05559163385185559	0.15852097841048504
768	0.043593083542830084	0.07077286721483252	0.1408543200820142
769	0.04170150332637178	0.10827538043331945	0.17421282019312861
770	0.04436884243414055	0.08452080713402167	0.16012302371871082
771	0.03725615679266619	0.08466999480118863	0.17695112812968036
772	0.04857046487201251	0.08701781326980838	0.17408571701493983
773	0.046999846278700574	0.09638827302619234	0.17792486024716464
774	0.04240965971532555	0.06044519614730891	0.15065529386681634
775	0.05406671100198547	0.09789880857092755	0.17669685650409078
776	0.04262143769473864	0.11080681807063668	0.14517637502508662
777	0.04049446993823796	0.08153113557385333	0.12021649557871707
778	0.045392346286136274	0.12880619844025398	0.15541929567594814
779	0.05155586169058868	0.12716239290303116	0.1618655133231071
780	0.05426576423123664	0.0795876639894658	0.1620629837042495
781	0.04359272024406197	0.10164920151824726	0.15030085395080708
782	0.04575096076998308	0.09947572952739091	0.13780422704751932
783	0.03565584388601976	0.08414881095830506	0.14874865167242127
784	0.03979704356957129	0.07387882620082407	0.13440077216155627
785	0.042549168395696516	0.09944351838265363	0.14416121633150264
786	0.03187449879318726	0.07418803160600257	0.15646812461554674
787	0.03237259212133681	0.06940595475114443	0.1303945504485014
788	0.04503227345984207	0.06490055147211284	0.1589078568257604
789	0.051043184614322216	0.06289893716251506	0.18055974807905692
790	0.038791857223556	0.08640993199143501	0.16551104373150938
791	0.03775231532060883	0.08589942329845657	0.14020820952311103
792	0.05600540751298815	0.07992096489613637	0.1550659275682799
793	0.03181327578896395	0.06584729977582318	0.16862571449260128
794	0.0446383093286738	0.08013841840255997	0.14498207732904847
795	0.040169680013399836	0.09430484906277838	0.13012075289547623
796	0.0288216252490976	0.10170135276771095	0.14672450721442262
797	0.05464825501232679	0.10449317138669886	0.1678033940859298
798	0.04844921878440285	0.10881251407379272	0.15994792053358908
799	0.048959611500042605	0.09412059731613488	0.1664044765504229
800	0.04128627351173938	0.08697093668795634	0.14555631979229502
801	0.04193776490217691	0.08200963490569804	0.16287109358938753
802	0.04004498982310263	0.05360969111320352	0.14079633670502886
803	0.03920448461754328	0.06872609545669187	0.14361437770237592
804	0.036487416882278696	0.09063567590046245	0.12050745627549332
805	0.05052621892828651	0.06553671531516178	0.1412612931713531
806	0.037935285314804265	0.0990415064657723	0.17064254653673636
807	0.04048791575223605	0.07955372982021712	0.1478907062916201
808	0.03416032411360737	0.09591898505589201	0.1651022319841717
809	0.03036135847654059	0.10861046329622837	0.16484351145006354
810	0.04823256370091697	0.1382210615782915	0.1475026956995719
811	0.03770558415749397	0.0818755193638337	0.1699602130769104
812	0.0478242315220353	0.09145119983197504	0.17570280214890258
813	0.03890245667538337	0.0809037107024176	0.13077249099067387
814	0.040318457250786886	0.11394950872087041	0.13805944149325933
815	0.03298994060023289	0.08450523309411051	0.14353010850203074
816	0.038734886970017354	0.07498819434821419	0.15698946794607188
817	0.04721874025340252	0.0978138269109393	0.14914878701368592
818	0.038566045425667425	0.1042695621522915	0.17071927450017074
819	0.03971904025839185	0.08712511452708527	0.16176739974033127
820	0.0409373824426265	0.09854415485086199	0.1740454961202168
821	0.036244002044284414	0.052687381626262596	0.16721791344944525
822	0.03899935711302397	0.11076223438741906	0.17370063694657267
823	0.04603361734122973	0.10468047706321314	0.15483793371940702
824	0.04076249975742683	0.0829636566921047	0.15711226926572827
825	0.03146535470612802	0.047091502839071195	0.12657775312696418
826	0.03080690362436187	0.08472595170543971	0.1275365834437987
827	0.05525236971071613	0.05739684111156099	0.15621960764634968
828	0.04309414097074428	0.07777196657043033	0.16354972781832572
829	0.03514038044455003	0.08231230931663741	0.15671974168843078
830	0.05621118102704173	0.06959392527058575	0.17558922595861884
831	0.030054475588585247	0.07494063357134358	0.14560407735965555
832	0.03461332097189006	0.059617622510457526	0.1475881570317404
833	0.040865087227515036	0.1175789632868156	0.15790954650143352
834	0.03968261891422838	0.09316216165731463	0.16005212367985247
835	0.03682455204886733	0.11117823498977764	0.14266756324975025
836	0.036783394317790395	0.06960302080413623	0.12560114605631173
837	0.04219982374475671	0.11805395143243776	0.1549141570958004
838	0.06256826213687644	0.10407239569456014	0.16520695657583145
839	0.04268652062407465	0.1153801031226794	0.17469195579910557
840	0.0445277820388042	0.0733496014221134	0.16271980427478397
841	0.040965378381404495	0.10284133409730305	0.15528314173930255
842	0.042960243858845455	0.09266949234287747	0.179782700598946
843	0.03340635268891582	0.12008797698940908	0.15555992046637704
844	0.052748211245969755	0.06477558974056229	0.15423103526048856
845	0.035334429141081036	0.12202913992629505	0.14434589747852947
846	0.04311993283891308	0.0929954805420532	0.19161281609300518
847	0.041101152571303354	0.0760619932163122	0.16319261899065865
848	0.06611993785218984	0.08934417231943126	0.1584744601653406
849	0.045314770709134276	0.12860451112376012	0.15886267061558262
850	0.03988438040142994	0.10821333434203279	0.1525306522500244
851	0.04568044489382162	0.06535309401228859	0.14899533360178494
852	0.04470480047837718	0.132790265393792	0.13261734342764764
853	0.04424251968385752	0.0869302561931208	0.14751932995896072
854	0.054129892372172105	0.12436304486780679	0.1517515801273847
855	0.0410222213268406	0.09181663480392237	0.1502343356109959
856	0.032829205349202466	0.10772123451473753	0.16938924673870692
857	0.03895577157495663	0.1335430878028959	0.15106394328041295
858	0.043379823671944734	0.1349310450192938	0.15978512661991418
859	0.0394245309593157	0.07254557745008047	0.15183153071525637
860	0.038901157268130836	0.12963372186625918	0.17149947549348923
861	0.03891441091629981	0.08965938204462007	0.14969818732785722
862	0.03997730354582766	0.08763660307608269	0.15724273554722243
863	0.04551658038378671	0.07256745495914135	0.15669519752044395
864	0.03796994115585822	0.09532793907468332	0.1372938101256094
865	0.04353805053990422	0.08816970216602903	0.16075717618184857
866	0.0519373456726173	0.07466370480244268	0.18089910938273743
867	0.052038183259220924	0.08210486035588431	0.15642086479046882
868	0.03844123948553131	0.0841343113644731	0.1385977455111163
869	0.05453770006520231	0.10164237528746503	0.14431061236472967
870	0.035639275728878886	0.076135776112861	0.15203441613462504
871	0.042245139791029514	0.10281197907396954	0.14697284007160474
872	0.036244630224785135	0.0999617757060691	0.13924187366317406
873	0.048811589055165756	0.05789100348549964	0.1642187628585942
874	0.047166192748482445	0.08808816633156842	0.14526068256266467
875	0.036857041854019126	0.05572694573457012	0.1432132105070576
876	0.04990952373876305	0.06735929632698111	0.16588943650039084
877	0.03877504621481547	0.0696547301115735	0.14302903265390687
878	0.027710987712520466	0.1367774453180734	0.13708734114727947
879	0.04877864919058958	0.10204391969901253	0.15709624473518433
880	0.03815637945205584	0.0918305633767238	0.1455861136633382
881	0.04108355544767866	0.10556270475830411	0.1560598832114042
882	0.043484603901488776	0.08310986587631916	0.15590052076922473
883	0.04604794003550109	0.1018787201294293	0.15989204206505642
884	0.042705941495012216	0.09109654433381259	0.1542534749555853
885	0.03968235488663305	0.10332667580374276	0.14038287020155893
886	0.039157289719000475	0.09067916336751124	0.1516338343299004
887	0.04164054218900434	0.06503131041334502	0.1493106059346529
888	0.03598018420608332	0.0951038707875835	0.14572141541328984
889	0.03893887987628549	0.07323551442151503	0.15904769912121658
890	0.07128322416304875	0.09948680782302068	0.17646547360081283
891	0.05084830288274626	0.0868638048151491	0.13975294006857206
892	0.03713814882705131	0.07292063007172182	0.1507879748914652
893	0.04274400243546135	0.08816494514509668	0.16617783869894628
894	0.04569520752493563	0.11690905063889122	0.14049168457280706
895	0.03427326256576287	0.11311903128903666	0.16175913724068214
896	0.04344711699345533	0.07977958930482315	0.162968668652791
897	0.04345587391890663	0.0794805172732148	0.14796969431711554
898	0.04074325351300919	0.06056684344519522	0.13757785747437137
899	0.04406739638491077	0.10352023046952769	0.15782344403030188
900	0.04885682735240912	0.08696582401256862	0.15373409408062214
901	0.040625420930867975	0.0756409882898628	0.15705832100966624
902	0.047199634732795974	0.07675781511865803	0.16225003512972747
903	0.04205451010889966	0.09612402434937543	0.15050915341499918
904	0.03332755176292062	0.09863649225904544	0.1475818010771991
905	0.04375805357952109	0.09740202068566996	0.16596635249601224
906	0.03465614274420534	0.08984490537872769	0.1461973840516293
907	0.03545647725302906	0.10524418572931875	0.13282359354750278
908	0.04545246877935448	0.0765260880103701	0.14121389873264953
909	0.05500286522730161	0.10096574257688336	0.15401725495374083
910	0.04171493382418612	0.08134163505633182	0.15717540293150106
911	0.03701956618087075	0.06482934957841173	0.14272774473163066
912	0.03989392595908326	0.0945772600612593	0.15360038369417842
913	0.04060609567774388	0.09567298465836434	0.13507484989965193
914	0.053509191649403265	0.10031670332348037	0.14534085002951141
915	0.03655006889315855	0.0811744037905313	0.15561180961775872
916	0.04226740758249761	0.0922682311843642	0.1601227068726631
917	0.049989430795610634	0.06783303204297898	0.15814288478364089
918	0.0452767781382493	0.0693376708108885	0.1348733404086044
919	0.042640144158142025	0.0859231735848676	0.1410534563353398
920	0.04729066985231532	0.08830895501447017	0.15813289257908733
921	0.03470167401845036	0.09115833244245512	0.13284250846422035
922	0.038126717812216125	0.09554571968873694	0.14821640176847564
923	0.03734681580445537	0.08018405408330259	0.1514158696973634
924	0.04303607022697477	0.05099955068404211	0.14593696380033683
925	0.04608691697725337	0.08921833332471056	0.1710189294009458
926	0.04735438798282808	0.0584000448533818	0.16449677470411367
927	0.04810603386922925	0.08499357648197059	0.16157438784792877
928	0.03786284006546595	0.07686213075942785	0.15658943335492317
929	0.04356882206722869	0.10128647343277714	0.1652161627982426
930	0.0368945353025387	0.07905905409475483	0.15191910267761116
931	0.05273112971463185	0.08149516202945123	0.14648278422589694
932	0.04225766913709295	0.07012670226878859	0.14366916166223279
933	0.04113362848246002	0.1306151006120519	0.1617651843068338
934	0.033503500879626766	0.07177404306971169	0.14712111983635517
935	0.05316777607518795	0.07729708374453821	0.1578832679439679
936	0.031968017753330545	0.0665127331126619	0.15353080876850297
937	0.03667770143752378	0.08601191747170917	0.15498836351770054
938	0.05481523016154416	0.08212359310259874	0.16024698733334564
939	0.04192228636409335	0.08861864796436175	0.14014734415495556
940	0.04574983687391431	0.13290631150900598	0.16125937701406265
941	0.044057218840942824	0.10715465928725566	0.14241742404475724
942	0.0427532739597366	0.076564291477718	0.18110506715480573
943	0.05406687802387919	0.09683736835388222	0.14003653330201654
944	0.03687136751060444	0.08787987085650237	0.14337071117316372
945	0.04451853835834567	0.09595132701061737	0.15221028600681358
946	0.042670183933897356	0.07347255330659129	0.16018060095451647
947	0.044739655914033	0.08870039172984458	0.12133922973053253
948	0.04580247958153978	0.08413544276154428	0.14841497941905685
949	0.04324850239486927	0.10249092784953698	0.15852121616269688
950	0.04763174473170718	0.06574019345921821	0.15881011099545644
951	0.0411514084462868	0.08145906316019606	0.14748626885217472
952	0.04415386357882629	0.07007769948398053	0.13914653035001473
953	0.03961769482454678	0.11491162126622213	0.16226605389955626
954	0.048074427794069625	0.07013714522907186	0.15961717209784856
955	0.0422270608366316	0.06282201535905653	0.14281812912520744
956	0.04542627978662346	0.06269887156583921	0.16353498352038057
957	0.04001994256833765	0.06308311040282621	0.16828475032015486
958	0.03435572480450082	0.07370519544477826	0.1339006777358185
959	0.044143725224996676	0.08620226403511826	0.1527374900982925
960	0.033397144334238286	0.07854599993339423	0.15787051597760615
961	0.04194039789785903	0.09589091258436548	0.1384185100129483
962	0.04880734373821699	0.09492998640282738	0.1784112045301103
963	0.038435256360901775	0.10071076073719236	0.1548970306673262
964	0.04166716919842468	0.08273068131502895	0.1463870455205619
965	0.04633321846720852	0.08034953784810484	0.1453729704580742
966	0.030560041108744468	0.09004826058125406	0.14072752185353063
967	0.0458645474191821	0.09639635021203947	0.14764501622873555
968	0.041994447041539075	0.10076314465909153	0.16245861383582164
969	0.05213753829709941	0.04523146226595025	0.18378771302090025
970	0.038005833497220615	0.11768249885159796	0.13892881474756616
971	0.039944074516695724	0.09598523587674117	0.16230073669554423
972	0.038473862669552855	0.10889523859930043	0.15700253368492573
973	0.03413319888054739	0.1147592220418614	0.1411771286473866
974	0.044172048038269636	0.11069922036391192	0.1724229721459872
975	0.05042411587222248	0.09349921689570301	0.17227938687418537
976	0.042981663353452104	0.08148856739702451	0.16341132814600992
977	0.044530263220493575	0.11248678357639964	0.15745353786959304
978	0.052881557739722036	0.11758363601700206	0.1596721955495415
979	0.03711757233404475	0.09710075087800112	0.1351438500174307
980	0.036898970986850396	0.09067720556595252	0.14576039661441914
981	0.044167273743943074	0.09629339544939303	0.145217878438697
982	0.0471691301199731	0.07799633932250974	0.1358164753052003
983	0.03338775798120835	0.09111737649667578	0.13466042693874122
984	0.04401444187474897	0.09327272869075875	0.13131543198946075
985	0.048496996463635825	0.08212498422794932	0.14420052952727602
986	0.03120418057861852	0.0861088757725796	0.1328409563059366
987	0.044017351562779236	0.08319431274865233	0.14305397768832936
988	0.04378571695402643	0.10366187210049109	0.15222889129838132
989	0.05553411789449358	0.09857000432743518	0.1697668998153773
990	0.040012616234035896	0.08338532912806004	0.17856398267056411
991	0.04251230050844949	0.0739394795795191	0.16571307849464842
992	0.05002129827797594	0.10669096376472416	0.16001884644614683
993	0.042333014527870645	0.07389375878131532	0.15964500637998344
994	0.043599760573122155	0.10222084928989786	0.14767442403710843
995	0.04720827355499273	0.09358932179736593	0.1528036562188109
996	0.04531877202507131	0.0847176091659746	0.13476949854654402
997	0.035295039944141036	0.10709751397501548	0.1408651086766004
998	0.042897528799832704	0.1056771099266053	0.17294808675265505
999	0.049561930990001536	0.09171463375557726	0.11454773491482174
