	sampleID	sample_weight	x	y
0	tsk_3201	0.0024694549272854787	37.1095495543173	8.475178278879106
1	tsk_818	0.0024698743683106024	48.35173204322674	43.45275135674894
2	tsk_6279	0.002473089163071847	16.55387891436771	24.72527475399052
3	tsk_5307	0.0024676085253616587	29.911025338303286	41.81357999462968
4	tsk_2633	0.002468433911101808	37.824714579274485	44.561047525050974
5	tsk_3060	0.0024684483991824174	41.05693007468425	41.655483033795385
6	tsk_9200	0.0024693729112813673	25.94327699156614	19.70812267341277
7	tsk_7960	0.0024684712445410283	46.78456032660842	24.901893264836115
8	tsk_2228	0.002472402795074598	18.225449419558515	7.723215720361405
9	tsk_5919	0.002468651647636179	28.72990847834976	19.398955895796195
10	tsk_4964	0.002469457342956992	25.00435927007738	43.221088856019385
11	tsk_10464	0.00246869892247615	47.90552224170644	12.031839016457107
12	tsk_9040	0.0024680275685541363	45.26548156037029	17.32261841743697
13	tsk_8637	0.0024676886951704355	27.76287184585584	9.300785017041786
14	tsk_11151	0.002469991773298869	44.95476255714746	49.04696993784961
15	tsk_1795	0.0024690514729787697	25.3699865313457	28.940766615022195
16	tsk_11663	0.002469199121997407	42.16346017480873	46.3171204987794
17	tsk_2791	0.002469315136504102	33.00662923310772	23.30542372662687
18	tsk_9624	0.0024679486813659656	29.95053664571744	8.362819780294176
19	tsk_922	0.0024682620135227777	34.16162734996489	46.19590610333365
20	tsk_235	0.002472336436343474	15.777324002866756	42.761384951228166
21	tsk_7651	0.002470861804957059	49.65374334407856	39.558059043875545
22	tsk_4108	0.0024694397586954306	41.34942203954101	7.777238978274378
23	tsk_10568	0.0024691073927954866	29.697445244729003	34.4922531065051
24	tsk_9794	0.0024690673489728403	30.839318046648817	25.51741609372634
25	tsk_10814	0.0024680168068747037	44.41213844053179	21.26467174611814
26	tsk_3338	0.0024681668987049403	34.73560182473811	20.368930580152004
27	tsk_2958	0.00246860952787962	48.46594831026619	9.56102731474798
28	tsk_4586	0.0024682460661280855	43.20842225017888	22.48091751992577
29	tsk_5439	0.002468158431909566	45.55547968557414	22.072708694145607
30	tsk_2122	0.002468712420074124	42.41430657701773	23.621713400742504
31	tsk_5450	0.0024686787368031087	26.31888991460012	28.84687123589816
32	tsk_10332	0.0024682584440196735	43.85371592755515	14.310983857805
33	tsk_10833	0.0024686209790575593	43.81328688668936	33.7197100093463
34	tsk_5581	0.002469100661828575	36.54230474818759	38.447988780860896
35	tsk_7706	0.0024683415522606346	41.39928150971711	37.184446892414925
36	tsk_8128	0.002468996553103231	29.94619848991541	33.984874506588206
37	tsk_5829	0.0024681355317056363	26.54141719821707	7.024888019633586
38	tsk_11121	0.0024724813401564008	13.32732783146696	12.08019029192801
39	tsk_4894	0.0024681356655394406	29.98656918178144	7.142864361015876
40	tsk_11032	0.0024693765927877396	47.44683967285791	41.25684665710497
41	tsk_1722	0.002468952395631749	30.41579009150465	25.889982834316207
42	tsk_10590	0.002471825815346235	17.31450012730684	9.682428796275271
43	tsk_407	0.002469997421469117	48.85224053737982	34.571614026478926
44	tsk_10615	0.002471002551003785	23.451130914832977	21.969047429674827
45	tsk_11063	0.00246850175011675	44.3932199712304	38.90759813825576
46	tsk_8888	0.002468400062108109	32.02147851198494	48.15550360948383
47	tsk_7170	0.0024691948506859766	44.43544186829577	46.85202326035234
48	tsk_2366	0.0024681300338477872	31.713374138733883	30.26167459571702
49	tsk_387	0.002469089629848182	42.75924638929462	45.93202351114648
50	tsk_1022	0.002468607343022918	46.47049280257537	30.649848830186656
51	tsk_3642	0.002467782792920015	27.74245366987568	10.038828143999323
52	tsk_4393	0.002468350366303718	46.27264352915876	10.911522671391692
53	tsk_8336	0.002468701753748877	47.57389920652139	12.484810708691851
54	tsk_687	0.0024691271863460517	48.74108824667524	21.573300944392543
55	tsk_1100	0.002468313265211743	45.04563499770493	23.50502740142407
56	tsk_9167	0.002469411090880605	36.06242575802075	4.91911681366839
57	tsk_11027	0.002469750727920145	35.84518934626723	3.1066754937258603
58	tsk_2419	0.002469390739051293	45.49658393815109	5.231526253324676
59	tsk_7716	0.0024686735668031493	43.6982295419832	32.55571166571051
60	tsk_2728	0.0024681720086405404	37.09749786129428	28.446108312644085
61	tsk_7684	0.0024683425336166046	38.69899590818878	43.91733440260973
62	tsk_4910	0.0024701349064045865	49.23224488564362	15.166501577880322
63	tsk_11092	0.0024684675845722914	42.92010490549541	13.736864607885902
64	tsk_2367	0.0024696951980122304	37.42771082139278	10.752475891424726
65	tsk_5049	0.002468677631103098	39.77340755834654	29.85090490957019
66	tsk_156	0.0024688096015514347	37.916119625028784	27.340126083854525
67	tsk_7348	0.002468552695974666	44.08422571821583	29.19344225407432
68	tsk_2481	0.002473471658960998	4.95522968804304	6.767890831928903
69	tsk_2587	0.0024683994953617716	40.26738445297236	42.83231469435574
70	tsk_8672	0.002468758821697619	43.72126511244841	43.741908165248624
71	tsk_3193	0.0024738015936066715	7.219975647410015	12.853261683977957
72	tsk_6924	0.0024681854597358843	46.59434628056418	28.83883227458421
73	tsk_571	0.0024695855868373555	48.74358706986242	18.26425881804892
74	tsk_3046	0.002472381871611905	17.254740936680214	13.644424011580476
75	tsk_11325	0.0024688032115185703	31.72190605456804	10.648276740292618
76	tsk_5488	0.0024690721452206234	25.889509925426392	15.99664914722304
77	tsk_2022	0.002469469827699014	35.55370053091798	35.23273019738335
78	tsk_9127	0.0024707028590607812	25.55604126630296	1.934907529801838
79	tsk_8644	0.0024722885444313347	2.9415850474921985	28.38053139598041
80	tsk_8433	0.002468437929650602	28.237117567601768	44.85010324964887
81	tsk_4118	0.002468380524656617	36.50999528366433	27.76540997204868
82	tsk_4476	0.002469169386836154	25.96031275409757	17.49343457225773
83	tsk_9881	0.002468445372137182	46.59267327115085	11.787752973126228
84	tsk_2114	0.0024695008822260673	47.66180419951824	33.44829046497325
85	tsk_10122	0.0024684120193100598	39.17761859422498	16.531102876038215
86	tsk_3541	0.0024677961379345184	36.686581105356254	18.20650599716833
87	tsk_5521	0.002474082764807971	3.192196941133803	1.6837056834293536
88	tsk_4276	0.0024694109033877166	38.08985140872507	6.136627723391316
89	tsk_2214	0.0024695772583527248	38.51328222531942	1.930764680798162
90	tsk_5355	0.0024679754759425825	43.84123989927142	18.23841447080881
91	tsk_835	0.002468936007144498	37.55067682228747	38.5602918037283
92	tsk_3433	0.00247261760036104	13.428490809880255	23.204215179962787
93	tsk_10298	0.002469265506443613	27.255273224290463	46.30295624962038
94	tsk_4329	0.0024681020131537097	33.79543001815755	19.41155457887007
95	tsk_4796	0.0024678106066091904	36.204669220739554	29.689321239996968
96	tsk_1699	0.0024681195637459427	32.67622855558018	43.10159607228869
97	tsk_2517	0.0024679393364829445	34.98748504234482	19.57319868077472
98	tsk_8899	0.0024687040511348754	25.2272871971335	9.406481346832695
99	tsk_6743	0.0024702529303916605	48.76906225132126	47.5031613085542
100	tsk_2623	0.002469360265962095	44.88068676245456	47.662647451737
101	tsk_1089	0.002468218486131076	46.33970859404192	19.78790264065953
102	tsk_2446	0.00246913786015423	25.32126795056502	12.680548913861344
103	tsk_1851	0.0024683237278791937	42.76855120903651	34.99297629703137
104	tsk_5795	0.0024677069156578395	27.598268170148664	8.024513640027491
105	tsk_8951	0.0024679984336835555	34.248127782818514	18.75178722464452
106	tsk_4661	0.002468281652571244	38.28830850785344	43.18170246238195
107	tsk_4011	0.0024687204569486783	30.70266873470121	17.749193689161704
108	tsk_1393	0.002468695856116594	30.29638261251157	22.31983111769712
109	tsk_11062	0.0024696145103054014	40.60931510967305	24.64095545945412
110	tsk_6308	0.0024687155731110263	36.06065871909354	14.62410119920948
111	tsk_7522	0.0024722927653562515	11.813899256062168	18.40321207964353
112	tsk_5104	0.0024699110355134073	36.51684126570388	25.195105121358093
113	tsk_1784	0.0024684420993630863	47.63793869325869	29.04515587514695
114	tsk_11107	0.0024733181810578492	8.676099948855045	34.64886243168407
115	tsk_971	0.0024698498047013764	33.970929412408985	36.868612055790805
116	tsk_2057	0.00246811836081246	31.79202154543734	30.142497488519663
117	tsk_324	0.0024678478586400284	35.765492736468886	29.1233618825485
118	tsk_5417	0.002473655383848926	12.71486558689544	4.675392071971469
119	tsk_5195	0.002470364901762383	42.519688312188016	49.1538607580687
120	tsk_10781	0.0024682168037193403	41.98208749961214	18.98138926926977
121	tsk_11834	0.00246797566050139	26.48413128057792	8.214648618338542
122	tsk_6003	0.002468349960112514	28.29524401784237	13.714327113424906
123	tsk_4998	0.0024684843175128528	25.563170651950475	9.404407585300945
124	tsk_8208	0.00246837751132649	39.45172049066813	43.79338734907447
125	tsk_11118	0.002469832644313558	27.443375545940665	36.987453656975774
126	tsk_8088	0.0024689970334107734	25.666047528209663	42.42491594857872
127	tsk_3138	0.0024695793457508723	27.633562349083466	47.502114625467165
128	tsk_10287	0.00246937567309488	40.5825578020712	9.721558823245992
129	tsk_3039	0.00246822150734335	39.559894283156346	18.85071735156172
130	tsk_10543	0.002468163276834225	31.651169086446767	29.87401671373341
131	tsk_7327	0.0024684409770326927	30.63393023325889	29.23610711155364
132	tsk_6992	0.0024680804677490267	45.08837540533945	16.27705158546397
133	tsk_10838	0.0024686601469452074	28.72113120363905	17.61837597077336
134	tsk_10577	0.0024693182936136493	29.470446167895467	35.570798318745155
135	tsk_7669	0.0024689223935563816	31.908027266335992	7.03183521961427
136	tsk_2853	0.0024701908587868816	47.62583775103785	1.733144269914871
137	tsk_5267	0.00246923022306653	46.22330907864417	34.24096279210921
138	tsk_9903	0.002469238696593593	27.358374422271304	33.15751420784412
139	tsk_628	0.002468760717151263	48.76547211779892	9.517547927949074
140	tsk_7238	0.002468147215928756	33.172609598241415	46.37598399145621
141	tsk_11303	0.002467730548226292	28.671492112238862	42.067928106669605
142	tsk_3389	0.002468584639334752	26.57753710407065	28.05412692392733
143	tsk_967	0.0024699886586630666	48.97947665731434	32.47116306261126
144	tsk_4172	0.0024677694164373645	34.61031521900665	30.14714744244684
145	tsk_2947	0.0024694326194838628	35.180420731344405	8.772760444355487
146	tsk_8311	0.002468424833009616	26.668455488025185	42.25598114771842
147	tsk_199	0.002468144856169939	46.41349763097278	28.18320906906665
148	tsk_10976	0.0024683389726970362	44.56669001501188	13.88938041241918
149	tsk_6657	0.0024693746465726785	46.81084003995629	44.76173707611956
150	tsk_787	0.0024683643690765734	36.3658138719797	42.65605099870815
151	tsk_6460	0.0024687658675362884	42.52237952113587	29.66446228754733
152	tsk_1098	0.0024733018931379913	19.92691968549577	19.65800441055136
153	tsk_9265	0.002469043449526377	48.66244279804594	23.120962557919107
154	tsk_4594	0.002468404326458634	33.988853972621705	47.53383714818506
155	tsk_7211	0.002468624710265871	26.585015209996275	13.75381920728299
156	tsk_6573	0.0024687156887940338	39.99295567299392	31.85514176512524
157	tsk_8360	0.0024684648129102114	35.85432317012567	15.302445733227614
158	tsk_11824	0.00246838359744595	30.13582100430853	6.452508486912866
159	tsk_1037	0.002469395298105377	34.705289698856674	8.514381554096255
160	tsk_9103	0.002468223503977639	38.160127814137525	20.035628803299307
161	tsk_1171	0.0024693224046805793	41.39563321615655	1.3972469797993778
162	tsk_549	0.0024697504756979135	36.90183408362055	48.80546474399891
163	tsk_9657	0.002469386600826208	31.9390834897234	34.47729365898641
164	tsk_10910	0.0024679729932415473	45.04349988845116	18.93201787326068
165	tsk_7850	0.002468844766360446	42.55594350101193	44.62836831890248
166	tsk_4544	0.002468577644921882	29.41677696908232	14.652696065829154
167	tsk_4025	0.002473351460397153	13.683122462954938	36.64573067942093
168	tsk_3615	0.0024695001494586337	45.54765189794593	3.9616773932514233
169	tsk_6529	0.0024686371416419214	31.02187498007665	11.854840256515384
170	tsk_1986	0.002468181717661199	43.334473831058965	22.211331105178992
171	tsk_6806	0.0024686268403712984	27.60013376195977	16.25431584525173
172	tsk_9639	0.0024693825349180413	25.58227858780949	17.763551073583734
173	tsk_5807	0.002468456723259495	38.485426210559446	20.571806872127105
174	tsk_7982	0.0024714629604881025	14.814479754800065	45.57943016372128
175	tsk_4749	0.00246827566535464	42.94362429324322	39.95176021654679
176	tsk_2287	0.0024689213839990958	32.974653847156794	48.9902558626906
177	tsk_8209	0.002468521113888564	28.587025768958988	24.326162121887943
178	tsk_3781	0.0024688913384728266	47.43804400147233	16.50223473763734
179	tsk_2807	0.002469436821153951	34.79052510052687	8.912412504285589
180	tsk_4731	0.002469161485597557	49.07806691603962	8.116186701533454
181	tsk_6595	0.002471754707368772	19.470088530090525	46.38115913299495
182	tsk_10462	0.0024687338653253906	29.613922261473025	32.57628654006661
183	tsk_1566	0.0024696605299421473	47.054923397197925	47.61833432165195
184	tsk_3625	0.0024684603051947454	45.26858381594629	9.711602660532815
185	tsk_10936	0.00246830665361351	42.99593820725144	36.36708961663892
186	tsk_1819	0.0024680741415082632	32.540860984141766	31.053555345530533
187	tsk_7119	0.0024676801845781456	30.677754155136064	41.29882699622575
188	tsk_3972	0.0024690626904551177	31.25635474383639	14.81034976318904
189	tsk_4285	0.002469309571025816	38.44817379095225	4.107953193452241
190	tsk_2049	0.002468992359744436	30.97269777320418	38.1298269157969
191	tsk_6585	0.0024683850743554138	35.06028456142573	42.54324429860844
192	tsk_4714	0.0024693243050550153	26.138555664192182	31.73379502760792
193	tsk_11404	0.0024686160122090323	47.53622570174907	20.359951952482465
194	tsk_961	0.002468737865308259	42.98577606104827	29.432031291959795
195	tsk_3095	0.0024690057326263036	46.60365043759744	41.193505359744506
196	tsk_7435	0.0024697936059197103	38.96235369908122	48.1909178976204
197	tsk_4281	0.0024678482770431913	28.26856732134987	7.024979685985198
198	tsk_3539	0.002470191795658697	28.53166985001154	2.453515294679661
199	tsk_2453	0.0024723622396345623	8.705654543813054	7.600792598678199
200	tsk_8593	0.0024696862855829566	33.783383615594715	24.13752681619613
201	tsk_11523	0.0024679292535041797	36.71782885319511	30.415064609848123
202	tsk_2213	0.0024694063976855854	36.09039347899252	4.900451751387166
203	tsk_6152	0.0024678806794372673	29.76371039503352	9.181596000580376
204	tsk_2564	0.0024679923289315565	33.61020986307765	31.14684071240618
205	tsk_8196	0.0024682645086752573	35.395824490844525	31.96710706916949
206	tsk_128	0.002468447254853709	38.6317995224502	41.58010470582524
207	tsk_6771	0.00246919298871845	41.43743019767483	2.8331898701889564
208	tsk_8985	0.002468417350445651	29.94369364600984	39.02160498093165
209	tsk_11487	0.0024691626853332554	41.55887111070517	2.4267935005251235
210	tsk_6383	0.002468730964249997	39.34052527625469	38.91629879206147
211	tsk_10381	0.0024688648197714177	26.050902699332653	24.75004777012285
212	tsk_9233	0.002468349657397588	36.94189552653922	15.53828897505696
213	tsk_1630	0.002473939939172127	17.582727453284	29.629700141172105
214	tsk_4926	0.00246855013958057	38.68589308804141	28.6021055447814
215	tsk_11094	0.0024680015644419307	34.06700973444821	28.89428603931616
216	tsk_5968	0.002469037444189441	36.02211701413142	39.36414298589389
217	tsk_11275	0.0024714152963582984	18.10170341381648	46.447244646592566
218	tsk_1334	0.002468727239135719	26.20253974051714	29.046305255033964
219	tsk_7310	0.002468329422250467	41.42951466400144	35.00770977936954
220	tsk_354	0.0024702687417403925	49.0135815357959	37.03700508502106
221	tsk_10596	0.002467953064242717	44.599575632273286	19.26904251776651
222	tsk_3232	0.002469151202204702	26.013445306309627	22.793301080953256
223	tsk_3314	0.002468565884603416	26.69549707526528	43.82344432486215
224	tsk_2980	0.0024684985878793597	44.220317657914016	42.21834569425866
225	tsk_9974	0.002468052391337358	31.70308849433578	40.50456630428126
226	tsk_9156	0.0024723904404922877	10.17876241880575	8.607260257440633
227	tsk_998	0.00246842994087788	46.35146805678243	8.256248150647265
228	tsk_8230	0.0024683081762970653	28.16075036239365	40.020193218817255
229	tsk_9133	0.0024690102803995107	33.6228817289689	22.30707611856295
230	tsk_4917	0.002469173267361589	48.074005284408464	6.572201191783205
231	tsk_8167	0.0024682717295866057	34.06353070294442	46.716852897270094
232	tsk_4388	0.0024686776731126323	38.62110861998834	15.229710519013052
233	tsk_4637	0.002468364475158616	43.38137578017708	36.90378853794184
234	tsk_7171	0.00247023511175798	49.01405426018511	36.75836493455633
235	tsk_9373	0.002469451417845212	41.80207478887091	7.580963016825449
236	tsk_4818	0.002472609653199335	6.506969173985118	28.255479705850043
237	tsk_2182	0.002469271675678948	28.272555817722004	3.852508893386041
238	tsk_8005	0.002471854417553255	24.17946450379528	0.9296647824591237
239	tsk_3395	0.002467922407963719	28.12800696780907	42.87152677067608
240	tsk_6536	0.002469468159342971	43.06668471207228	1.4505960367418125
241	tsk_4670	0.0024688169581191235	38.54833129805999	37.29827073987785
242	tsk_7220	0.0024692899176657944	37.39911505003455	5.111671175484193
243	tsk_10025	0.0024692862925743946	26.163223731855165	19.844148036839307
244	tsk_6655	0.0024680948595303858	29.103667332536563	11.843039554982225
245	tsk_6041	0.002467932617844356	29.333849580971386	40.18177006547249
246	tsk_8654	0.002469568600586472	45.74800633053699	48.10867122059061
247	tsk_6027	0.0024686885500617164	42.84629540746124	12.855385247285591
248	tsk_6547	0.0024682499795526456	37.75057847263298	20.241211852224456
249	tsk_1495	0.0024692598804842312	36.520597109674384	35.786502507478765
250	tsk_3890	0.0024677586576397756	35.5312418844065	29.986678848211785
251	tsk_10400	0.0024676967095312056	27.47411011887572	8.662776471295558
252	tsk_11697	0.0024679959461042455	44.89736462189356	17.086529740441456
253	tsk_3587	0.002471450657459099	22.223506691520203	7.923474897684881
254	tsk_8862	0.0024686632294834655	42.7854764965835	30.517506076985413
255	tsk_8569	0.0024685500649207627	26.42280463772658	5.917011350483239
256	tsk_2903	0.002472291074258628	22.012753075927463	41.69059558457513
257	tsk_4852	0.0024679748144908623	37.7471800626974	19.24187909019573
258	tsk_3459	0.002468037548065777	43.68730442389949	16.54140082701625
259	tsk_3572	0.0024707340612264497	35.158811321487875	1.5452607887608911
260	tsk_9054	0.002467978227939186	35.098888951167915	19.80375018271846
261	tsk_2141	0.002469267203789511	49.0088302581551	24.47938306955695
262	tsk_5537	0.0024682942991609102	44.646956223206494	23.375673954695102
263	tsk_3959	0.0024694276444775396	47.43729202921818	5.150889429966922
264	tsk_238	0.0024688660941303677	30.63442626286865	48.82101201184763
265	tsk_2672	0.0024685860963766897	29.133071598993297	23.935254545668904
266	tsk_9901	0.0024676987154820798	29.14963287220633	41.18422575497144
267	tsk_2773	0.002468190559976302	37.48361136820802	16.223327637863573
268	tsk_179	0.0024684824310210675	40.81642134424539	34.14512162314896
269	tsk_8755	0.0024683976549895238	35.40383088185106	15.690918927458965
270	tsk_5657	0.002473261214255517	12.0580609678791	26.36311180363401
271	tsk_550	0.0024698156839037927	46.2601377907338	1.9682147059351904
272	tsk_375	0.0024685260680793876	27.77583331725222	28.363413286596234
273	tsk_11465	0.002468448748976609	44.1879808056363	41.92157735890942
274	tsk_10739	0.0024692172774420065	48.42959340338267	13.274044760008048
275	tsk_9985	0.002468334641586553	47.56777085404391	27.58630894690374
276	tsk_9034	0.002468568693994705	27.328208302332865	15.23770501111418
277	tsk_4279	0.0024685043102829272	44.96894909447491	41.32293209676893
278	tsk_8291	0.002468789474060165	34.09599122833346	15.548068322219027
279	tsk_5025	0.002467899132628057	29.350079252712128	10.468079724873787
280	tsk_563	0.002468371169838146	35.51131757888593	42.9186429047917
281	tsk_712	0.0024691096723908528	37.44249992595128	47.22991579980269
282	tsk_8074	0.002468662715628731	29.183932215768525	31.53792003371236
283	tsk_6702	0.0024682408420052386	41.72857920441684	19.51040761339632
284	tsk_10768	0.002468531040960592	38.83864786072836	28.917594664682376
285	tsk_7061	0.0024681093167132095	33.91998448058979	19.70572067139821
286	tsk_625	0.0024687113081013345	26.29402513039266	25.60520782451338
287	tsk_2845	0.0024691759870807644	41.89579807944173	2.384466885012665
288	tsk_713	0.0024682988700746424	43.63231136415612	40.64897063319783
289	tsk_6587	0.0024700753490557122	25.171529502112868	32.430638307349845
290	tsk_2723	0.0024690766796349414	30.39248965650468	5.139029045005335
291	tsk_11309	0.0024694578516073792	27.42287315858636	34.281352507098426
292	tsk_4903	0.002468135270271767	45.03247645270991	15.689921945103684
293	tsk_406	0.002467982273205457	29.44091598399598	10.90489751689139
294	tsk_2789	0.002468716862477297	39.232676961687865	35.4315018248591
295	tsk_11817	0.0024693135436425384	25.865570071540592	44.8240797298137
296	tsk_3914	0.002468338233891384	41.53766037716374	20.710189602352035
297	tsk_2518	0.002468526409509241	36.32215629530216	32.44413612030821
298	tsk_10032	0.002471558819222032	14.262288644198955	45.24279565890883
299	tsk_10106	0.002468689731600238	48.28081461370064	11.332650385750483
300	tsk_8028	0.0024685761097193782	29.6895635221816	14.211238639966874
301	tsk_9505	0.0024686138539586405	29.750300282584018	21.493308810520247
302	tsk_11279	0.0024683293806609316	34.497017524763486	46.47250848897987
303	tsk_2445	0.002469673314286733	24.57705141085666	12.652073788141452
304	tsk_1387	0.002467836105020918	35.2376210224999	18.554842026316003
305	tsk_8872	0.0024735386409234766	2.56203767208442	33.06317993261332
306	tsk_8879	0.0024686915078142423	25.68488478190056	6.535043729792773
307	tsk_66	0.002470221556657319	49.23047766823712	46.26758287116541
308	tsk_525	0.0024691930823015048	25.232765943255863	29.509728867014573
309	tsk_8560	0.0024688183903926793	48.10137620489473	21.165265797258048
310	tsk_10508	0.0024683673130487583	34.370669564291376	42.23327491264598
311	tsk_10162	0.0024677760022615066	29.460995295609777	40.62620247629447
312	tsk_1750	0.0024679858788169526	38.11040698748921	17.96337685515624
313	tsk_10846	0.0024685042763079525	47.24645387849961	25.34498357096049
314	tsk_1956	0.002468696468353138	26.32401270409581	13.471822488931473
315	tsk_10665	0.0024685185269665497	35.40911764743486	41.58061396542049
316	tsk_2654	0.002468462402349932	41.60975047523685	33.49078528987934
317	tsk_7920	0.0024690348537677897	48.01287580415656	30.67212419706887
318	tsk_8084	0.0024691732658054357	35.17014150267339	13.859973292046362
319	tsk_10894	0.00246778010682248	27.552908267269235	9.841366296383343
320	tsk_9289	0.00246964177942478	43.23781690325321	1.1001684241491712
321	tsk_3626	0.002468865651374041	43.75827279410485	9.257801246920597
322	tsk_5706	0.0024682304165409897	32.31225307988669	31.570727794154013
323	tsk_11030	0.0024687256706584335	38.0983839132983	32.56674586194051
324	tsk_7147	0.002467846002579713	36.32967730782136	30.252189745636475
325	tsk_11266	0.002468512434257871	40.03243076785519	20.643177742749344
326	tsk_2936	0.0024677798394861297	31.23621610127121	42.35600747037186
327	tsk_9299	0.0024694693579785433	46.80742231630367	36.00192814664836
328	tsk_9269	0.002468729058071196	43.40390407721755	24.457611353305545
329	tsk_1271	0.002471657667681818	16.147503480913976	11.709884758432135
330	tsk_4230	0.002468533461324987	39.26011410690747	44.69234458650121
331	tsk_7260	0.0024681020148899766	32.500951808839304	41.29234720844913
332	tsk_8092	0.002468502533039215	27.359716654717563	25.09065806265607
333	tsk_10351	0.002469113322767827	48.7919681151847	22.557043012316765
334	tsk_1338	0.0024687324974654624	30.95718707961262	48.69192889866474
335	tsk_9701	0.0024683509272883015	42.516448815343175	34.4053919983734
336	tsk_7985	0.0024729024801826735	11.87256570214765	33.92063014797805
337	tsk_5382	0.0024693662783014146	40.461266610379	1.5393530558581432
338	tsk_4403	0.002468730486125537	42.26428384174435	30.126367008144165
339	tsk_536	0.002470910724221466	27.32377110552293	1.0634212700082772
340	tsk_18	0.0024694247573834446	28.863476318778226	48.61918954812026
341	tsk_5069	0.0024681562391275142	46.21137582877442	28.494951814873623
342	tsk_4258	0.002468194741899829	27.235796942406942	41.844534548462846
343	tsk_8296	0.0024681581011635535	46.622945877049965	27.791304756674403
344	tsk_3581	0.002472641154328481	15.15270233810162	19.537319397918264
345	tsk_8707	0.002470169150824677	47.694269613615866	1.8382017712905625
346	tsk_6566	0.0024682928840162968	47.29959908560481	28.776771434278963
347	tsk_10448	0.0024677969064985303	35.69253709198393	18.41025387940669
348	tsk_9629	0.0024684933855450264	30.304310957913305	47.651371487614654
349	tsk_3173	0.002468524296933747	42.523083552065806	13.83730003253884
350	tsk_5734	0.002468375879470748	30.73470368725552	47.57327648032745
351	tsk_3401	0.0024687643700283006	27.20305365518601	22.74031765947489
352	tsk_7102	0.0024691761364701126	25.378472660659018	25.20423978294869
353	tsk_5434	0.002468858727121735	38.46700064708433	35.71452065668158
354	tsk_5917	0.0024697195491868986	37.683130689410696	11.30907716502448
355	tsk_1780	0.0024732592627599095	10.541663864388916	46.127001968017055
356	tsk_9292	0.0024688371409555985	26.563399494616508	5.14621865900853
357	tsk_9131	0.0024685421443946696	27.780410206379003	28.730650050726503
358	tsk_11881	0.0024684747582970246	41.0637266045737	39.21975614224891
359	tsk_1832	0.0024692256943938664	47.15075012419227	41.63441124675408
360	tsk_2710	0.002468435747068775	43.70978950278888	36.92657513540862
361	tsk_3682	0.002468943742233148	48.65411049599759	26.585625772162004
362	tsk_5287	0.0024701402313567367	48.32111869222198	2.8982695155098925
363	tsk_5342	0.0024739812054814492	18.47203397187592	1.818893730692628
364	tsk_8492	0.002468508775801574	31.52690484284987	19.041187980590315
365	tsk_7860	0.002471435108689832	25.017124330723863	37.217367967040026
366	tsk_7486	0.002468610591250619	29.45530547104265	21.32590342550981
367	tsk_8570	0.0024682874511318858	43.52795472148357	40.02858008604811
368	tsk_2252	0.0024722059641518203	18.637215231014505	48.75324408564133
369	tsk_8675	0.002467971243716237	29.85564108168935	43.80213388872156
370	tsk_8037	0.0024681366303235296	31.79549594254477	46.43262739203275
371	tsk_3165	0.002468355137501778	46.60448022759671	17.966241874889818
372	tsk_9135	0.0024684036046412425	47.302343048915695	8.472130140768872
373	tsk_1530	0.0024684512463979905	28.97554205916029	5.538199027982291
374	tsk_10644	0.002468542077417705	30.40294059370884	19.79560751048703
375	tsk_7231	0.0024687205823684566	35.62147744303487	47.28224179863871
376	tsk_9336	0.002470335917969594	49.44385263041264	45.99313912863597
377	tsk_6931	0.0024689245598572204	40.69642147880818	14.200170431486034
378	tsk_4679	0.0024685236222201515	28.51191728129953	25.536942987386485
379	tsk_8690	0.002469127087357733	32.61764178511555	7.278647988150989
380	tsk_7632	0.002470288060756242	39.319073783587896	48.955449676462166
381	tsk_5183	0.002469419350411197	40.41000419046036	10.087720938714751
382	tsk_11276	0.002468173357702063	31.435205791687714	45.891429957154905
383	tsk_7316	0.002468284464365659	42.701827023517154	38.6932816903425
384	tsk_3012	0.00246966370845217	40.75585033402386	25.27931415972972
385	tsk_6705	0.002468588957181161	30.336017605454145	18.79643596548508
386	tsk_8989	0.0024682836890001277	45.951349555884384	26.967167594024403
387	tsk_3035	0.00246837433187599	42.84129668252714	14.287119329419616
388	tsk_5060	0.0024679116295732648	31.629376076138804	40.996210374712696
389	tsk_281	0.002468307032285893	32.00600699163642	28.87569060685184
390	tsk_11156	0.0024703450309949996	36.78007574804065	1.1166244815251465
391	tsk_6506	0.0024683070702164853	39.09100236497467	42.88941535658965
392	tsk_8144	0.0024719291476699864	4.28429384639183	29.153446256254924
393	tsk_19	0.0024693664345155305	40.82158866273184	8.547522094296836
394	tsk_6840	0.0024685763152762176	48.14332078328991	8.61978479739852
395	tsk_8271	0.0024723137257705165	12.234898247557007	16.862325482604625
396	tsk_3699	0.0024686884255181014	44.87080251687341	8.33075097704435
397	tsk_6692	0.0024680895215872913	43.31289482742173	21.40186136606278
398	tsk_8728	0.0024740540712625894	6.008007567246013	42.92905537122336
399	tsk_8289	0.0024679398955766855	34.4908210006773	28.945141034095684
400	tsk_7789	0.0024684533456585432	41.36139893089194	16.561473878823318
401	tsk_9554	0.002467649564062213	30.557063038680365	41.92728605690765
402	tsk_10986	0.0024686035442029884	30.7861250207565	12.271562931510696
403	tsk_11800	0.0024685972681102787	45.1600148472894	8.43861355924442
404	tsk_7827	0.002474154031352966	3.992791087741221	48.81757051200179
