	sampleID	sample_weight	x	y
0	tsk_3201	7.244972639852979e-13	37.1095495543173	8.475178278879106
1	tsk_818	2.070070592893166e-11	48.35173204322674	43.45275135674894
2	tsk_6279	1.1851595624286372e-05	16.55387891436771	24.72527475399052
3	tsk_5307	1.2856788436905504e-13	29.911025338303286	41.81357999462968
4	tsk_2633	1.2680329104513627e-13	37.824714579274485	44.561047525050974
5	tsk_3060	5.768152843002843e-14	41.05693007468425	41.655483033795385
6	tsk_9200	1.5329091818866347e-12	25.94327699156614	19.70812267341277
7	tsk_7960	2.2329520086611619e-13	46.78456032660842	24.901893264836115
8	tsk_2228	7.7486697714199e-07	18.225449419558515	7.723215720361405
9	tsk_5919	1.1135590390065874e-13	28.72990847834976	19.398955895796195
10	tsk_4964	5.171530795212543e-11	25.00435927007738	43.221088856019385
11	tsk_10464	1.0439498399828114e-12	47.90552224170644	12.031839016457107
12	tsk_9040	5.308948008494655e-14	45.26548156037029	17.32261841743697
13	tsk_8637	1.923298972421182e-13	27.76287184585584	9.300785017041786
14	tsk_8294	2.5839517939545463e-14	43.99273665099778	35.575322434235666
15	tsk_11151	9.516131866416122e-11	44.95476255714746	49.04696993784961
16	tsk_1795	2.9311204317816463e-12	25.3699865313457	28.940766615022195
17	tsk_11663	1.0648961168064293e-12	42.16346017480873	46.3171204987794
18	tsk_7816	3.791703856524063e-14	44.4200401417852	37.25441619573131
19	tsk_2791	4.8767592548593735e-14	33.00662923310772	23.30542372662687
20	tsk_9624	1.7159984178680706e-13	29.95053664571744	8.362819780294176
21	tsk_922	1.3739533512090268e-13	34.16162734996489	46.19590610333365
22	tsk_235	9.139281680768239e-06	15.777324002866756	42.761384951228166
23	tsk_7651	6.280718015813946e-11	49.65374334407856	39.558059043875545
24	tsk_4108	3.734366656637194e-13	41.34942203954101	7.777238978274378
25	tsk_8266	1.2234342099732964e-12	48.08255123573142	12.52237826171674
26	tsk_1213	9.606089208691431e-12	44.056750538054	47.766027757385565
27	tsk_10568	3.045120396831536e-13	29.697445244729003	34.4922531065051
28	tsk_9794	7.575867582736968e-14	30.839318046648817	25.51741609372634
29	tsk_10814	3.4253793610579285e-14	44.41213844053179	21.26467174611814
30	tsk_3338	2.136351527738099e-14	34.73560182473811	20.368930580152004
31	tsk_2958	4.331603078693664e-12	48.46594831026619	9.56102731474798
32	tsk_4586	2.829174451144059e-14	43.20842225017888	22.48091751992577
33	tsk_5439	6.831569762328191e-14	45.55547968557414	22.072708694145607
34	tsk_2122	3.109283246899826e-14	42.41430657701773	23.621713400742504
35	tsk_5450	9.669831191112327e-13	26.31888991460012	28.84687123589816
36	tsk_10332	4.4859741675669457e-14	43.85371592755515	14.310983857805
37	tsk_10833	2.437263988259967e-14	43.81328688668936	33.7197100093463
38	tsk_5581	6.853265293688326e-14	36.54230474818759	38.447988780860896
39	tsk_8128	2.3535995702475904e-13	29.94619848991541	33.984874506588206
40	tsk_5829	8.280849688766761e-13	26.54141719821707	7.024888019633586
41	tsk_4894	2.983016794875667e-13	29.98656918178144	7.142864361015876
42	tsk_11032	2.1756001561351176e-12	47.44683967285791	41.25684665710497
43	tsk_1722	8.266379851528948e-14	30.41579009150465	25.889982834316207
44	tsk_10590	2.724022463032092e-06	17.31450012730684	9.682428796275271
45	tsk_407	5.64545567766741e-12	48.85224053737982	34.571614026478926
46	tsk_10615	5.0803927556949715e-11	23.451130914832977	21.969047429674827
47	tsk_11063	5.2707038891944244e-14	44.3932199712304	38.90759813825576
48	tsk_8888	1.1396489537576863e-12	32.02147851198494	48.15550360948383
49	tsk_7170	4.091582684831427e-12	44.43544186829577	46.85202326035234
50	tsk_2366	5.209936875054552e-14	31.713374138733883	30.26167459571702
51	tsk_3642	1.855094214695487e-13	27.74245366987568	10.038828143999323
52	tsk_9207	2.432144543648476e-14	32.62975779590108	19.69627714303641
53	tsk_9253	1.22792965530562e-13	33.55587684656997	37.1200319632494
54	tsk_4393	2.750798226151029e-13	46.27264352915876	10.911522671391692
55	tsk_8336	6.54704534686405e-13	47.57389920652139	12.484810708691851
56	tsk_1100	5.876826701877747e-14	45.04563499770493	23.50502740142407
57	tsk_9167	5.1039025680196906e-12	36.06242575802075	4.91911681366839
58	tsk_11027	3.505555285266979e-11	35.84518934626723	3.1066754937258603
59	tsk_7716	2.5701908830440808e-14	43.6982295419832	32.55571166571051
60	tsk_2728	2.5942718777980842e-14	37.09749786129428	28.446108312644085
61	tsk_1973	1.8112627483524796e-14	42.110051937979314	32.151364863695946
62	tsk_7684	1.1230500009278802e-13	38.69899590818878	43.91733440260973
63	tsk_4910	6.8620058846478475e-12	49.23224488564362	15.166501577880322
64	tsk_11092	4.572593891297194e-14	42.92010490549541	13.736864607885902
65	tsk_5049	2.089443494577427e-14	39.77340755834654	29.85090490957019
66	tsk_156	3.152933421245534e-14	37.916119625028784	27.340126083854525
67	tsk_7348	4.554587299036873e-14	44.08422571821583	29.19344225407432
68	tsk_2481	0.0036602560604917377	4.95522968804304	6.767890831928903
69	tsk_8672	2.6776049146340434e-13	43.72126511244841	43.741908165248624
70	tsk_6924	2.2391506780684232e-13	46.59434628056418	28.83883227458421
71	tsk_571	2.9463168768969454e-12	48.74358706986242	18.26425881804892
72	tsk_3046	8.214203119176645e-06	17.254740936680214	13.644424011580476
73	tsk_6998	3.1913929144025706e-12	26.65062387620821	34.25027989030959
74	tsk_11325	1.4416874325807486e-13	31.72190605456804	10.648276740292618
75	tsk_5488	1.7905213802165298e-12	25.889509925426392	15.99664914722304
76	tsk_2022	6.362421413064306e-14	35.55370053091798	35.23273019738335
77	tsk_201	3.244482184023053e-13	46.998677548355786	13.165106415955597
78	tsk_9127	9.089274075324405e-10	25.55604126630296	1.934907529801838
79	tsk_8644	0.00416173767998355	2.9415850474921985	28.38053139598041
80	tsk_8433	8.595395652381665e-13	28.237117567601768	44.85010324964887
81	tsk_4118	3.024265850546537e-14	36.50999528366433	27.76540997204868
82	tsk_6984	4.596923214382903e-13	27.06040628443176	14.849363549880906
83	tsk_4476	1.6524205343364163e-12	25.96031275409757	17.49343457225773
84	tsk_2114	7.664812120671613e-13	47.66180419951824	33.44829046497325
85	tsk_10122	2.1117656908613807e-14	39.17761859422498	16.531102876038215
86	tsk_3541	1.6015442105351766e-14	36.686581105356254	18.20650599716833
87	tsk_5521	0.3442377114847227	3.192196941133803	1.6837056834293536
88	tsk_4276	1.5624724317355254e-12	38.08985140872507	6.136627723391316
89	tsk_5355	2.484884384225056e-14	43.84123989927142	18.23841447080881
90	tsk_835	5.496824754413391e-14	37.55067682228747	38.5602918037283
91	tsk_3433	0.0002931366010732047	13.428490809880255	23.204215179962787
92	tsk_4329	1.9696652279142963e-14	33.79543001815755	19.41155457887007
93	tsk_4796	2.3135289149935418e-14	36.204669220739554	29.689321239996968
94	tsk_1699	4.668502504530526e-14	32.67622855558018	43.10159607228869
95	tsk_2517	1.8172027463493175e-14	34.98748504234482	19.57319868077472
96	tsk_8899	1.6818085480265755e-12	25.2272871971335	9.406481346832695
97	tsk_6743	7.795181333557203e-10	48.76906225132126	47.5031613085542
98	tsk_2623	1.300060613595565e-11	44.88068676245456	47.662647451737
99	tsk_1089	1.1663840459693204e-13	46.33970859404192	19.78790264065953
100	tsk_9798	1.542111983059712e-12	44.64798802816883	5.860382108391389
101	tsk_2446	2.3795396050158467e-12	25.32126795056502	12.680548913861344
102	tsk_1851	1.724368922745062e-14	42.76855120903651	34.99297629703137
103	tsk_5795	2.748226472734001e-13	27.598268170148664	8.024513640027491
104	tsk_8951	1.7828254051210234e-14	34.248127782818514	18.75178722464452
105	tsk_4607	5.623133287325103e-14	45.16930800989324	32.697700969337355
106	tsk_4661	8.262360280472266e-14	38.28830850785344	43.18170246238195
107	tsk_4011	4.059740835724108e-14	30.70266873470121	17.749193689161704
108	tsk_1393	6.631399168478428e-14	30.29638261251157	22.31983111769712
109	tsk_11062	3.5696814901319415e-14	40.60931510967305	24.64095545945412
110	tsk_6308	4.7128184274448106e-14	36.06065871909354	14.62410119920948
111	tsk_5104	4.5184068772777214e-14	36.51684126570388	25.195105121358093
112	tsk_1784	6.942930149856278e-13	47.63793869325869	29.04515587514695
113	tsk_11107	0.0008023630207496694	8.676099948855045	34.64886243168407
114	tsk_971	1.1352419240781776e-13	33.970929412408985	36.868612055790805
115	tsk_2057	5.051464458417576e-14	31.79202154543734	30.142497488519663
116	tsk_324	2.5343429414165045e-14	35.765492736468886	29.1233618825485
117	tsk_3210	1.9578109243023444e-13	44.7813183016021	9.67916105262804
118	tsk_5417	0.00042766058740477403	12.71486558689544	4.675392071971469
119	tsk_5195	4.39697337974114e-11	42.519688312188016	49.1538607580687
120	tsk_10781	1.6582718325540454e-14	41.98208749961214	18.98138926926977
121	tsk_11834	5.353098471682537e-13	26.48413128057792	8.214648618338542
122	tsk_5226	1.7067589779368689e-09	22.975456194434223	35.443443484319126
123	tsk_6003	1.7147999085199397e-13	28.29524401784237	13.714327113424906
124	tsk_4998	1.1200986117204443e-12	25.563170651950475	9.404407585300945
125	tsk_8208	1.1761407819683544e-13	39.45172049066813	43.79338734907447
126	tsk_11118	2.260278615433476e-12	27.443375545940665	36.987453656975774
127	tsk_3138	2.0102172569483993e-11	27.633562349083466	47.502114625467165
128	tsk_10287	2.225861136254452e-13	40.5825578020712	9.721558823245992
129	tsk_3039	1.5613924889129676e-14	39.559894283156346	18.85071735156172
130	tsk_10543	5.182718603414034e-14	31.651169086446767	29.87401671373341
131	tsk_7327	6.951004822471636e-14	30.63393023325889	29.23610711155364
132	tsk_6992	5.2528969193894444e-14	45.08837540533945	16.27705158546397
133	tsk_10838	1.1560108136035465e-13	28.72113120363905	17.61837597077336
134	tsk_10577	4.2748436103043115e-13	29.470446167895467	35.570798318745155
135	tsk_7669	5.506673101725772e-13	31.908027266335992	7.03183521961427
136	tsk_2853	2.7516596043771026e-09	47.62583775103785	1.733144269914871
137	tsk_5267	1.3151560321672586e-13	46.22330907864417	34.24096279210921
138	tsk_11232	1.2753451586483054e-12	40.555543217273886	5.58310249740906
139	tsk_9903	1.0822030281010618e-12	27.358374422271304	33.15751420784412
140	tsk_11005	4.068225169888661e-14	37.83903228207856	25.689326486548875
141	tsk_10989	1.9355298483925287e-14	42.21528601601918	37.1993909036968
142	tsk_7238	1.483145827328481e-13	33.172609598241415	46.37598399145621
143	tsk_11303	3.134104919346035e-13	28.671492112238862	42.067928106669605
144	tsk_3389	6.81373039278994e-13	26.57753710407065	28.05412692392733
145	tsk_967	6.340003221062965e-12	48.97947665731434	32.47116306261126
146	tsk_1101	2.5405646892065003e-14	35.382738328159284	30.89986790872382
147	tsk_4172	2.7535703536259675e-14	34.61031521900665	30.14714744244684
148	tsk_2947	6.522714468294668e-13	35.180420731344405	8.772760444355487
149	tsk_8311	3.1111803120516825e-12	26.668455488025185	42.25598114771842
150	tsk_199	1.8989322042538284e-13	46.41349763097278	28.18320906906665
151	tsk_4949	4.555843052508955e-13	47.50652620948964	24.27935580487048
152	tsk_10976	6.004226109252805e-14	44.56669001501188	13.88938041241918
153	tsk_787	5.966745309115541e-14	36.3658138719797	42.65605099870815
154	tsk_6460	2.7766274833224208e-14	42.52237952113587	29.66446228754733
155	tsk_7846	1.2509214462690759e-12	27.524228849360146	43.65872272818124
156	tsk_1098	6.972220489878954e-08	19.92691968549577	19.65800441055136
157	tsk_9265	2.1789459773090636e-12	48.66244279804594	23.120962557919107
158	tsk_4594	4.639541363877462e-13	33.988853972621705	47.53383714818506
159	tsk_7211	6.575169953532565e-13	26.585015209996275	13.75381920728299
160	tsk_6573	1.7293073694992917e-14	39.99295567299392	31.85514176512524
161	tsk_8360	3.422111676855853e-14	35.85432317012567	15.302445733227614
162	tsk_11824	4.798904777771358e-13	30.13582100430853	6.452508486912866
163	tsk_9103	1.783014547625296e-14	38.160127814137525	20.035628803299307
164	tsk_549	5.807367535420718e-12	36.90183408362055	48.80546474399891
165	tsk_8536	1.742894861988902e-14	42.82164617964701	35.01948059578208
166	tsk_9657	1.265558276342065e-13	31.9390834897234	34.47729365898641
167	tsk_3591	3.4667404657480684e-14	33.72760741220211	15.407529213571252
168	tsk_10910	4.297434900447226e-14	45.04349988845116	18.93201787326068
169	tsk_7850	3.1058871792705597e-13	42.55594350101193	44.62836831890248
170	tsk_4544	9.672943759007681e-14	29.41677696908232	14.652696065829154
171	tsk_4025	0.0004056492307892018	13.683122462954938	36.64573067942093
172	tsk_3464	2.258675775527525e-14	42.9417709080517	21.27651680971256
173	tsk_3615	1.503129422668925e-11	45.54765189794593	3.9616773932514233
174	tsk_6529	1.0257381806449289e-13	31.02187498007665	11.854840256515384
175	tsk_1986	2.778314697625112e-14	43.334473831058965	22.211331105178992
176	tsk_6806	2.8933210003262117e-13	27.60013376195977	16.25431584525173
177	tsk_9639	2.705329357143513e-12	25.58227858780949	17.763551073583734
178	tsk_5807	1.946676920155721e-14	38.485426210559446	20.571806872127105
179	tsk_631	3.8694134042038534e-14	38.6327358652359	25.876299664599607
180	tsk_4749	4.041163843251087e-14	42.94362429324322	39.95176021654679
181	tsk_2287	3.358524883147197e-12	32.974653847156794	48.9902558626906
182	tsk_8209	1.537093736297176e-13	28.587025768958988	24.326162121887943
183	tsk_3781	4.271850571574505e-13	47.43804400147233	16.50223473763734
184	tsk_11594	9.075299078173854e-07	18.81255985669785	43.54082825036862
185	tsk_2807	5.822528227752302e-13	34.79052510052687	8.912412504285589
186	tsk_4731	2.308940109982412e-11	49.07806691603962	8.116186701533454
187	tsk_10462	1.8581224414112706e-13	29.613922261473025	32.57628654006661
188	tsk_6099	1.0227119192317589e-13	45.83570484609749	31.65689928256567
189	tsk_1566	8.015310125606088e-11	47.054923397197925	47.61833432165195
190	tsk_3625	2.3189479351154845e-13	45.26858381594629	9.711602660532815
191	tsk_10936	1.9495560692378793e-14	42.99593820725144	36.36708961663892
192	tsk_1819	4.529912371282749e-14	32.540860984141766	31.053555345530533
193	tsk_7119	9.609660126617717e-14	30.677754155136064	41.29882699622575
194	tsk_4285	5.915629625911311e-12	38.44817379095225	4.107953193452241
195	tsk_2257	1.6428147313757153e-11	44.050141118373126	48.178922277861126
196	tsk_2049	1.9989398022554552e-13	30.97269777320418	38.1298269157969
197	tsk_6585	5.081021240526832e-14	35.06028456142573	42.54324429860844
198	tsk_4714	2.396391917633779e-12	26.138555664192182	31.73379502760792
199	tsk_961	3.169823797766073e-14	42.98577606104827	29.432031291959795
200	tsk_3095	7.270508453054022e-13	46.60365043759744	41.193505359744506
201	tsk_7435	4.556884719802994e-12	38.96235369908122	48.1909178976204
202	tsk_4281	3.398597521459948e-13	28.26856732134987	7.024979685985198
203	tsk_3539	7.391246632578896e-11	28.53166985001154	2.453515294679661
204	tsk_2453	0.0002445194896040897	8.705654543813054	7.600792598678199
205	tsk_8593	5.1781296497796e-14	33.783383615594715	24.13752681619613
206	tsk_11523	2.155135842461956e-14	36.71782885319511	30.415064609848123
207	tsk_2213	5.162011831402624e-12	36.09039347899252	4.900451751387166
208	tsk_6152	1.353365571783745e-13	29.76371039503352	9.181596000580376
209	tsk_2564	3.570523168070376e-14	33.61020986307765	31.14684071240618
210	tsk_8196	2.927050379802594e-14	35.395824490844525	31.96710706916949
211	tsk_128	5.948263617446608e-14	38.6317995224502	41.58010470582524
212	tsk_6771	1.4275042015443538e-11	41.43743019767483	2.8331898701889564
213	tsk_8985	2.515218972100453e-13	29.94369364600984	39.02160498093165
214	tsk_11487	2.3903758585575684e-11	41.55887111070517	2.4267935005251235
215	tsk_6383	3.696792796147806e-14	39.34052527625469	38.91629879206147
216	tsk_1033	4.8278874259571315e-14	32.69194913979884	43.675104337286726
217	tsk_10381	1.0489476354444668e-12	26.050902699332653	24.75004777012285
218	tsk_9233	3.071293975869184e-14	36.94189552653922	15.53828897505696
219	tsk_1630	1.8330241326642462e-05	17.582727453284	29.629700141172105
220	tsk_4926	2.4869462284181573e-14	38.68589308804141	28.6021055447814
221	tsk_11094	3.1960598184228875e-14	34.06700973444821	28.89428603931616
222	tsk_5968	7.083425248397192e-14	36.02211701413142	39.36414298589389
223	tsk_11275	4.448636639114486e-06	18.10170341381648	46.447244646592566
224	tsk_1334	1.126985510093459e-12	26.20253974051714	29.046305255033964
225	tsk_7310	1.576487106453045e-14	41.42951466400144	35.00770977936954
226	tsk_354	1.0081581051824302e-11	49.0135815357959	37.03700508502106
227	tsk_4538	4.689435608156735e-14	33.57985855185745	14.654531045798269
228	tsk_10596	3.356490156992098e-14	44.599575632273286	19.26904251776651
229	tsk_3232	1.1824029516943385e-12	26.013445306309627	22.793301080953256
230	tsk_3314	4.058992847980146e-12	26.69549707526528	43.82344432486215
231	tsk_2980	1.566794608833539e-13	44.220317657914016	42.21834569425866
232	tsk_9974	8.467755891365082e-14	31.70308849433578	40.50456630428126
233	tsk_9156	0.00018843139960272496	10.17876241880575	8.607260257440633
234	tsk_3265	3.303850737020633e-14	32.40141837142327	21.176940003196968
235	tsk_998	8.432751931710901e-13	46.35146805678243	8.256248150647265
236	tsk_8230	7.077364533598517e-13	28.16075036239365	40.020193218817255
237	tsk_9133	3.7596843742419584e-14	33.6228817289689	22.30707611856295
238	tsk_4917	1.5374888986555978e-11	48.074005284408464	6.572201191783205
239	tsk_8167	2.0613406337517852e-13	34.06353070294442	46.716852897270094
240	tsk_4388	3.374374213110414e-14	38.62110861998834	15.229710519013052
241	tsk_4637	2.295749572176247e-14	43.38137578017708	36.90378853794184
242	tsk_7171	9.66650509270203e-12	49.01405426018511	36.75836493455633
243	tsk_9373	3.819986861390443e-13	41.80207478887091	7.580963016825449
244	tsk_2182	7.849702098039088e-12	28.272555817722004	3.852508893386041
245	tsk_8005	3.1374278921457474e-08	24.17946450379528	0.9296647824591237
246	tsk_3395	5.378937444986438e-13	28.12800696780907	42.87152677067608
247	tsk_6536	1.2554196731883867e-10	43.06668471207228	1.4505960367418125
248	tsk_4670	3.7334842736894134e-14	38.54833129805999	37.29827073987785
249	tsk_7220	3.4224269271037524e-12	37.39911505003455	5.111671175484193
250	tsk_10025	1.1638434843467273e-12	26.163223731855165	19.844148036839307
251	tsk_5516	1.4444714187256158e-12	47.8368091958344	10.312134527682684
252	tsk_8654	4.178588565270561e-11	45.74800633053699	48.10867122059061
253	tsk_6027	5.854172469821799e-14	42.84629540746124	12.855385247285591
254	tsk_6547	1.869133118978344e-14	37.75057847263298	20.241211852224456
255	tsk_1495	5.528053377922755e-14	36.520597109674384	35.786502507478765
256	tsk_3890	2.435146422530223e-14	35.5312418844065	29.986678848211785
257	tsk_10400	2.4559075203493746e-13	27.47411011887572	8.662776471295558
258	tsk_11697	4.342531260207513e-14	44.89736462189356	17.086529740441456
259	tsk_3587	3.036704356859038e-10	22.223506691520203	7.923474897684881
260	tsk_8862	2.5694493598493636e-14	42.7854764965835	30.517506076985413
261	tsk_8569	1.9381921626988924e-12	26.42280463772658	5.917011350483239
262	tsk_2903	1.103412502177921e-08	22.012753075927463	41.69059558457513
263	tsk_4852	1.6239598070335e-14	37.7471800626974	19.24187909019573
264	tsk_3459	2.8088788954358578e-14	43.68730442389949	16.54140082701625
265	tsk_3572	4.688609332163913e-10	35.158811321487875	1.5452607887608911
266	tsk_9054	1.8721867644302554e-14	35.098888951167915	19.80375018271846
267	tsk_2141	3.838247166541268e-12	49.0088302581551	24.47938306955695
268	tsk_5537	4.83328177453758e-14	44.646956223206494	23.375673954695102
269	tsk_3959	2.4870529041829673e-11	47.43729202921818	5.150889429966922
270	tsk_238	5.754143436851685e-12	30.63442626286865	48.82101201184763
271	tsk_2672	1.1796602725829857e-13	29.133071598993297	23.935254545668904
272	tsk_9901	2.3820117232862355e-13	29.14963287220633	41.18422575497144
273	tsk_2773	2.3612776933240006e-14	37.48361136820802	16.223327637863573
274	tsk_179	1.598243165549886e-14	40.81642134424539	34.14512162314896
275	tsk_8755	2.921552926425497e-14	35.40383088185106	15.690918927458965
276	tsk_550	3.8472106566142533e-10	46.2601377907338	1.9682147059351904
277	tsk_101	3.7060647411043434e-10	22.208609450060013	25.530977786634683
278	tsk_375	2.6482742468345723e-13	27.77583331725222	28.363413286596234
279	tsk_11465	1.3502681142340296e-13	44.1879808056363	41.92157735890942
280	tsk_10739	1.855317936496936e-12	48.42959340338267	13.274044760008048
281	tsk_9985	5.934418939515174e-13	47.56777085404391	27.58630894690374
282	tsk_4279	1.6927383562675026e-13	44.96894909447491	41.32293209676893
283	tsk_8291	3.222492104599548e-14	34.09599122833346	15.548068322219027
284	tsk_563	5.4107114846612584e-14	35.51131757888593	42.9186429047917
285	tsk_712	8.542576386631487e-13	37.44249992595128	47.22991579980269
286	tsk_8074	1.783920966208371e-13	29.183932215768525	31.53792003371236
287	tsk_6702	1.6504103461225816e-14	41.72857920441684	19.51040761339632
288	tsk_10768	2.360987023592831e-14	38.83864786072836	28.917594664682376
289	tsk_625	8.098761606405059e-13	26.29402513039266	25.60520782451338
290	tsk_2845	2.5768754825897368e-11	41.89579807944173	2.384466885012665
291	tsk_713	6.329296909707811e-14	43.63231136415612	40.64897063319783
292	tsk_6587	1.0908751029512596e-11	25.171529502112868	32.430638307349845
293	tsk_2723	1.642345158117805e-12	30.39248965650468	5.139029045005335
294	tsk_11309	1.458816570996446e-12	27.42287315858636	34.281352507098426
295	tsk_4903	5.472894570437672e-14	45.03247645270991	15.689921945103684
296	tsk_406	1.12195383128994e-13	29.44091598399598	10.90489751689139
297	tsk_2789	2.3805638767465847e-14	39.232676961687865	35.4315018248591
298	tsk_3914	1.8434664325025075e-14	41.53766037716374	20.710189602352035
299	tsk_2518	2.7458687855989873e-14	36.32215629530216	32.44413612030821
300	tsk_10032	2.064858228409606e-05	14.262288644198955	45.24279565890883
301	tsk_8028	9.074024801277551e-14	29.6895635221816	14.211238639966874
302	tsk_9505	7.292295324777559e-14	29.750300282584018	21.493308810520247
303	tsk_11279	1.7898452747789465e-13	34.497017524763486	46.47250848897987
304	tsk_1387	1.6533661889317864e-14	35.2376210224999	18.554842026316003
305	tsk_8872	0.005399126935015812	2.56203767208442	33.06317993261332
306	tsk_8879	2.445784217197118e-12	25.68488478190056	6.535043729792773
307	tsk_66	5.262833259587633e-10	49.23047766823712	46.26758287116541
308	tsk_525	3.944279643980112e-12	25.232765943255863	29.509728867014573
309	tsk_8560	9.604043033428789e-13	48.10137620489473	21.165265797258048
310	tsk_10508	4.867886811919932e-14	34.370669564291376	42.23327491264598
311	tsk_10162	2.1651574597212243e-13	29.460995295609777	40.62620247629447
312	tsk_1750	1.6232230236629617e-14	38.11040698748921	17.96337685515624
313	tsk_10846	3.625900294996022e-13	47.24645387849961	25.34498357096049
314	tsk_1956	8.284120616467587e-13	26.32401270409581	13.471822488931473
315	tsk_10665	5.5525586761699955e-14	35.40911764743486	41.58061396542049
316	tsk_2654	1.5685579850969308e-14	41.60975047523685	33.49078528987934
317	tsk_7920	1.2150938144203802e-12	48.01287580415656	30.67212419706887
318	tsk_8084	6.896104779512329e-14	35.17014150267339	13.859973292046362
319	tsk_10894	2.0557767675420526e-13	27.552908267269235	9.841366296383343
320	tsk_9289	2.369493789637201e-10	43.23781690325321	1.1001684241491712
321	tsk_3626	1.8551586471192484e-13	43.75827279410485	9.257801246920597
322	tsk_5706	5.2584143292217064e-14	32.31225307988669	31.570727794154013
323	tsk_11030	2.1166108039059876e-14	38.0983839132983	32.56674586194051
324	tsk_7147	2.2323002412047284e-14	36.32967730782136	30.252189745636475
325	tsk_11266	1.854206409783304e-14	40.03243076785519	20.643177742749344
326	tsk_2936	6.541616388641062e-14	31.23621610127121	42.35600747037186
327	tsk_9299	2.746129950613131e-13	46.80742231630367	36.00192814664836
328	tsk_9269	3.8892164648561035e-14	43.40390407721755	24.457611353305545
329	tsk_4230	1.79349708881236e-13	39.26011410690747	44.69234458650121
330	tsk_8092	3.272230948805605e-13	27.359716654717563	25.09065806265607
331	tsk_10351	2.723465562094226e-12	48.7919681151847	22.557043012316765
332	tsk_1338	3.859843055148484e-12	30.95718707961262	48.69192889866474
333	tsk_9701	1.652474610713736e-14	42.516448815343175	34.4053919983734
334	tsk_7985	0.0005562477636380166	11.87256570214765	33.92063014797805
335	tsk_5382	8.9559581770987e-11	40.461266610379	1.5393530558581432
336	tsk_4756	7.502195763744188e-14	32.183183024927224	45.06015872380852
337	tsk_4403	2.4657795801354204e-14	42.26428384174435	30.126367008144165
338	tsk_536	1.6878540079713058e-09	27.32377110552293	1.0634212700082772
339	tsk_18	2.0478463562018824e-11	28.863476318778226	48.61918954812026
340	tsk_10602	2.5923677610817274e-13	28.77414090749369	7.348957587585079
341	tsk_5069	1.608946516367044e-13	46.21137582877442	28.494951814873623
342	tsk_7213	2.9142001205542835e-14	42.61355016839678	39.02251067644048
343	tsk_8296	2.2605510056583584e-13	46.622945877049965	27.791304756674403
344	tsk_3581	3.614363724649261e-05	15.15270233810162	19.537319397918264
345	tsk_10448	1.6230617643160388e-14	35.69253709198393	18.41025387940669
346	tsk_9629	1.3795500526157916e-12	30.304310957913305	47.651371487614654
347	tsk_3173	4.400401092150923e-14	42.523083552065806	13.83730003253884
348	tsk_4158	2.042336428573839e-13	42.8136077674167	43.83031857700151
349	tsk_5734	9.502112516960876e-13	30.73470368725552	47.57327648032745
350	tsk_3401	3.722328428546846e-13	27.20305365518601	22.74031765947489
351	tsk_7102	2.223600685835748e-12	25.378472660659018	25.20423978294869
352	tsk_5434	3.0776416704299444e-14	38.46700064708433	35.71452065668158
353	tsk_5650	3.872942074190164e-14	39.37380675836644	25.2823134207906
354	tsk_5917	2.384347084083442e-13	37.683130689410696	11.30907716502448
355	tsk_3667	2.6574642861570134e-14	42.98969474830584	38.33133329164214
356	tsk_1780	0.0006774748453245679	10.541663864388916	46.127001968017055
357	tsk_9292	3.553983655817439e-12	26.563399494616508	5.14621865900853
358	tsk_9131	2.721477706989894e-13	27.780410206379003	28.730650050726503
359	tsk_1832	1.678656423937168e-12	47.15075012419227	41.63441124675408
360	tsk_2710	2.581327449884436e-14	43.70978950278888	36.92657513540862
361	tsk_3682	2.3994978087944445e-12	48.65411049599759	26.585625772162004
362	tsk_5287	1.2392585712865448e-09	48.32111869222198	2.8982695155098925
363	tsk_5342	0.00011139570138364183	18.47203397187592	1.818893730692628
364	tsk_8492	2.9991093624886535e-14	31.52690484284987	19.041187980590315
365	tsk_7860	5.521346624305672e-11	25.017124330723863	37.217367967040026
366	tsk_7486	8.183260171722432e-14	29.45530547104265	21.32590342550981
367	tsk_8570	4.926976157280278e-14	43.52795472148357	40.02858008604811
368	tsk_2252	6.540164750263845e-05	18.637215231014505	48.75324408564133
369	tsk_8675	1.3752990166484418e-13	29.85564108168935	43.80213388872156
370	tsk_8037	1.9186076116584927e-13	31.79549594254477	46.43262739203275
371	tsk_3165	1.5648758130146414e-13	46.60448022759671	17.966241874889818
372	tsk_1143	3.9201753758081363e-14	33.97471833847279	15.061541648550802
373	tsk_9135	1.7456912061918133e-12	47.302343048915695	8.472130140768872
374	tsk_1530	9.561763606548723e-13	28.97554205916029	5.538199027982291
375	tsk_10644	4.664651317790414e-14	30.40294059370884	19.79560751048703
376	tsk_7231	5.008794953714352e-13	35.62147744303487	47.28224179863871
377	tsk_9336	6.305590971045908e-10	49.44385263041264	45.99313912863597
378	tsk_6931	4.368884037417525e-14	40.69642147880818	14.200170431486034
379	tsk_4679	1.6253954664257103e-13	28.51191728129953	25.536942987386485
380	tsk_8690	6.210975829320087e-13	32.61764178511555	7.278647988150989
381	tsk_7632	1.6164365577249388e-11	39.319073783587896	48.955449676462166
382	tsk_5183	2.067260514648342e-13	40.41000419046036	10.087720938714751
383	tsk_11276	1.4539394640705312e-13	31.435205791687714	45.891429957154905
384	tsk_7316	2.7268748877210703e-14	42.701827023517154	38.6932816903425
385	tsk_3012	3.6630349939397923e-14	40.75585033402386	25.27931415972972
386	tsk_6705	4.592307740834331e-14	30.336017605454145	18.79643596548508
387	tsk_8989	1.2958723599711772e-13	45.951349555884384	26.967167594024403
388	tsk_3035	3.918263787236057e-14	42.84129668252714	14.287119329419616
389	tsk_5060	7.542036592555243e-14	31.629376076138804	40.996210374712696
390	tsk_11156	5.587697441358865e-10	36.78007574804065	1.1166244815251465
391	tsk_8144	0.0015702820325165896	4.28429384639183	29.153446256254924
392	tsk_11149	9.16753790552909e-13	38.93931952665357	6.843863508978563
393	tsk_19	3.093384601383007e-13	40.82158866273184	8.547522094296836
394	tsk_8271	0.0012848693123753655	12.234898247557007	16.862325482604625
395	tsk_3699	3.60010253276823e-13	44.87080251687341	8.33075097704435
396	tsk_6692	2.464041709806249e-14	43.31289482742173	21.40186136606278
397	tsk_8728	0.025400350500936312	6.008007567246013	42.92905537122336
398	tsk_8289	2.989046593765239e-14	34.4908210006773	28.945141034095684
399	tsk_7789	2.0593184914147717e-14	41.36139893089194	16.561473878823318
400	tsk_10191	2.1438909024191803e-13	40.936949065475766	9.573617614425306
401	tsk_618	3.254519072119761e-14	31.657370652228856	16.90119908807257
402	tsk_10986	9.532972298859618e-14	30.7861250207565	12.271562931510696
403	tsk_11800	3.8295022214305653e-13	45.1600148472894	8.43861355924442
404	tsk_7827	0.6104000771164865	3.992791087741221	48.81757051200179
