	sampleID	sample_weight	x	y
0	tsk_3201	0.002680933833457367	37.1095495543173	8.475178278879106
1	tsk_818	0.0027080151795265124	48.35173204322674	43.45275135674894
2	tsk_6279	0.003576993233896531	16.55387891436771	24.72527475399052
3	tsk_5307	0.002109352998278445	29.911025338303286	41.81357999462968
4	tsk_2633	0.0023510416425821016	37.824714579274485	44.561047525050974
5	tsk_3060	0.0023834678207779693	41.05693007468425	41.655483033795385
6	tsk_7960	0.0022743576428625035	46.78456032660842	24.901893264836115
7	tsk_2228	0.0033315394182601107	18.225449419558515	7.723215720361405
8	tsk_5919	0.002382422034391371	28.72990847834976	19.398955895796195
9	tsk_4964	0.002559214778736189	25.00435927007738	43.221088856019385
10	tsk_10464	0.0022499925925468073	47.90552224170644	12.031839016457107
11	tsk_9040	0.0022160267137698725	45.26548156037029	17.32261841743697
12	tsk_8637	0.0020684742848916995	27.76287184585584	9.300785017041786
13	tsk_8294	0.002117234210533346	43.99273665099778	35.575322434235666
14	tsk_11151	0.002440352547187478	44.95476255714746	49.04696993784961
15	tsk_1795	0.002405989125427409	25.3699865313457	28.940766615022195
16	tsk_11663	0.0024035589938064808	42.16346017480873	46.3171204987794
17	tsk_7816	0.002149228652212582	44.4200401417852	37.25441619573131
18	tsk_2791	0.002576795496433142	33.00662923310772	23.30542372662687
19	tsk_9624	0.0021682835370551326	29.95053664571744	8.362819780294176
20	tsk_922	0.0023317700872430925	34.16162734996489	46.19590610333365
21	tsk_7651	0.002999512867294116	49.65374334407856	39.558059043875545
22	tsk_4108	0.002515245544454557	41.34942203954101	7.777238978274378
23	tsk_8266	0.0022772526160807923	48.08255123573142	12.52237826171674
24	tsk_1213	0.002292962544764081	44.056750538054	47.766027757385565
25	tsk_10568	0.002419504222156198	29.697445244729003	34.4922531065051
26	tsk_10814	0.0021551172284273697	44.41213844053179	21.26467174611814
27	tsk_3338	0.002188924794014518	34.73560182473811	20.368930580152004
28	tsk_2958	0.002319363113568422	48.46594831026619	9.56102731474798
29	tsk_4586	0.002174472691085284	43.20842225017888	22.48091751992577
30	tsk_5439	0.002210953616718693	45.55547968557414	22.072708694145607
31	tsk_2122	0.002308160894618295	42.41430657701773	23.621713400742504
32	tsk_5450	0.002343142667219577	26.31888991460012	28.84687123589816
33	tsk_10332	0.002268589670086497	43.85371592755515	14.310983857805
34	tsk_10833	0.0021787999181649637	43.81328688668936	33.7197100093463
35	tsk_7706	0.0021770951164697024	41.39928150971711	37.184446892414925
36	tsk_8128	0.002405060902433265	29.94619848991541	33.984874506588206
37	tsk_5829	0.002162762582987524	26.54141719821707	7.024888019633586
38	tsk_11121	0.003443529563026774	13.32732783146696	12.08019029192801
39	tsk_4894	0.0022068431976195466	29.98656918178144	7.142864361015876
40	tsk_11032	0.002559484249297572	47.44683967285791	41.25684665710497
41	tsk_1722	0.002721832806487187	30.41579009150465	25.889982834316207
42	tsk_10590	0.0031414467100204582	17.31450012730684	9.682428796275271
43	tsk_407	0.002634229505112052	48.85224053737982	34.571614026478926
44	tsk_10615	0.0031177289296077954	23.451130914832977	21.969047429674827
45	tsk_11063	0.002183096383997688	44.3932199712304	38.90759813825576
46	tsk_8888	0.002269592500658565	32.02147851198494	48.15550360948383
47	tsk_7170	0.002294280249776666	44.43544186829577	46.85202326035234
48	tsk_2366	0.002189454656683139	31.713374138733883	30.26167459571702
49	tsk_387	0.0023499856850081073	42.75924638929462	45.93202351114648
50	tsk_1022	0.002286140472189874	46.47049280257537	30.649848830186656
51	tsk_3642	0.002112404614488918	27.74245366987568	10.038828143999323
52	tsk_9253	0.0026893546251943986	33.55587684656997	37.1200319632494
53	tsk_4393	0.002356337376304599	46.27264352915876	10.911522671391692
54	tsk_8336	0.0022601712934647855	47.57389920652139	12.484810708691851
55	tsk_687	0.002415366597669388	48.74108824667524	21.573300944392543
56	tsk_1100	0.0022403738518433614	45.04563499770493	23.50502740142407
57	tsk_11027	0.0026765715992974077	35.84518934626723	3.1066754937258603
58	tsk_2419	0.0025678158835998866	45.49658393815109	5.231526253324676
59	tsk_7716	0.0022299375735783766	43.6982295419832	32.55571166571051
60	tsk_2728	0.002194151472364	37.09749786129428	28.446108312644085
61	tsk_1973	0.002287239164911963	42.110051937979314	32.151364863695946
62	tsk_7684	0.002297943995976886	38.69899590818878	43.91733440260973
63	tsk_4910	0.002735286811914733	49.23224488564362	15.166501577880322
64	tsk_11092	0.0022947693288234688	42.92010490549541	13.736864607885902
65	tsk_2367	0.002691496069035898	37.42771082139278	10.752475891424726
66	tsk_5049	0.0024972618117789424	39.77340755834654	29.85090490957019
67	tsk_156	0.002331841157110599	37.916119625028784	27.340126083854525
68	tsk_7348	0.0023355870373453456	44.08422571821583	29.19344225407432
69	tsk_2481	0.003656089148103651	4.95522968804304	6.767890831928903
70	tsk_2587	0.0023411226771302878	40.26738445297236	42.83231469435574
71	tsk_8672	0.002358017227928996	43.72126511244841	43.741908165248624
72	tsk_3193	0.0037367081925822492	7.219975647410015	12.853261683977957
73	tsk_6924	0.002197191777722613	46.59434628056418	28.83883227458421
74	tsk_571	0.002658054566824795	48.74358706986242	18.26425881804892
75	tsk_3046	0.003333088634993376	17.254740936680214	13.644424011580476
76	tsk_6998	0.0025043706012429787	26.65062387620821	34.25027989030959
77	tsk_11325	0.0024730474070814258	31.72190605456804	10.648276740292618
78	tsk_5488	0.0023844977410062587	25.889509925426392	15.99664914722304
79	tsk_2022	0.002613404075118199	35.55370053091798	35.23273019738335
80	tsk_201	0.002310422139403872	46.998677548355786	13.165106415955597
81	tsk_8644	0.00322012861260271	2.9415850474921985	28.38053139598041
82	tsk_8433	0.002335411171846289	28.237117567601768	44.85010324964887
83	tsk_4118	0.002251770556810025	36.50999528366433	27.76540997204868
84	tsk_6984	0.002240146974199435	27.06040628443176	14.849363549880906
85	tsk_4476	0.0024815912625953955	25.96031275409757	17.49343457225773
86	tsk_2114	0.0024733911765103373	47.66180419951824	33.44829046497325
87	tsk_3541	0.0022166846727308567	36.686581105356254	18.20650599716833
88	tsk_5521	0.0037545037048957743	3.192196941133803	1.6837056834293536
89	tsk_4276	0.002499553875252856	38.08985140872507	6.136627723391316
90	tsk_2214	0.0025902237435506885	38.51328222531942	1.930764680798162
91	tsk_5355	0.0022057033331330774	43.84123989927142	18.23841447080881
92	tsk_835	0.002566941089795887	37.55067682228747	38.5602918037283
93	tsk_3433	0.003451378223223492	13.428490809880255	23.204215179962787
94	tsk_10298	0.0025396156247825554	27.255273224290463	46.30295624962038
95	tsk_4329	0.0021509548428995835	33.79543001815755	19.41155457887007
96	tsk_4796	0.002076689771972892	36.204669220739554	29.689321239996968
97	tsk_1699	0.0022497637332241625	32.67622855558018	43.10159607228869
98	tsk_2517	0.0021337592672615825	34.98748504234482	19.57319868077472
99	tsk_8899	0.0023653507467155366	25.2272871971335	9.406481346832695
100	tsk_6743	0.002686239343169516	48.76906225132126	47.5031613085542
101	tsk_2623	0.00229486597247616	44.88068676245456	47.662647451737
102	tsk_1089	0.0022559561824007143	46.33970859404192	19.78790264065953
103	tsk_9798	0.002660794623872273	44.64798802816883	5.860382108391389
104	tsk_2446	0.0024566744573695904	25.32126795056502	12.680548913861344
105	tsk_1851	0.0020995050150001866	42.76855120903651	34.99297629703137
106	tsk_5795	0.002053215119342603	27.598268170148664	8.024513640027491
107	tsk_8951	0.0021372021521626726	34.248127782818514	18.75178722464452
108	tsk_4607	0.0022935896186676687	45.16930800989324	32.697700969337355
109	tsk_4661	0.0022939887564773697	38.28830850785344	43.18170246238195
110	tsk_4011	0.0023154936895802055	30.70266873470121	17.749193689161704
111	tsk_1393	0.002429977817238028	30.29638261251157	22.31983111769712
112	tsk_11062	0.0024867645594960244	40.60931510967305	24.64095545945412
113	tsk_6308	0.0023046516842812493	36.06065871909354	14.62410119920948
114	tsk_7522	0.0036211162600463874	11.813899256062168	18.40321207964353
115	tsk_1784	0.0022534346707482602	47.63793869325869	29.04515587514695
116	tsk_971	0.0026782261437668657	33.970929412408985	36.868612055790805
117	tsk_2057	0.0021853790089784754	31.79202154543734	30.142497488519663
118	tsk_324	0.0020883010891867833	35.765492736468886	29.1233618825485
119	tsk_5417	0.003709299677692849	12.71486558689544	4.675392071971469
120	tsk_5195	0.002628805164224195	42.519688312188016	49.1538607580687
121	tsk_10781	0.0022898258801563043	41.98208749961214	18.98138926926977
122	tsk_11834	0.0021246377122965832	26.48413128057792	8.214648618338542
123	tsk_5226	0.0033107239134009276	22.975456194434223	35.443443484319126
124	tsk_6003	0.0022329565180770053	28.29524401784237	13.714327113424906
125	tsk_4998	0.002296915924792363	25.563170651950475	9.404407585300945
126	tsk_8208	0.0023052414347408175	39.45172049066813	43.79338734907447
127	tsk_11118	0.002699826898300762	27.443375545940665	36.987453656975774
128	tsk_8088	0.0024254702980076883	25.666047528209663	42.42491594857872
129	tsk_3138	0.0026063957724078864	27.633562349083466	47.502114625467165
130	tsk_10287	0.002445821216099626	40.5825578020712	9.721558823245992
131	tsk_3039	0.002385527098268445	39.559894283156346	18.85071735156172
132	tsk_10543	0.0022050226819698747	31.651169086446767	29.87401671373341
133	tsk_7327	0.002356620496043948	30.63393023325889	29.23610711155364
134	tsk_6992	0.002253035826780329	45.08837540533945	16.27705158546397
135	tsk_10838	0.002354198984590478	28.72113120363905	17.61837597077336
136	tsk_10577	0.002499954452755567	29.470446167895467	35.570798318745155
137	tsk_2853	0.002828173076689807	47.62583775103785	1.733144269914871
138	tsk_5267	0.002375961527862838	46.22330907864417	34.24096279210921
139	tsk_11232	0.0025852983061177537	40.555543217273886	5.58310249740906
140	tsk_9903	0.002415518478898702	27.358374422271304	33.15751420784412
141	tsk_11005	0.002501156038787324	37.83903228207856	25.689326486548875
142	tsk_10989	0.002089847818922649	42.21528601601918	37.1993909036968
143	tsk_11303	0.0021171826193262726	28.671492112238862	42.067928106669605
144	tsk_967	0.0026675330440054726	48.97947665731434	32.47116306261126
145	tsk_1101	0.0020881506424130403	35.382738328159284	30.89986790872382
146	tsk_4172	0.00206144314711559	34.61031521900665	30.14714744244684
147	tsk_8311	0.002271087687965344	26.668455488025185	42.25598114771842
148	tsk_199	0.002198281945502011	46.41349763097278	28.18320906906665
149	tsk_4949	0.002278806789896264	47.50652620948964	24.27935580487048
150	tsk_10976	0.002318088189786606	44.56669001501188	13.88938041241918
151	tsk_6657	0.002594175093781497	46.81084003995629	44.76173707611956
152	tsk_787	0.0023164470286936734	36.3658138719797	42.65605099870815
153	tsk_6460	0.002358723763277359	42.52237952113587	29.66446228754733
154	tsk_7846	0.0022395167276027176	27.524228849360146	43.65872272818124
155	tsk_1098	0.0036670572502111496	19.92691968549577	19.65800441055136
156	tsk_9265	0.0023617409583222473	48.66244279804594	23.120962557919107
157	tsk_4594	0.0023500678942037804	33.988853972621705	47.53383714818506
158	tsk_7211	0.002273328202199303	26.585015209996275	13.75381920728299
159	tsk_11824	0.0022774813128447016	30.13582100430853	6.452508486912866
160	tsk_9103	0.0023591287036856573	38.160127814137525	20.035628803299307
161	tsk_1171	0.0023952240881024637	41.39563321615655	1.3972469797993778
162	tsk_549	0.002680934891347169	36.90183408362055	48.80546474399891
163	tsk_8536	0.0020974721130071574	42.82164617964701	35.01948059578208
164	tsk_9657	0.002602238078367271	31.9390834897234	34.47729365898641
165	tsk_3591	0.002243355413429505	33.72760741220211	15.407529213571252
166	tsk_10910	0.002187342184495946	45.04349988845116	18.93201787326068
167	tsk_7850	0.0023483483985916095	42.55594350101193	44.62836831890248
168	tsk_4544	0.0022841525117990955	29.41677696908232	14.652696065829154
169	tsk_4025	0.0036029874181397847	13.683122462954938	36.64573067942093
170	tsk_3464	0.002164347176167233	42.9417709080517	21.27651680971256
171	tsk_3615	0.0025773020492498356	45.54765189794593	3.9616773932514233
172	tsk_6529	0.00234513965512591	31.02187498007665	11.854840256515384
173	tsk_1986	0.0021599235752536444	43.334473831058965	22.211331105178992
174	tsk_6806	0.0022879223125846166	27.60013376195977	16.25431584525173
175	tsk_2043	0.0024842321895313397	39.69965385882907	15.909670961105638
176	tsk_9639	0.002565535216084058	25.58227858780949	17.763551073583734
177	tsk_631	0.0024468260318408893	38.6327358652359	25.876299664599607
178	tsk_4749	0.002165437674232764	42.94362429324322	39.95176021654679
179	tsk_2287	0.002461221172529732	32.974653847156794	48.9902558626906
180	tsk_8209	0.002431429862290242	28.587025768958988	24.326162121887943
181	tsk_3781	0.002468941588777045	47.43804400147233	16.50223473763734
182	tsk_11594	0.003438336280647821	18.81255985669785	43.54082825036862
183	tsk_2807	0.002954392408343651	34.79052510052687	8.912412504285589
184	tsk_4731	0.0024967674306349973	49.07806691603962	8.116186701533454
185	tsk_6595	0.0033078390079536975	19.470088530090525	46.38115913299495
186	tsk_10462	0.0023779552509990485	29.613922261473025	32.57628654006661
187	tsk_6099	0.002316655922000883	45.83570484609749	31.65689928256567
188	tsk_1566	0.0024963347312080735	47.054923397197925	47.61833432165195
189	tsk_10936	0.0020593260821504707	42.99593820725144	36.36708961663892
190	tsk_1819	0.002169935631756652	32.540860984141766	31.053555345530533
191	tsk_7119	0.002141281394336018	30.677754155136064	41.29882699622575
192	tsk_3972	0.0023656817426139535	31.25635474383639	14.81034976318904
193	tsk_4285	0.0024938300300031413	38.44817379095225	4.107953193452241
194	tsk_2257	0.0023186268951299505	44.050141118373126	48.178922277861126
195	tsk_2049	0.0025228506949134	30.97269777320418	38.1298269157969
196	tsk_6585	0.0023004094991427213	35.06028456142573	42.54324429860844
197	tsk_4714	0.0024850235835329353	26.138555664192182	31.73379502760792
198	tsk_11404	0.0023420091993241964	47.53622570174907	20.359951952482465
199	tsk_961	0.0023575547972110363	42.98577606104827	29.432031291959795
200	tsk_3095	0.002473404757080139	46.60365043759744	41.193505359744506
201	tsk_7435	0.0026594990953483777	38.96235369908122	48.1909178976204
202	tsk_4281	0.002092536435795812	28.26856732134987	7.024979685985198
203	tsk_2453	0.0032722148154977915	8.705654543813054	7.600792598678199
204	tsk_8593	0.0027598002873552856	33.783383615594715	24.13752681619613
205	tsk_11523	0.002127036636660814	36.71782885319511	30.415064609848123
206	tsk_2213	0.002651712017029011	36.09039347899252	4.900451751387166
207	tsk_6152	0.002148460123143562	29.76371039503352	9.181596000580376
208	tsk_2564	0.0021412495403796894	33.61020986307765	31.14684071240618
209	tsk_8196	0.002219438834264042	35.395824490844525	31.96710706916949
210	tsk_128	0.0024184070539075785	38.6317995224502	41.58010470582524
211	tsk_6771	0.002377922049047584	41.43743019767483	2.8331898701889564
212	tsk_8985	0.0023368069862004623	29.94369364600984	39.02160498093165
213	tsk_11487	0.0023559454126795367	41.55887111070517	2.4267935005251235
214	tsk_6383	0.00251015855505336	39.34052527625469	38.91629879206147
215	tsk_1033	0.002263228501171389	32.69194913979884	43.675104337286726
216	tsk_10381	0.0023991727520700293	26.050902699332653	24.75004777012285
217	tsk_1630	0.003740997442354357	17.582727453284	29.629700141172105
218	tsk_11094	0.0021601838948766975	34.06700973444821	28.89428603931616
219	tsk_5968	0.002616349025403512	36.02211701413142	39.36414298589389
220	tsk_1334	0.0023461717662835993	26.20253974051714	29.046305255033964
221	tsk_354	0.002731768019261374	49.0135815357959	37.03700508502106
222	tsk_4538	0.0022878556925888987	33.57985855185745	14.654531045798269
223	tsk_10596	0.0021794514254773936	44.599575632273286	19.26904251776651
224	tsk_3232	0.00254348862163448	26.013445306309627	22.793301080953256
225	tsk_2980	0.002314490523008481	44.220317657914016	42.21834569425866
226	tsk_9974	0.0022720824338081803	31.70308849433578	40.50456630428126
227	tsk_9156	0.003292629478408774	10.17876241880575	8.607260257440633
228	tsk_3265	0.0023111862798283664	32.40141837142327	21.176940003196968
229	tsk_10962	0.002347769726604002	26.395622614566715	28.337856213509724
230	tsk_998	0.0024313833300223546	46.35146805678243	8.256248150647265
231	tsk_8230	0.0022832325387054674	28.16075036239365	40.020193218817255
232	tsk_9133	0.002439714626310102	33.6228817289689	22.30707611856295
233	tsk_4917	0.002522690929424233	48.074005284408464	6.572201191783205
234	tsk_4388	0.002487726063285495	38.62110861998834	15.229710519013052
235	tsk_4637	0.0020605965526380283	43.38137578017708	36.90378853794184
236	tsk_7171	0.0027138941076358786	49.01405426018511	36.75836493455633
237	tsk_4818	0.0033674456032081693	6.506969173985118	28.255479705850043
238	tsk_2182	0.0026275091670503545	28.272555817722004	3.852508893386041
239	tsk_8005	0.0035330090317319796	24.17946450379528	0.9296647824591237
240	tsk_3395	0.002162267030121702	28.12800696780907	42.87152677067608
241	tsk_6536	0.002470610568908693	43.06668471207228	1.4505960367418125
242	tsk_4670	0.0024763001947796653	38.54833129805999	37.29827073987785
243	tsk_7220	0.0025085440965469286	37.39911505003455	5.111671175484193
244	tsk_10025	0.0026872824285489047	26.163223731855165	19.844148036839307
245	tsk_6655	0.0022099135521936935	29.103667332536563	11.843039554982225
246	tsk_6041	0.0021804131224211006	29.333849580971386	40.18177006547249
247	tsk_5516	0.0022585994981737523	47.8368091958344	10.312134527682684
248	tsk_8654	0.0023739354960466037	45.74800633053699	48.10867122059061
249	tsk_6027	0.0023825009676506203	42.84629540746124	12.855385247285591
250	tsk_6547	0.0023593811474269966	37.75057847263298	20.241211852224456
251	tsk_1495	0.0025614300231122265	36.520597109674384	35.786502507478765
252	tsk_3890	0.0020537200315721652	35.5312418844065	29.986678848211785
253	tsk_10400	0.002057215075512941	27.47411011887572	8.662776471295558
254	tsk_11697	0.0022139128190704887	44.89736462189356	17.086529740441456
255	tsk_3587	0.003269933023863047	22.223506691520203	7.923474897684881
256	tsk_8862	0.002298207359304294	42.7854764965835	30.517506076985413
257	tsk_8569	0.0022942582449101833	26.42280463772658	5.917011350483239
258	tsk_2903	0.003387668491176533	22.012753075927463	41.69059558457513
259	tsk_4852	0.0022888572393738446	37.7471800626974	19.24187909019573
260	tsk_3459	0.0022447883039978926	43.68730442389949	16.54140082701625
261	tsk_3572	0.0029108821934235355	35.158811321487875	1.5452607887608911
262	tsk_9054	0.002148109092600158	35.098888951167915	19.80375018271846
263	tsk_2141	0.002434377135062225	49.0088302581551	24.47938306955695
264	tsk_5537	0.0022237178371555424	44.646956223206494	23.375673954695102
265	tsk_3959	0.0025796047549018295	47.43729202921818	5.150889429966922
266	tsk_238	0.0023498830310140547	30.63442626286865	48.82101201184763
267	tsk_9901	0.002113092132547828	29.14963287220633	41.18422575497144
268	tsk_2773	0.0023630080119937625	37.48361136820802	16.223327637863573
269	tsk_179	0.002312637734578131	40.81642134424539	34.14512162314896
270	tsk_8755	0.00222194910493898	35.40383088185106	15.690918927458965
271	tsk_5657	0.0035991996067040277	12.0580609678791	26.36311180363401
272	tsk_550	0.0027120035034107677	46.2601377907338	1.9682147059351904
273	tsk_101	0.0033121468424028872	22.208609450060013	25.530977786634683
274	tsk_11465	0.0022964787040522226	44.1879808056363	41.92157735890942
275	tsk_10739	0.002363395611044605	48.42959340338267	13.274044760008048
276	tsk_9985	0.0022295221113079145	47.56777085404391	27.58630894690374
277	tsk_9034	0.0022417765834004764	27.328208302332865	15.23770501111418
278	tsk_8291	0.002224469313905552	34.09599122833346	15.548068322219027
279	tsk_5025	0.002151285605648589	29.350079252712128	10.468079724873787
280	tsk_563	0.0023069143367543924	35.51131757888593	42.9186429047917
281	tsk_712	0.002530383263448611	37.44249992595128	47.22991579980269
282	tsk_8074	0.0024123550260002056	29.183932215768525	31.53792003371236
283	tsk_6702	0.002280800088160841	41.72857920441684	19.51040761339632
284	tsk_10768	0.002380582142880135	38.83864786072836	28.917594664682376
285	tsk_7061	0.0021524464243790264	33.91998448058979	19.70572067139821
286	tsk_625	0.0023792968562455254	26.29402513039266	25.60520782451338
287	tsk_2845	0.0023596454609644824	41.89579807944173	2.384466885012665
288	tsk_713	0.002206469640703614	43.63231136415612	40.64897063319783
289	tsk_6587	0.0026469273632198985	25.171529502112868	32.430638307349845
290	tsk_2723	0.002511960581435291	30.39248965650468	5.139029045005335
291	tsk_11309	0.0024382874369175737	27.42287315858636	34.281352507098426
292	tsk_406	0.002175311942862077	29.44091598399598	10.90489751689139
293	tsk_2789	0.0024389666104546125	39.232676961687865	35.4315018248591
294	tsk_11817	0.0025392307975917747	25.865570071540592	44.8240797298137
295	tsk_3914	0.002273565875039227	41.53766037716374	20.710189602352035
296	tsk_2518	0.002328250177690475	36.32215629530216	32.44413612030821
297	tsk_10032	0.003634503252466737	14.262288644198955	45.24279565890883
298	tsk_10106	0.002265079450057877	48.28081461370064	11.332650385750483
299	tsk_8028	0.0022881805208962032	29.6895635221816	14.211238639966874
300	tsk_9505	0.002373635946698277	29.750300282584018	21.493308810520247
301	tsk_11279	0.0023545605530430665	34.497017524763486	46.47250848897987
302	tsk_2445	0.002617586220608106	24.57705141085666	12.652073788141452
303	tsk_1387	0.002133211737550895	35.2376210224999	18.554842026316003
304	tsk_8872	0.0036799909376914294	2.56203767208442	33.06317993261332
305	tsk_8879	0.0023308518261372833	25.68488478190056	6.535043729792773
306	tsk_66	0.0026746843103118427	49.23047766823712	46.26758287116541
307	tsk_525	0.0024373318454083506	25.232765943255863	29.509728867014573
308	tsk_8560	0.0023600112148856856	48.10137620489473	21.165265797258048
309	tsk_10508	0.002298732198693361	34.370669564291376	42.23327491264598
310	tsk_10162	0.002138450814509547	29.460995295609777	40.62620247629447
311	tsk_10846	0.00227072296127482	47.24645387849961	25.34498357096049
312	tsk_1956	0.00230233619395968	26.32401270409581	13.471822488931473
313	tsk_10665	0.0023584455799898385	35.40911764743486	41.58061396542049
314	tsk_2654	0.0022548307649977103	41.60975047523685	33.49078528987934
315	tsk_7920	0.0024110692608321107	48.01287580415656	30.67212419706887
316	tsk_8084	0.0023500772402630338	35.17014150267339	13.859973292046362
317	tsk_10894	0.002106127784727418	27.552908267269235	9.841366296383343
318	tsk_9289	0.0025345728301037975	43.23781690325321	1.1001684241491712
319	tsk_733	0.0023565080447110203	36.26417003418986	14.237289021993895
320	tsk_3626	0.0027161797864488275	43.75827279410485	9.257801246920597
321	tsk_5706	0.00222846387304528	32.31225307988669	31.570727794154013
322	tsk_11030	0.0025121608139280676	38.0983839132983	32.56674586194051
323	tsk_7147	0.0020889433443975957	36.32967730782136	30.252189745636475
324	tsk_11266	0.0024064633511521323	40.03243076785519	20.643177742749344
325	tsk_2936	0.002176615287590659	31.23621610127121	42.35600747037186
326	tsk_9299	0.0024953887803263104	46.80742231630367	36.00192814664836
327	tsk_9269	0.0023650525063240633	43.40390407721755	24.457611353305545
328	tsk_1271	0.003079350172771146	16.147503480913976	11.709884758432135
329	tsk_4230	0.0023538387372532845	39.26011410690747	44.69234458650121
330	tsk_7260	0.0022814344151889936	32.500951808839304	41.29234720844913
331	tsk_8092	0.0023601661990495216	27.359716654717563	25.09065806265607
332	tsk_10351	0.0023854548453742406	48.7919681151847	22.557043012316765
333	tsk_1338	0.002319424483465838	30.95718707961262	48.69192889866474
334	tsk_9701	0.0021339222578063925	42.516448815343175	34.4053919983734
335	tsk_7985	0.0036025734382778554	11.87256570214765	33.92063014797805
336	tsk_5382	0.0024386791800747837	40.461266610379	1.5393530558581432
337	tsk_4756	0.0022684275362621176	32.183183024927224	45.06015872380852
338	tsk_4403	0.002342876725272793	42.26428384174435	30.126367008144165
339	tsk_536	0.0033247289764521976	27.32377110552293	1.0634212700082772
340	tsk_18	0.0025199939377761327	28.863476318778226	48.61918954812026
341	tsk_10602	0.0020898924510009795	28.77414090749369	7.348957587585079
342	tsk_7213	0.0021232365780707433	42.61355016839678	39.02251067644048
343	tsk_4258	0.0022191198898983784	27.235796942406942	41.844534548462846
344	tsk_8296	0.002198998536633237	46.622945877049965	27.791304756674403
345	tsk_3581	0.0035458304760402188	15.15270233810162	19.537319397918264
346	tsk_6566	0.0022143607225499065	47.29959908560481	28.776771434278963
347	tsk_10448	0.0021503798006487144	35.69253709198393	18.41025387940669
348	tsk_9629	0.002270143943271098	30.304310957913305	47.651371487614654
349	tsk_3173	0.00230504693514761	42.523083552065806	13.83730003253884
350	tsk_4158	0.002339108738906905	42.8136077674167	43.83031857700151
351	tsk_5734	0.0022432875155831565	30.73470368725552	47.57327648032745
352	tsk_3401	0.0024649043514322067	27.20305365518601	22.74031765947489
353	tsk_7102	0.002474220455444781	25.378472660659018	25.20423978294869
354	tsk_5434	0.0024765403616787184	38.46700064708433	35.71452065668158
355	tsk_5650	0.002480086048858545	39.37380675836644	25.2823134207906
356	tsk_5917	0.002693496839648236	37.683130689410696	11.30907716502448
357	tsk_3667	0.002079703186706063	42.98969474830584	38.33133329164214
358	tsk_1780	0.003664748201929597	10.541663864388916	46.127001968017055
359	tsk_9292	0.0024101423422675126	26.563399494616508	5.14621865900853
360	tsk_9131	0.002428466949378078	27.780410206379003	28.730650050726503
361	tsk_1832	0.002520158262131962	47.15075012419227	41.63441124675408
362	tsk_2710	0.002076509263977298	43.70978950278888	36.92657513540862
363	tsk_3682	0.0024022291163558634	48.65411049599759	26.585625772162004
364	tsk_5287	0.0028090978896947267	48.32111869222198	2.8982695155098925
365	tsk_5342	0.0037535518839068435	18.47203397187592	1.818893730692628
366	tsk_8492	0.002260750376989866	31.52690484284987	19.041187980590315
367	tsk_7860	0.0030545653256532418	25.017124330723863	37.217367967040026
368	tsk_7486	0.002376350274709774	29.45530547104265	21.32590342550981
369	tsk_8570	0.0021675308825884142	43.52795472148357	40.02858008604811
370	tsk_2252	0.0034601388818603857	18.637215231014505	48.75324408564133
371	tsk_8675	0.002234848844333064	29.85564108168935	43.80213388872156
372	tsk_8037	0.0022304944626820034	31.79549594254477	46.43262739203275
373	tsk_3165	0.002297096015872102	46.60448022759671	17.966241874889818
374	tsk_1143	0.0022440748690236035	33.97471833847279	15.061541648550802
375	tsk_9135	0.002338861482452926	47.302343048915695	8.472130140768872
376	tsk_1530	0.00228113596913936	28.97554205916029	5.538199027982291
377	tsk_10644	0.002285370532301266	30.40294059370884	19.79560751048703
378	tsk_7231	0.002454876810116253	35.62147744303487	47.28224179863871
379	tsk_9336	0.002714534366394965	49.44385263041264	45.99313912863597
380	tsk_6931	0.002472015958205333	40.69642147880818	14.200170431486034
381	tsk_4679	0.0024531976480657532	28.51191728129953	25.536942987386485
382	tsk_8690	0.002766172999892641	32.61764178511555	7.278647988150989
383	tsk_7632	0.002779441852238799	39.319073783587896	48.955449676462166
384	tsk_5183	0.002470801698050705	40.41000419046036	10.087720938714751
385	tsk_11276	0.002252884755699107	31.435205791687714	45.891429957154905
386	tsk_7316	0.0021023741998463423	42.701827023517154	38.6932816903425
387	tsk_3012	0.002504435750208296	40.75585033402386	25.27931415972972
388	tsk_6705	0.002289325691616992	30.336017605454145	18.79643596548508
389	tsk_8989	0.0022747213029927233	45.951349555884384	26.967167594024403
390	tsk_3035	0.002272755095639648	42.84129668252714	14.287119329419616
391	tsk_281	0.0022776586497992176	32.00600699163642	28.87569060685184
392	tsk_11156	0.0027939298648657542	36.78007574804065	1.1166244815251465
393	tsk_8144	0.0031022441991383634	4.28429384639183	29.153446256254924
394	tsk_11149	0.002493564102086011	38.93931952665357	6.843863508978563
395	tsk_19	0.002437180432912612	40.82158866273184	8.547522094296836
396	tsk_6840	0.002337504073418583	48.14332078328991	8.61978479739852
397	tsk_6692	0.0021501034509415905	43.31289482742173	21.40186136606278
398	tsk_8728	0.003754789736091331	6.008007567246013	42.92905537122336
399	tsk_8289	0.0021328815619159644	34.4908210006773	28.945141034095684
400	tsk_7789	0.002416016567111207	41.36139893089194	16.561473878823318
401	tsk_10191	0.002445257488327568	40.936949065475766	9.573617614425306
402	tsk_618	0.0023336716021528734	31.657370652228856	16.90119908807257
403	tsk_10986	0.0023236741837109743	30.7861250207565	12.271562931510696
404	tsk_7827	0.00376250127236883	3.992791087741221	48.81757051200179
